Number of qubits: 40 
Profits: [238811, 955330, 826404, 588613, 647084, 767954, 367801, 348013, 629901, 619312, 611608, 487358, 727426, 556244, 356406, 808828, 18223, 36482, 191248, 494740] 
Weights: [563834, 629834, 521373, 257759, 513674, 577164, 560794, 417170, 556042, 415347, 680908, 675238, 141706, 557097, 574311, 589578, 584155, 684031, 278001, 512364] 
Capacity: 685017 
Capacity ratio [capacity/sum(weights)]: 0.07 
Maximum value for profits & weights: 1000000.0 
------------------------------------------------------------
Number of qubits: 40 
Profits: [676168, 920407, 840923, 476896, 906278, 76439, 168973, 938917, 6649, 669984, 589875, 995750, 930099, 129132, 738001, 922352, 374543, 564595, 20361, 824780] 
Weights: [594934, 649474, 636966, 371601, 539244, 485971, 392932, 647228, 428891, 645364, 183549, 288531, 562935, 476671, 661063, 583479, 381151, 662786, 663922, 376997] 
Capacity: 690083 
Capacity ratio [capacity/sum(weights)]: 0.07 
Maximum value for profits & weights: 1000000.0 
------------------------------------------------------------
Number of qubits: 40 
Profits: [905029, 570527, 740457, 698347, 710941, 227509, 849537, 627529, 481861, 67541, 705784, 834190, 16500, 335766, 258220, 968195, 970083, 533419, 606070, 213127] 
Weights: [679416, 219887, 706367, 793315, 821739, 790530, 706530, 460221, 469732, 760855, 355116, 743518, 765729, 784830, 408511, 629365, 625720, 562967, 836244, 184014] 
Capacity: 848997 
Capacity ratio [capacity/sum(weights)]: 0.07 
Maximum value for profits & weights: 1000000.0 
------------------------------------------------------------
Number of qubits: 40 
Profits: [550003, 68428, 489409, 166240, 808742, 689989, 556399, 451063, 568143, 110222, 679647, 882482, 626883, 963919, 69020, 609859, 610346, 253164, 220838, 892447] 
Weights: [605482, 560501, 560380, 759634, 418648, 645225, 581789, 644487, 719186, 539457, 310403, 686196, 696665, 620788, 671759, 486811, 398725, 587569, 513144, 299013] 
Capacity: 772008 
Capacity ratio [capacity/sum(weights)]: 0.07 
Maximum value for profits & weights: 1000000.0 
------------------------------------------------------------
Number of qubits: 40 
Profits: [665805, 623453, 353199, 745566, 779608, 13579, 97448, 148325, 757149, 738723, 597433, 855989, 40802, 394559, 394466, 741110, 933515, 293237, 490520, 293082] 
Weights: [584781, 299702, 524357, 372858, 425383, 564943, 665291, 586514, 637542, 690634, 630657, 339044, 612499, 529005, 453978, 691683, 278704, 685807, 364340, 114382] 
Capacity: 697419 
Capacity ratio [capacity/sum(weights)]: 0.07 
Maximum value for profits & weights: 1000000.0 
