Number of qubits: 43 
Profits: [776158, 247193, 512969, 490740, 733095, 944674, 373009, 424493, 505129, 299258, 465828, 782387, 603171, 390279, 134321, 383105, 121576, 60908, 699761, 744976, 275101, 495803, 171503] 
Weights: [194211, 600409, 513953, 694752, 179363, 567189, 452770, 378556, 520010, 272736, 661242, 659171, 695806, 628449, 384498, 620227, 717939, 328462, 508053, 333646, 408874, 335641, 747584] 
Capacity: 748644 
Capacity ratio [capacity/sum(weights)]: 0.07 
Maximum value for profits & weights: 1000000.0 
------------------------------------------------------------------
Number of qubits: 43 
Profits: [766291, 413755, 63214, 80249, 401325, 60996, 59037, 389497, 916911, 851204, 817764, 621433, 973055, 821765, 30813, 68784, 825728, 163335, 239889, 517764, 334031, 147330, 65432] 
Weights: [197167, 379913, 179178, 695758, 667581, 656025, 802183, 148668, 763515, 451872, 485044, 577938, 418204, 761441, 458489, 496461, 622107, 221259, 805984, 521866, 803212, 430016, 85250] 
Capacity: 808468 
Capacity ratio [capacity/sum(weights)]: 0.07 
Maximum value for profits & weights: 1000000.0 
------------------------------------------------------------------
Number of qubits: 43 
Profits: [428487, 232513, 423863, 63725, 444619, 716740, 853462, 459656, 197648, 697929, 812906, 486557, 936864, 142704, 359439, 911407, 723665, 224189, 380427, 451408, 944518, 486239, 408622] 
Weights: [385114, 482851, 724400, 498474, 466626, 714882, 644052, 502345, 520671, 360118, 295288, 255142, 547312, 635555, 610265, 389581, 599658, 448930, 260307, 722291, 677693, 579555, 646757] 
Capacity: 793196 
Capacity ratio [capacity/sum(weights)]: 0.07 
Maximum value for profits & weights: 1000000.0 
------------------------------------------------------------------
Number of qubits: 43 
Profits: [76879, 455443, 925035, 188216, 880888, 676852, 645854, 962923, 9727, 946363, 16847, 739444, 545090, 541424, 885710, 790608, 257241, 496658, 806546, 938577, 905668, 941634, 547778] 
Weights: [782962, 98544, 668701, 477254, 751300, 607088, 594339, 690668, 704785, 531117, 370977, 352348, 625475, 254078, 270151, 458788, 742883, 675645, 553215, 242060, 214946, 749043, 308280] 
Capacity: 803055 
Capacity ratio [capacity/sum(weights)]: 0.07 
Maximum value for profits & weights: 1000000.0 
------------------------------------------------------------------
Number of qubits: 43 
Profits: [122968, 12503, 267732, 986611, 80624, 654854, 887956, 137949, 568244, 825588, 931929, 115605, 389952, 901642, 615020, 580602, 306762, 721367, 958455, 14810, 885155, 971117, 864823] 
Weights: [651877, 522304, 790204, 352613, 832767, 456929, 402987, 425936, 584429, 597604, 835074, 594717, 164676, 368747, 694738, 445236, 838713, 730167, 411506, 770410, 266090, 696580, 334134] 
Capacity: 870502 
Capacity ratio [capacity/sum(weights)]: 0.07 
Maximum value for profits & weights: 1000000.0 
