Number of qubits: 78 
Profits: [766838918489, 123845395424, 399230705108, 393437062149, 534955901633, 179594974727, 458198787280, 265744299241, 128448635554, 728816124972, 651694185547, 514561667932, 435529251882, 699421915561, 208881531568, 741922989780, 169273344044, 844168903256, 876943229069, 60028995099, 113606785525, 709198230487, 88587418159, 391737094400, 828613611461, 490028109605, 898257747730, 887225044347, 370943211546, 103301699923, 408285630922, 566928197162, 3756171988, 231860313638, 890681334546, 130933701096, 401934479198, 20602453099] 
Weights: [566856306015, 658576674512, 268775139512, 602836742866, 393818289488, 602681805627, 679349772372, 495843348216, 575015663408, 438699905046, 607635704501, 604155324755, 430756446949, 514183456265, 210715843133, 710421577105, 538712342186, 682920427908, 266617428363, 545144849364, 671327727216, 689400972801, 356114890024, 714654520544, 116155936269, 661713927300, 698626403713, 377541027939, 527308441071, 140363335902, 455007212246, 395112122107, 587442201661, 574774965079, 434095755638, 562184176921, 559177767456, 580453127758] 
Capacity: 719446985768 
Capacity ratio [capacity/sum(weights)]: 0.038 
Maximum value for profits & weights: 1000000000000.0 
------------------------------------------------------------------------------------------------
Number of qubits: 78 
Profits: [439138760537, 30289942272, 205670099851, 121192903440, 478894766615, 948377036622, 68378269721, 489125177000, 213179765044, 229777653557, 78249044804, 594845314106, 537830698917, 945200537760, 144184779039, 92110100240, 981352271250, 150437670262, 738808235533, 753798187782, 162388104739, 100557025513, 982097160481, 878577145724, 685772551815, 13992442151, 140791732124, 564738342155, 593685779406, 661621736063, 272046337174, 941153222192, 105191063695, 796775700398, 483416350398, 193643985740, 864378509867, 166811579634] 
Weights: [416214653805, 299008424170, 375682171340, 165730034199, 569503100299, 639104098408, 239758427227, 625688037141, 454734980950, 523374297353, 515657198655, 578007801626, 372671219425, 160126197236, 280661989692, 314109631613, 545793134227, 545754567140, 618461965936, 427340517924, 377709515047, 588071555142, 483760697923, 572680123107, 380697296910, 510178061030, 600150088609, 176630329495, 381529431532, 516801962480, 437206861440, 481991361208, 545121320469, 618361718753, 537400315331, 560620265548, 520202676121, 640386623734] 
Capacity: 644850674505 
Capacity ratio [capacity/sum(weights)]: 0.038 
Maximum value for profits & weights: 1000000000000.0 
------------------------------------------------------------------------------------------------
Number of qubits: 78 
Profits: [93342938301, 655399108824, 608660675423, 716972218165, 102323634932, 954857615493, 161190779914, 485889956378, 179366620801, 342963525320, 381833460981, 829697897996, 210635237962, 634058069552, 713334787999, 290955826896, 889063694241, 65896999294, 66214643025, 257279004906, 115177132339, 646183071413, 473502468397, 884999905400, 363356504460, 909664966766, 435875625344, 503566404347, 127018603029, 779349871660, 292750715413, 710959584415, 744735046645, 65616532638, 309815275833, 201050253827, 590335299994, 298459014324] 
Weights: [634354237435, 753683521693, 616093119609, 414087358394, 705842088039, 627377968523, 693911289522, 522797770779, 550276736733, 456157570701, 503124335441, 395254109100, 649788621195, 221215984587, 575753930835, 422220773746, 666195031028, 630849309538, 637809196660, 423175014953, 529327103308, 744660325755, 668572023160, 268471208917, 656333329393, 719872313172, 538030572185, 525090102670, 644122434245, 668986603322, 392523439028, 460102989098, 532465102792, 515533288074, 297396281782, 773619887318, 329411659204, 567964428548] 
Capacity: 774406104481 
Capacity ratio [capacity/sum(weights)]: 0.038 
Maximum value for profits & weights: 1000000000000.0 
------------------------------------------------------------------------------------------------
Number of qubits: 78 
Profits: [678332058941, 130188314142, 637160800159, 486207378545, 541906830898, 584611111551, 702040674013, 827480448989, 111657832953, 476814663041, 953675255713, 974299619002, 250522698436, 2049897110, 10883862538, 2583596653, 876325158895, 404736972235, 220315255075, 908265746377, 743184947228, 478642358635, 97771701463, 960834535950, 484304181621, 333866469118, 407153593148, 87054838738, 809111918361, 425507629993, 151432337870, 548496815959, 865712980588, 175784151920, 204250022035, 374334656638, 706346436661, 342606872383] 
Weights: [363722625984, 489007672797, 508516933264, 404565563699, 239141367789, 527737703859, 500375156138, 373166061928, 565549782678, 275283583425, 449853031056, 390000358226, 289872668079, 552357630316, 564060065384, 454340755271, 521696630099, 389199992307, 384574944831, 580605635222, 454558824314, 295152891031, 456431468863, 173328496262, 470823152469, 438162646680, 478282996936, 447485683906, 453359543254, 306773359290, 424587835516, 452260348515, 279346794668, 574988577448, 450075688231, 567189506298, 454720517975, 590016420383] 
Capacity: 608441058485 
Capacity ratio [capacity/sum(weights)]: 0.038 
Maximum value for profits & weights: 1000000000000.0 
------------------------------------------------------------------------------------------------
Number of qubits: 78 
Profits: [963150124676, 233553211407, 170510336436, 280888152462, 500697570625, 543304732607, 638772279241, 893268344474, 430436076481, 415834133639, 270629265951, 582790445521, 861876237202, 57826934406, 686537557802, 914204119642, 531981344909, 144246323089, 657789559918, 343348889348, 760472622270, 830808113002, 208320458062, 878195570156, 106721314724, 208480842035, 959590970820, 800330002971, 607157559845, 378037421131, 182690718677, 322228689124, 413322327470, 890039106090, 347205842663, 700603383905, 27675718275, 508490738329] 
Weights: [676889483185, 707078081540, 499980543815, 781319136619, 363153395359, 758535780630, 808453905053, 416813383750, 685902567200, 595197940612, 710833353833, 753629997435, 631605174446, 792531136287, 370734846148, 179646334644, 673162224519, 773282662953, 796250168162, 714917970172, 299822107833, 585703847342, 736418366525, 526354305090, 510132574858, 563489885604, 269844504884, 669641893281, 488997236554, 619913941515, 800071341323, 577707977393, 488447287563, 333626579219, 424922470164, 276491763241, 431060193068, 614255312835] 
Capacity: 809209985317 
Capacity ratio [capacity/sum(weights)]: 0.038 
Maximum value for profits & weights: 1000000000000.0 
