Number of qubits: 85 
Profits: [288082536434, 558287416253, 367448994053, 20844125811, 499877199556, 68005653839, 716743804391, 383801560876, 170375823939, 22243200599, 627076217953, 540707745107, 571901006142, 480842589515, 407082647856, 893318666194, 175808993819, 231715583335, 965155376711, 105716700387, 749778677723, 51102807631, 800900678386, 324704952421, 759617724403, 705408499636, 266106345315, 125556983806, 956732998562, 835972602837, 799656260610, 204414554086, 786205167607, 136656491408, 862359189705, 14184755660, 230866390765, 35006248378, 978743201765, 808527179266, 63286513124, 361537541734, 549786141701, 759737032121, 77221833889] 
Weights: [677951055878, 332776577725, 643347785665, 424453621855, 212196786466, 232324084570, 231706557589, 360956559899, 176870546890, 470517797370, 483808329266, 592952779278, 589422074505, 626602947054, 521169279883, 373148865137, 483898023705, 267776989171, 385488341851, 296367296361, 422938807754, 257720119484, 319772137127, 638618397394, 251432007953, 317820645183, 277711274482, 551914894543, 271249816785, 360665531090, 554212889905, 422359771585, 404625464760, 555347520146, 301396359043, 230050943564, 596697470312, 359415931529, 604455220144, 592493005555, 431514399985, 469224779151, 661639454011, 178580152810, 542874047455] 
Capacity: 700092100633 
Capacity ratio [capacity/sum(weights)]: 0.038 
Maximum value for profits & weights: 1000000000000.0 
--------------------------------------------------------------------------------------------------------------
Number of qubits: 85 
Profits: [887966958360, 431298318103, 360459599420, 946796595573, 24826101204, 249919370744, 392802322510, 775449733333, 359714536195, 272745423529, 140980127362, 786327096564, 141661449040, 308492698796, 775845057275, 308550513703, 39743803651, 234844265840, 304542288431, 985439249349, 192424514654, 308908345344, 388532433701, 378303401483, 497532381392, 474759025770, 357971740647, 388725307505, 627101921926, 567273803124, 50178789250, 192558485568, 640929043641, 817213642006, 105675304015, 138474431197, 387006794069, 488979875686, 483042652358, 214644155616, 56531153751, 639095957066, 516959365185, 618591846096, 441108004312] 
Weights: [863591435540, 810804892664, 780063713673, 678953131657, 169316244918, 700491208334, 138353067285, 839061699078, 861950096133, 779503877109, 418981086935, 129888297811, 530659789622, 385151683940, 649563459454, 197849734559, 280173804393, 357763528686, 557692902591, 416934909367, 635101826167, 835244103018, 669063269441, 169791042017, 439234783213, 592193827932, 532932766016, 138686359879, 382853309908, 645488029237, 526026626902, 197974182301, 816810615355, 313824350410, 95272585146, 762623611205, 535876505017, 825489701598, 311936187804, 302037538895, 819091711584, 788792015685, 711611502039, 119951334086, 708666700078] 
Capacity: 863735551489 
Capacity ratio [capacity/sum(weights)]: 0.038 
Maximum value for profits & weights: 1000000000000.0 
--------------------------------------------------------------------------------------------------------------
Number of qubits: 85 
Profits: [518628070421, 498395533881, 977969649085, 745784252187, 868405832756, 908721265006, 476526464307, 642677343767, 457308170791, 198319225068, 734067866047, 899487594310, 18717239918, 558866489472, 967893030426, 567671615469, 500005269512, 15744404480, 87839440680, 18804765669, 778229018178, 644752241569, 250635114490, 809302288702, 31807386346, 54987170930, 739468205806, 809371314365, 598892615134, 409498781703, 574251717333, 430717958437, 738212850804, 591398733880, 358189817058, 272225377963, 194021406584, 229254351135, 742910606946, 196855001909, 332218401637, 556619369845, 782512608968, 297434881290, 161098968440] 
Weights: [530796778122, 746270532550, 493241377156, 333423559071, 703769190500, 216791795896, 541461475581, 752832560966, 280452591770, 446511154172, 500266657802, 512921729032, 668837470583, 393889797573, 614051644215, 652389265640, 378559660751, 673353929529, 456144548494, 397303971632, 640570702444, 508770413333, 368914856538, 556325341383, 172418879405, 494454101056, 811122525508, 754910331427, 256570238339, 494110845745, 579586700423, 568866273347, 295901272783, 798729651130, 794942055780, 249541579470, 112887477984, 822125164864, 485487492074, 156715048144, 560179255600, 584715922057, 594856100701, 511525546710, 174724097111] 
Capacity: 853834918801 
Capacity ratio [capacity/sum(weights)]: 0.038 
Maximum value for profits & weights: 1000000000000.0 
--------------------------------------------------------------------------------------------------------------
Number of qubits: 85 
Profits: [312479776026, 285190163519, 254555994750, 569102935066, 334216530298, 870183951296, 886553453494, 443425267503, 102821191913, 628557732543, 107943802250, 396247583516, 131120138177, 926736535865, 960140061521, 185900147878, 534058500927, 207619985226, 70328809868, 758038692940, 760032322995, 94023797479, 159561543346, 381228609484, 1959824804, 671478850491, 876372251488, 938323233874, 188756371138, 330459960222, 490549185955, 913544345346, 660667203512, 70903935468, 913740050935, 288424119549, 331144905556, 954880238572, 106033071320, 247364930551, 198518076618, 355181589794, 920076356604, 673831238198, 288587326837] 
Weights: [259470464354, 357749947180, 757841367481, 537744892027, 937433852672, 579919419143, 354840145041, 764051770461, 361384231309, 792045642775, 365985587726, 433062267020, 156342999352, 477745958704, 871523111746, 671937627037, 863567389937, 942181677058, 951182438519, 294627541898, 264724558168, 885343104212, 457078672418, 295836113473, 618662042872, 648803897105, 884101751704, 664566264509, 421134801756, 937374319423, 491666759333, 677634839113, 832743448210, 269673813967, 920559743902, 614750965132, 457107493603, 377342982776, 590898824188, 173804090534, 302639900147, 564284221106, 822607612731, 328563825050, 951828441223] 
Capacity: 959323449192 
Capacity ratio [capacity/sum(weights)]: 0.038 
Maximum value for profits & weights: 1000000000000.0 
--------------------------------------------------------------------------------------------------------------
Number of qubits: 85 
Profits: [533428642875, 519536598001, 6809835170, 774798011649, 180618282604, 300649122421, 751131701943, 304459671858, 721490557848, 141533359163, 527560511440, 891818576944, 79913679792, 354416884517, 743120831782, 151970151110, 973303174675, 290662701671, 887223203948, 528200998443, 154527779920, 85061037496, 43050320298, 871829318061, 542760798141, 859259262680, 285816414560, 920627794059, 183986414780, 339792411170, 914573242567, 226338224353, 275004383279, 794405065484, 293532304666, 267840303252, 599582948227, 647006327208, 541744618994, 126676161688, 308686382910, 728413200383, 334205631907, 949507417609, 251057337465] 
Weights: [634328540989, 339262538485, 470987910175, 542329124459, 264439033326, 349306724958, 344146589025, 486279607898, 540727564691, 526780341180, 576692275742, 479381690432, 762098658441, 820589005293, 621896363461, 827826810335, 348512608263, 588853362150, 302725437145, 734486998633, 360369182817, 761702737034, 275629126900, 366670356614, 626277517258, 490981708438, 359394806939, 748599399230, 498716859345, 288713003865, 304534658266, 365625083507, 462966891009, 302039800043, 618436727231, 509911553844, 566013739821, 506041021165, 807963980892, 439928995565, 212335045017, 677984843397, 226067040768, 599013156401, 705678347285] 
Capacity: 834387996547 
Capacity ratio [capacity/sum(weights)]: 0.038 
Maximum value for profits & weights: 1000000000000.0 
