Number of qubits: 117 
Profits: [836591014606210151, 269881445515209856, 241478860371727235, 322698884552487630, 31820727990333141, 454281908543502264, 193028851788370434, 807635902317891953, 428863036851513131, 400948155262500019, 259105729952963561, 951205222440743584, 12520881364250432, 545341796437980932, 606528110810568552, 40174436608059919, 231291446414643282, 34483091739385314, 715904990496607330, 653373020316587459, 213111321176573957, 478080416499707919, 267521878613866338, 464793660267812829, 873057285769595342, 317415506205598075, 21235672524039278, 265580020443629233, 483131324927242952, 329003107016446719, 330601627776903991, 490578034421684004, 934909799930776639, 440951258499455591, 656658809948940363, 428687460457445600, 542394106181873567, 429935114304294904, 435807245171295415, 443472385391868786, 547501757100813623, 897522890059607587, 837630134914548725, 635672713616339154, 208133818958271362, 385709585775462720, 974429144289347202, 447560715227791118, 293755060785731920, 103552885266557957, 793566658051372888, 521355443853996936, 960040792130456907, 560750435470712943, 398919004846859835, 169627727184699737, 337323013925569028] 
Weights: [828527100825574764, 701791564463933283, 281105154370408156, 30864137908089240, 630134008657488703, 736163240810144409, 288794542522954224, 612397479903067094, 708061121498538326, 703477583756844608, 700891006051832104, 685384038151197022, 645666676693357690, 610236345484089494, 498677689743578203, 431576535454839390, 605650228733712155, 571288172291019558, 730610293858177166, 713463078980843613, 629779205335758332, 375311056889783468, 713163374408823714, 569364158499323222, 594871680838998395, 613563835990210074, 388815174766271734, 635044857506066943, 703962156716944816, 435256581055804627, 821825287248400623, 544055678530728397, 287464679063210486, 326564789840023911, 444385750916247612, 204583671805686870, 628272291828086806, 576388821990505873, 652189839620112590, 427458063995271414, 502922426022411527, 481930515203346550, 366302767139709212, 480582110692036636, 525668346031675187, 576027123037807613, 697618303718368109, 785954939776316893, 393287296423924020, 479078201185099193, 517611451181021123, 808805757152955100, 255009860430844678, 504373067541042065, 810313244322587338, 436056859330325196, 169695556385439363] 
Capacity: 834655806014827520 
Capacity ratio [capacity/sum(weights)]: 0.027 
Maximum value for profits & weights: 1e+18 
--------------------------------------------------------------------------------------------------------------------------------------
Number of qubits: 117 
Profits: [839557755439408250, 776957681735876463, 695553055853087847, 700865439703305370, 67635012329924319, 246405006535854813, 183812853036736627, 432089497332195135, 903415129865155521, 45180209865618904, 604144666883824850, 962778350697194011, 793633920573618744, 10258180774996046, 321274834922591694, 370827811369162937, 691267944176781181, 340815544603571450, 358657431473205098, 746008971149635636, 684225287552507729, 979086691580019259, 870558604006227844, 646870469670408386, 968106103554860495, 375794713096327759, 140369211347308149, 601148424418860471, 707604395508690011, 691634738214919084, 491318633145201363, 365159019942418778, 998051583413205189, 228732059117361035, 934613128506729934, 828985963170423242, 583400219107136350, 807703837520249336, 149145897273643140, 72507419912686683, 593301908944055783, 187203979681957021, 689845242550699186, 3296845442085931, 940503639888511826, 707555174136379676, 771720035734516667, 335526876024497479, 152559391334307271, 493723689947553943, 22007533153191722, 548728654540943882, 91862232642176951, 784681002314812561, 967790869463212988, 313891690721840071, 903824997660369996] 
Weights: [183881358479281884, 495097078752944852, 658067475269724797, 438366503923384534, 560378059991017348, 591992998041032415, 428797803046539020, 155382349104793809, 468425426225815611, 470537755974600886, 543641631249828229, 620941219052111245, 388389621467148884, 229837114697192887, 474537474680378946, 512303091086211275, 486873637030693186, 148119934922208771, 571689462130626103, 444016051251275376, 493552308301013409, 639396912957323043, 390935115325631520, 578387012672282442, 365216717834282687, 738853537710418853, 507461271230851309, 530174785743431342, 631098599647428246, 480732164762527019, 421447589632573507, 324950499013305944, 686403678678484281, 408723497485060184, 609268634796679580, 651174865435111590, 382406567258602996, 638485063466853967, 399299865782461660, 349844667072971553, 646021503809398604, 421242750323655894, 688096531359857829, 166004115170864310, 330373586002649374, 664434605936840480, 522917538587382628, 720569093757909478, 478755369746413593, 404240084262210313, 714422050283663527, 558201927338998480, 366873151102315928, 653638546687920715, 347268055094442289, 678887125340719140, 639862875875087589] 
Capacity: 741587857596777216 
Capacity ratio [capacity/sum(weights)]: 0.027 
Maximum value for profits & weights: 1e+18 
--------------------------------------------------------------------------------------------------------------------------------------
Number of qubits: 117 
Profits: [385799270819465835, 366045398934686859, 422763433506520064, 331453810907161652, 286251643167983778, 649189348434615294, 737360771251376781, 630091540212296367, 533411222686448256, 658725113179818876, 785262223992275671, 653400331782171927, 988893260427444824, 20929452322647468, 940680177269610035, 288203408383279324, 331406651881078172, 846924553017228775, 827503616888371032, 433353734345331080, 111431234660596426, 893774132308310843, 698833672373432540, 746489387119241360, 247592915334538856, 450890922173845282, 11680674684335444, 618485976553844825, 816891883489693283, 995183221708286225, 750764500765310091, 237315174717429212, 19357670133229760, 622852073071035526, 347345837733418023, 15537385757483969, 572916014922556186, 27856148407359598, 532085523748614751, 654502841236419753, 248295068348420505, 605117138989815365, 74882500471733060, 849704096454114843, 475470563815495082, 51213215032769566, 116264044836284908, 141672481431961035, 555837386211935997, 930307010622028201, 507817253095475831, 299611892856046293, 228127140045179528, 978803151788588268, 93249332645778112, 354078323515315442, 652709979530751540] 
Weights: [717002924490581031, 415395730004630694, 599198282744877099, 336863138604003220, 737619518277794932, 644087229583970937, 432179595896047673, 461620277843310475, 674326283430723215, 642200973186508619, 443555397249715890, 528619598216191046, 662919599161329487, 321615265470972182, 393403357324944874, 534601610131207216, 719002017093529250, 250214700164900750, 550848933299526255, 552791908183284726, 482909645905825719, 130689943620128130, 737251343588852422, 590003773768893202, 236127783973533414, 501346687635194594, 434613691929606930, 569752392999075412, 547914494782661277, 399611129855991414, 633763032422624776, 636234309669472572, 453996338828060173, 436911176261325187, 717405819099986054, 95985953208695057, 705682140100829338, 502776385380270119, 331758056124652342, 592171713795212085, 387923778425875014, 483791489107499092, 518665148150023183, 351962134760103009, 735920542871041127, 652574602741669894, 304237299718681505, 456031836028384795, 324278882936779242, 428930895313496850, 153639734850433195, 625225712654406025, 341634101651837871, 600067470418253082, 440405940422938981, 466434082738342403, 659854330378524473] 
Capacity: 746242831243172480 
Capacity ratio [capacity/sum(weights)]: 0.027 
Maximum value for profits & weights: 1e+18 
--------------------------------------------------------------------------------------------------------------------------------------
Number of qubits: 117 
Profits: [371553348426086568, 134695857808393602, 670960574812882619, 492222357508009822, 977652596400628568, 459619589261675842, 648138237316742958, 17719453903050118, 701851974440983737, 456281168925978559, 315217076852510571, 351308599631567783, 857759550214032579, 794262651746228559, 260352923294278422, 431572708109423635, 882176158217514783, 625396593903560827, 528067146986555987, 342691382699892728, 147704076155895359, 352535379342475026, 461770372993453226, 799451908713131559, 960191815046736319, 309905335855328126, 870398697402615978, 862582067162484479, 561004095873922045, 785188157487271191, 920594763438712682, 514259999347332710, 228169229819984718, 982114264182794972, 587247829710493956, 760939059265422710, 22893835429585085, 964233746125969949, 810813859323579833, 209240267316997016, 116994649954788318, 274631374337458108, 985180789986431093, 514712782038991609, 995373540090743814, 440777343908833000, 8617369181473161, 304104512724516005, 677499128931761859, 209534618443247799, 924030693393717370, 874896656506797957, 428225743945165403, 490407617477395578, 498043609010400037, 765198584818556428, 529349520410509770] 
Weights: [743421904305412755, 240542022628078537, 202077152633864072, 389996565228418649, 386341451250672861, 259403128118485783, 689916949057975674, 449501459766829396, 237913656213387585, 674104430181431277, 566438911513609486, 429029525717141218, 451705403193149748, 169357977304192199, 493515317501752579, 552137902135256208, 231953246186443059, 374081001077912799, 670428220522215465, 527198609665543696, 612758480760148317, 376120879288837678, 354444814423470122, 679676759993730585, 684766277933957878, 551531044866825543, 661545774716256971, 562516257598543879, 500146872876578121, 679896805813696846, 218318191065161686, 651197347667152745, 636686208494614490, 481126869628677942, 538741311336850581, 264988974227474163, 531133923359924467, 620893998921640127, 399229890052216777, 569102757306278710, 555473081981836618, 265352450279519225, 707050525260577888, 583873831957966125, 705739983266306309, 171176702022985051, 753378051938366465, 639462087565275354, 504963404180574083, 608985156920860845, 681272213634823154, 600016809367466306, 419387201259828437, 416266519837333193, 412148581567767209, 719562685102763677, 226365042689137049] 
Capacity: 757867262279473152 
Capacity ratio [capacity/sum(weights)]: 0.027 
Maximum value for profits & weights: 1e+18 
--------------------------------------------------------------------------------------------------------------------------------------
Number of qubits: 117 
Profits: [855785098847692187, 82881036489548411, 879013769362496939, 733257788398517838, 86590732408657722, 350431682578722280, 328569344738488844, 247175726396420612, 468206464143479826, 546133513321212505, 676369941494235161, 345678982392435773, 241180282257812851, 303026233699459988, 249146819329265835, 584778179838701457, 666958448455073749, 405915261745075327, 705897412740726327, 589508357439947476, 557139871243003553, 240668389011409085, 794464880976529720, 736758154556436235, 925269981931282488, 85027075342885211, 739271033481053833, 670503599227168689, 936564438372302753, 762188624803853336, 469470175900725320, 794089868430766660, 474672326356600466, 767163198534260461, 796633019049990393, 704623925652623010, 889535486231651760, 138189561193628963, 871682510466817925, 318326920288544839, 791319408891107904, 756421369689935536, 767768979545234692, 151245230424634002, 816067845824508978, 820276900944612525, 782553701489613396, 547778097323416469, 836443506212396620, 101138943475394918, 688330744480061135, 390555434485716577, 357087553213444482, 963376880048195732, 110222535004960377, 712783399028538527, 172953342719502117] 
Weights: [576219905007171433, 352916465022387326, 556788262652983814, 803623767716121756, 429628938157907661, 699525115822242432, 812180569747985185, 760237756490953215, 388034719833193079, 308183133317022375, 551083244055906893, 589077812774651045, 723021253506361785, 809655063012527362, 596326522296421399, 284345613376871343, 564220010226582338, 613617968506156665, 402023338508487151, 310534030711296762, 671324451306239767, 706640360779739631, 640217964573569569, 354296048052831328, 86699612977316973, 154112853731267812, 494557458959073178, 822567204695082728, 342783656426901364, 472790147090190863, 753817041686971427, 474890779010569583, 313925187445814552, 320484297061777901, 384530487663280220, 608932148595337517, 359641522027961582, 740418677754970344, 744290327280022512, 681812338017540632, 753627241447395089, 631132074790412375, 780454903137474063, 467098119109309810, 713324881879360050, 817756895019016876, 661809380679622901, 269446697547895097, 309887920765090952, 701279669790085340, 577501279475471051, 768585664546188829, 175261855050529886, 457074577851315850, 479851348680186482, 718491518792392259, 183273524673807616] 
Capacity: 824823102652465152 
Capacity ratio [capacity/sum(weights)]: 0.027 
Maximum value for profits & weights: 1e+18 
