Number of qubits: 30 
Profits: [681, 994, 696, 770, 323, 937, 252, 135, 536, 937, 657, 770, 510, 89, 203, 528, 23, 4, 903, 951] 
Weights: [566, 499, 283, 295, 460, 590, 650, 795, 720, 204, 808, 279, 616, 618, 615, 331, 189, 282, 289, 392] 
Capacity: 916 
Capacity ratio [capacity/sum(weights)]: 0.1 
Maximum value for profits & weights: 1000.0 
------------------------------------------------------------
Number of qubits: 30 
Profits: [395, 231, 612, 791, 542, 641, 451, 641, 9, 982, 866, 855, 477, 801, 342, 159, 123, 954, 491, 530] 
Weights: [98, 598, 504, 556, 585, 262, 723, 350, 737, 455, 282, 488, 184, 173, 817, 238, 787, 295, 86, 532] 
Capacity: 829 
Capacity ratio [capacity/sum(weights)]: 0.1 
Maximum value for profits & weights: 1000.0 
------------------------------------------------------------
Number of qubits: 30 
Profits: [433, 236, 108, 102, 518, 403, 41, 430, 18, 683, 95, 215, 501, 730, 824, 529, 711, 978, 333, 868] 
Weights: [690, 908, 441, 823, 845, 624, 21, 42, 347, 71, 810, 498, 835, 694, 161, 717, 653, 312, 218, 370] 
Capacity: 972 
Capacity ratio [capacity/sum(weights)]: 0.1 
Maximum value for profits & weights: 1000.0 
------------------------------------------------------------
Number of qubits: 30 
Profits: [597, 802, 823, 153, 739, 546, 301, 564, 945, 685, 358, 181, 829, 33, 340, 539, 101, 787, 973, 376] 
Weights: [248, 702, 877, 708, 824, 605, 849, 835, 147, 854, 376, 327, 397, 741, 473, 45, 162, 163, 479, 232] 
Capacity: 981 
Capacity ratio [capacity/sum(weights)]: 0.1 
Maximum value for profits & weights: 1000.0 
------------------------------------------------------------
Number of qubits: 30 
Profits: [926, 417, 687, 14, 164, 253, 198, 46, 221, 372, 742, 626, 839, 621, 899, 701, 399, 891, 352, 695] 
Weights: [232, 306, 450, 616, 501, 298, 643, 205, 712, 467, 749, 570, 500, 757, 251, 336, 212, 601, 438, 818] 
Capacity: 885 
Capacity ratio [capacity/sum(weights)]: 0.1 
Maximum value for profits & weights: 1000.0 
------------------------------------------------------------
Number of qubits: 30 
Profits: [697, 161, 961, 921, 2, 754, 182, 750, 963, 482, 952, 358, 705, 945, 625, 861, 974, 979, 808, 557] 
Weights: [873, 278, 213, 646, 837, 708, 134, 176, 673, 214, 488, 723, 186, 143, 501, 457, 677, 189, 883, 563] 
Capacity: 900 
Capacity ratio [capacity/sum(weights)]: 0.1 
Maximum value for profits & weights: 1000.0 
------------------------------------------------------------
Number of qubits: 30 
Profits: [66, 101, 996, 363, 156, 814, 699, 720, 239, 400, 106, 671, 39, 907, 439, 2, 754, 435, 277, 164] 
Weights: [36, 235, 308, 276, 758, 655, 363, 355, 73, 771, 1012, 976, 974, 399, 883, 517, 1007, 264, 334, 620] 
Capacity: 1022 
Capacity ratio [capacity/sum(weights)]: 0.1 
Maximum value for profits & weights: 1000.0 
------------------------------------------------------------
Number of qubits: 30 
Profits: [799, 840, 840, 246, 216, 76, 264, 418, 97, 760, 532, 660, 925, 511, 981, 379, 462, 956, 833, 796] 
Weights: [828, 222, 256, 880, 609, 207, 191, 158, 273, 238, 870, 805, 431, 545, 704, 495, 776, 238, 200, 514] 
Capacity: 899 
Capacity ratio [capacity/sum(weights)]: 0.1 
Maximum value for profits & weights: 1000.0 
------------------------------------------------------------
Number of qubits: 30 
Profits: [763, 923, 725, 814, 916, 680, 276, 463, 856, 992, 248, 142, 786, 121, 773, 365, 887, 266, 156, 36] 
Weights: [130, 68, 613, 498, 140, 261, 361, 862, 209, 563, 439, 299, 569, 812, 825, 738, 438, 696, 662, 373] 
Capacity: 919 
Capacity ratio [capacity/sum(weights)]: 0.1 
Maximum value for profits & weights: 1000.0 
------------------------------------------------------------
Number of qubits: 30 
Profits: [263, 184, 109, 198, 541, 711, 142, 291, 257, 105, 971, 142, 512, 799, 316, 781, 283, 360, 835, 427] 
Weights: [162, 782, 867, 303, 290, 806, 609, 255, 544, 646, 121, 661, 553, 847, 376, 195, 132, 423, 315, 279] 
Capacity: 889 
Capacity ratio [capacity/sum(weights)]: 0.1 
Maximum value for profits & weights: 1000.0 
--------------------------------------------------------------------------------
--------------------------------------------------------------------------------
Number of qubits: 50 
Profits: [837673801, 110462079, 757380570, 228763651, 889949299, 933697551, 459357419, 447344107, 317887667, 190230449, 83450860, 889045943, 124958123, 615466787, 627723903, 620541028, 531020068, 496921436, 945272743, 950284998] 
Weights: [104047345, 676002437, 646457685, 877949533, 862824220, 213894052, 91363818, 465462185, 720970780, 884957571, 390463858, 320756318, 793366343, 87855236, 697849077, 117893840, 580907855, 166519626, 432153025, 568634448] 
Capacity: 920403805 
Capacity ratio [capacity/sum(weights)]: 0.1 
Maximum value for profits & weights: 1000000000.0 
------------------------------------------------------------
Number of qubits: 50 
Profits: [872976779, 890166802, 54451115, 16399184, 41819605, 10586300, 291780885, 485688207, 851118584, 987242828, 248600767, 741116387, 793631866, 815485463, 49543090, 836940662, 11337589, 527068722, 935123786, 899521764] 
Weights: [824350946, 584785470, 418973009, 268082317, 714787595, 570147357, 638951509, 403657511, 946480880, 365890581, 985319975, 288067814, 229844802, 502159289, 596329143, 1017657218, 126415030, 377220094, 414849997, 562364445] 
Capacity: 1030074979 
Capacity ratio [capacity/sum(weights)]: 0.1 
Maximum value for profits & weights: 1000000000.0 
------------------------------------------------------------
Number of qubits: 50 
Profits: [654803773, 214976042, 652719226, 325836214, 820886257, 306590411, 69998301, 830716505, 413312294, 538698098, 334874667, 37480520, 551856695, 863947964, 424760258, 445326242, 278167586, 144235665, 280924794, 336873454] 
Weights: [538493999, 871864006, 505484081, 538690462, 736257565, 699445450, 388862204, 117203909, 433248040, 59666395, 873500267, 268718177, 539200850, 543758385, 223593790, 107567623, 350547692, 515122459, 702614001, 175765740] 
Capacity: 902628763 
Capacity ratio [capacity/sum(weights)]: 0.1 
Maximum value for profits & weights: 1000000000.0 
------------------------------------------------------------
Number of qubits: 50 
Profits: [582953808, 928663984, 258078118, 679426982, 472446713, 815794239, 820817257, 84710209, 731540284, 549665182, 898714899, 907607422, 757727118, 635215011, 995645345, 248770070, 601294213, 618725799, 29225850, 659682754] 
Weights: [337493880, 420514351, 216101795, 84586378, 603017737, 198352874, 170889472, 277378167, 768780182, 813199747, 286579218, 283774530, 624241216, 536763278, 693993323, 460246233, 691487950, 337903947, 406907167, 139574467] 
Capacity: 823702275 
Capacity ratio [capacity/sum(weights)]: 0.1 
Maximum value for profits & weights: 1000000000.0 
------------------------------------------------------------
Number of qubits: 50 
Profits: [633309330, 863039901, 858296582, 982664393, 525491396, 87423915, 219646474, 305478702, 104553282, 861823174, 326691626, 938415034, 990188358, 319504716, 674571694, 131525290, 23218045, 469386319, 395131256, 94310316] 
Weights: [61114460, 838461860, 497620980, 844264115, 558384134, 482706435, 385616689, 458656183, 474766903, 748527786, 591087508, 152768459, 389268155, 852159833, 946602315, 926688734, 122692044, 32182389, 683171702, 79943368] 
Capacity: 1005054750 
Capacity ratio [capacity/sum(weights)]: 0.1 
Maximum value for profits & weights: 1000000000.0 
------------------------------------------------------------
Number of qubits: 50 
Profits: [367617646, 739687660, 762444860, 185320074, 745094592, 365469998, 491676509, 110271616, 703393411, 347925594, 92045583, 933532938, 969965549, 755543961, 563252351, 28126980, 616951235, 518652147, 579876275, 673926568] 
Weights: [435064282, 588772985, 46023810, 471542526, 408689721, 705475495, 54608580, 284788912, 920929707, 496224439, 875040739, 289725746, 892954107, 192343578, 56980177, 808638571, 846914329, 438331578, 876510666, 257089553] 
Capacity: 970180229 
Capacity ratio [capacity/sum(weights)]: 0.1 
Maximum value for profits & weights: 1000000000.0 
------------------------------------------------------------
Number of qubits: 50 
Profits: [357288867, 949871833, 293123451, 938710706, 262551784, 838800213, 46772358, 961364600, 609620437, 410745561, 792294505, 47258807, 234188231, 491780707, 826061704, 885585124, 384388961, 401201027, 792699876, 909804370] 
Weights: [559393576, 390184383, 61795959, 224237905, 300875844, 682384552, 456484373, 241779164, 646354479, 236617665, 264171002, 154206038, 562162166, 424069919, 406971217, 348422063, 318455701, 544359162, 496160784, 459621845] 
Capacity: 735753958 
Capacity ratio [capacity/sum(weights)]: 0.1 
Maximum value for profits & weights: 1000000000.0 
------------------------------------------------------------
Number of qubits: 50 
Profits: [480611033, 901066000, 731840583, 201135463, 673468784, 263771783, 612557088, 341259230, 257959892, 830696869, 156736548, 682349065, 441315561, 837131943, 679367236, 645534906, 431456473, 392053704, 487240995, 317865559] 
Weights: [244328898, 740435526, 507587487, 781599386, 411873522, 762781847, 482727474, 197750730, 710113167, 376104307, 443559863, 321198257, 454048301, 225862525, 507041050, 493442021, 360982383, 678452691, 313962435, 394425696] 
Capacity: 905233665 
Capacity ratio [capacity/sum(weights)]: 0.1 
Maximum value for profits & weights: 1000000000.0 
------------------------------------------------------------
Number of qubits: 50 
Profits: [136071383, 920931567, 177247072, 815174873, 821389573, 419413121, 165957625, 757039892, 468186870, 168570914, 902675360, 547324533, 43400395, 163400472, 141037794, 305601669, 581710619, 322061923, 853975100, 108801876] 
Weights: [451176265, 657388407, 741717451, 144452273, 679046744, 575445514, 898189319, 835853503, 198845782, 142947213, 560286739, 235095216, 84192140, 568212411, 313090624, 773890618, 946081888, 579883855, 455923006, 456750039] 
Capacity: 986346897 
Capacity ratio [capacity/sum(weights)]: 0.1 
Maximum value for profits & weights: 1000000000.0 
------------------------------------------------------------
Number of qubits: 50 
Profits: [54959508, 721710529, 732232853, 271993849, 36614873, 598619540, 773065654, 329964958, 210676197, 600436357, 414656893, 999983091, 79257104, 49390655, 889145616, 615048854, 176502449, 727392234, 175779136, 353643771] 
Weights: [703079071, 641236706, 481903214, 874535444, 318392409, 502862633, 793798765, 400752630, 332616049, 262125235, 350359130, 545112072, 438162279, 403403115, 343863951, 764390242, 695002262, 550066966, 362097925, 575332921] 
Capacity: 980034898 
Capacity ratio [capacity/sum(weights)]: 0.1 
Maximum value for profits & weights: 1000000000.0 

