Number of qubits: 70 
Profits: [399402513, 220769072, 591781741, 943916376, 959564851, 534894085, 351953761, 55537924, 404361836, 281369569, 189745115, 772068478, 72714869, 539459956, 562782586, 215348024, 271252138, 380752775, 886312892, 525606600, 678511229, 753399177, 837053969, 680808141, 215637787, 969915523, 898210751, 259773574, 404598656, 522337279, 390488419, 630805279, 810792516, 153771945, 810435254, 211216375, 402946125, 82078631, 509152983, 721684643] 
Weights: [279212532, 477152838, 319826228, 260392996, 591604872, 369191717, 580755507, 220500959, 353725351, 546265884, 649121780, 516084911, 399763671, 392153974, 418644231, 648013806, 348756698, 303624620, 642465215, 512411665, 357783171, 426593268, 265925035, 464286668, 672248785, 323787987, 520461797, 357826765, 499428306, 365256701, 319330052, 554896423, 588711178, 286344535, 291177102, 408837135, 598926053, 557458020, 343420924, 292871013] 
Capacity: 681598462 
Capacity ratio [capacity/sum(weights)]: 0.04 
Maximum value for profits & weights: 1000000000.0 
----------------------------------------------------------------------------------------------------
Number of qubits: 70 
Profits: [782987219, 122623107, 16379710, 542880141, 378941997, 9924019, 917264774, 286551997, 212776396, 158411140, 536247758, 45777898, 856556761, 754193369, 412484368, 711140346, 936170943, 800001435, 191367213, 586363530, 24439591, 209681034, 196807363, 748296138, 523973699, 188835579, 467092201, 205461941, 55339460, 533052703, 939524641, 920867607, 274451255, 861029401, 769129162, 53857785, 508126392, 647017037, 132966052, 282704149] 
Weights: [562348169, 432716936, 686059416, 429373080, 372203984, 572998870, 534254759, 638842168, 334282602, 295732882, 143983040, 483928636, 696052883, 264900394, 578286275, 474739693, 292907918, 316134614, 257136104, 622157782, 469217101, 621108986, 544976639, 517153651, 435503239, 507358260, 531448461, 423353467, 678829851, 365797474, 368547538, 372387298, 151389243, 381086393, 550559623, 434141891, 531879536, 668535808, 250198959, 376097442] 
Capacity: 712383184 
Capacity ratio [capacity/sum(weights)]: 0.04 
Maximum value for profits & weights: 1000000000.0 
----------------------------------------------------------------------------------------------------
Number of qubits: 70 
Profits: [126250226, 119992953, 287616761, 632918924, 242012790, 449527145, 356505327, 772428543, 802266858, 595041285, 991288932, 599736633, 159620507, 906039977, 588417463, 168332534, 573669334, 137916697, 515409500, 883972046, 502473505, 805020894, 669743611, 643562088, 177680933, 877870978, 87112885, 875042015, 606435813, 943699142, 562112171, 801456802, 950110831, 762891334, 469669619, 573023658, 319199852, 451285324, 993750030, 22480356] 
Weights: [705478308, 420604953, 401555844, 488321373, 455544173, 605399936, 314440010, 510992505, 296699079, 279590524, 365984710, 551587673, 32329267, 399071961, 455951070, 589690773, 424794947, 545171472, 501441687, 361702358, 477414178, 308947508, 585147648, 591679273, 702728252, 340434914, 461313084, 442928349, 600498570, 252830922, 449101823, 523374155, 509602484, 493254287, 670777914, 349448770, 569242371, 522323064, 426486932, 620342793] 
Capacity: 719806878 
Capacity ratio [capacity/sum(weights)]: 0.04 
Maximum value for profits & weights: 1000000000.0 
----------------------------------------------------------------------------------------------------
Number of qubits: 70 
Profits: [113805775, 771129097, 778817724, 9534159, 662020134, 867539794, 59268737, 290139029, 456625559, 542710105, 38566341, 339320405, 263148855, 817248542, 561623956, 606196652, 145414982, 47815061, 790938051, 85015900, 216432169, 568870190, 936446977, 775618241, 702638689, 166420042, 517723504, 117974568, 784486051, 486567854, 150831808, 721674315, 583324576, 720277883, 445751276, 506505158, 188013509, 985198004, 254478392, 440857179] 
Weights: [362035387, 497574518, 624963443, 855914220, 472559331, 491449386, 674817686, 510708880, 728222233, 100208018, 474166452, 188946245, 812194806, 436694525, 646094552, 483838903, 435118370, 795974709, 727718922, 556225776, 535754537, 716474793, 786868058, 353835173, 573599639, 851718527, 464838114, 603787704, 349334560, 616237746, 275116690, 572823442, 793515225, 627471957, 672758433, 519052855, 403824017, 819183771, 117021357, 699182933] 
Capacity: 861854699 
Capacity ratio [capacity/sum(weights)]: 0.04 
Maximum value for profits & weights: 1000000000.0 
----------------------------------------------------------------------------------------------------
Number of qubits: 70 
Profits: [745245963, 651961735, 637942655, 277800236, 759154312, 564749902, 321707993, 246587340, 949961342, 157723225, 13968799, 809801822, 250797563, 138812645, 611640926, 333275449, 657376528, 108606952, 896421253, 437905179, 878209651, 112128375, 247801947, 722533044, 722891940, 661504920, 995520589, 162997710, 436075621, 515499715, 621612952, 217304456, 138368366, 400252878, 551766422, 294799546, 582790266, 351270535, 789224633, 682146772] 
Weights: [810383644, 481842764, 659725281, 331606858, 301311049, 467925058, 447715277, 222583359, 811374816, 310447606, 431286555, 471024982, 594750582, 251069421, 335489045, 683863935, 626155144, 761906187, 730757478, 512126666, 609131948, 713041918, 181528006, 782070310, 499753104, 476779541, 321392917, 582203992, 361138421, 757283520, 318852116, 286461672, 606517040, 596321256, 805116512, 662598979, 727849731, 522072000, 657939898, 450514037] 
Capacity: 828807117 
Capacity ratio [capacity/sum(weights)]: 0.04 
Maximum value for profits & weights: 1000000000.0 
----------------------------------------------------------------------------------------------------
Number of qubits: 70 
Profits: [340321618, 101535745, 700545875, 459847932, 439954166, 962706086, 229569359, 138388420, 221642280, 135480834, 734617320, 314289752, 207335711, 237345621, 241217427, 345376654, 302723470, 559606386, 291135302, 129848565, 529433289, 680122373, 751594896, 485537252, 529675159, 885151089, 522377918, 395988765, 431346800, 570957539, 664481314, 767478407, 698880269, 184714933, 7710791, 478385719, 522378896, 152239362, 69463163, 128828760] 
Weights: [859339350, 392576075, 718209257, 160438621, 205381597, 883318268, 878402864, 614201828, 550857982, 870622446, 420142576, 843529766, 58387032, 552860872, 392927344, 676061867, 835853707, 488607670, 822646208, 368711876, 862775445, 389228200, 123560836, 448802879, 243284214, 699459745, 752886951, 370648085, 731524302, 792738875, 681074039, 370841773, 327322001, 805245178, 480692460, 173348651, 833528628, 815808196, 780429639, 282021823] 
Capacity: 891935149 
Capacity ratio [capacity/sum(weights)]: 0.04 
Maximum value for profits & weights: 1000000000.0 
----------------------------------------------------------------------------------------------------
Number of qubits: 70 
Profits: [816653621, 917455442, 439235075, 802188784, 56784748, 634737287, 995085695, 977404073, 72372259, 900708760, 488405632, 834594565, 778367585, 80636622, 291685844, 144111874, 36676526, 9047573, 792303658, 356487734, 973164347, 734055263, 686363771, 19026293, 924700990, 960160106, 14514729, 233193838, 603190189, 505503242, 334985684, 267375940, 468729633, 620690408, 92223452, 121237354, 995288065, 340225509, 888011381, 947030262] 
Weights: [433850517, 673258281, 813396315, 765587455, 377837589, 209626384, 731020826, 871941538, 210320264, 482939198, 625503137, 495986242, 556428277, 259442791, 473382868, 767352620, 848179312, 748863366, 211420605, 228545458, 569797771, 179705243, 849879244, 502694335, 569080925, 808347400, 608232712, 544217722, 849129217, 692135062, 879193437, 289544738, 547294351, 537278429, 541914820, 567883458, 719638036, 459546567, 734824683, 139754857] 
Capacity: 889975372 
Capacity ratio [capacity/sum(weights)]: 0.04 
Maximum value for profits & weights: 1000000000.0 
----------------------------------------------------------------------------------------------------
Number of qubits: 70 
Profits: [885252857, 146765987, 964806926, 233309460, 159296187, 382314005, 29679597, 923116476, 504592988, 979561538, 938921093, 624755963, 283260047, 227287833, 55084447, 72731046, 206932346, 491980488, 38918824, 765595936, 836569819, 371017604, 172901690, 940864903, 698639113, 223375300, 38806284, 84959842, 627860733, 163505695, 734257582, 852295043, 267253557, 105638711, 153833481, 635465801, 292480598, 818278781, 389006139, 48959529] 
Weights: [433624519, 370552425, 779902902, 444138369, 342759929, 413446798, 548148994, 447753329, 326493861, 613115862, 442988843, 364490691, 360316831, 460741150, 492721496, 705921777, 545989023, 370164323, 134717756, 612714480, 211293317, 717352604, 394616048, 784392367, 672717086, 674475331, 746832823, 196387101, 473494326, 637742305, 407388514, 651354319, 610913491, 515868753, 781608055, 494052473, 750153206, 397243158, 356002233, 562950741] 
Capacity: 787411631 
Capacity ratio [capacity/sum(weights)]: 0.04 
Maximum value for profits & weights: 1000000000.0 
----------------------------------------------------------------------------------------------------
Number of qubits: 70 
Profits: [11421115, 472936869, 199823751, 347679091, 127988463, 609632078, 709355753, 125734523, 412231853, 100616805, 363991484, 755379, 976703355, 905903722, 104551892, 929536960, 791450983, 119249671, 915969117, 860371636, 444155256, 856089522, 776432042, 593036810, 566850161, 590317526, 272986556, 496027311, 606451082, 983523572, 86459457, 79601874, 66563270, 407141509, 292353069, 583613458, 856963138, 328665309, 435767055, 372516075] 
Weights: [544587521, 358766623, 552187561, 702544761, 445133371, 745272117, 435603704, 238520461, 424762459, 594886264, 521923055, 709539286, 726132801, 458531682, 610367979, 421802345, 155829661, 407866509, 702457192, 745178407, 320563078, 398583731, 443540731, 493442865, 726500370, 683362056, 132721510, 504344331, 128964276, 573439601, 752561701, 586385494, 231312850, 303376576, 195135654, 499039157, 752550156, 329221999, 252731204, 427676354] 
Capacity: 752579487 
Capacity ratio [capacity/sum(weights)]: 0.04 
Maximum value for profits & weights: 1000000000.0 
----------------------------------------------------------------------------------------------------
Number of qubits: 70 
Profits: [293698454, 660192376, 867779495, 187510676, 924333258, 627450989, 508165566, 360566292, 47777106, 594852353, 217041206, 137924679, 969921546, 978066578, 954088326, 167988989, 148059539, 183586961, 162640686, 590285397, 32465530, 849819852, 461166835, 671839657, 283000585, 210311617, 893247421, 611376529, 355600228, 804554557, 898893620, 800198087, 377444937, 658309477, 719748351, 127895663, 775286996, 708416893, 668671859, 760747554] 
Weights: [396091379, 471000830, 466032616, 557321573, 395378705, 519625088, 452202113, 478297496, 447562188, 282667763, 348276721, 432149404, 647532733, 464497721, 633499246, 651919418, 507842759, 392404358, 107003419, 543072739, 411748354, 597142720, 696100898, 557749316, 380505757, 491862590, 379867974, 270379819, 324208408, 564941012, 387616777, 547162063, 393639355, 439369516, 219806814, 460270736, 412474049, 591228094, 451973279, 673112051] 
Capacity: 711442362 
Capacity ratio [capacity/sum(weights)]: 0.04 
Maximum value for profits & weights: 1000000000.0 
------------------------------------------------------------------------------------------------------------------------
------------------------------------------------------------------------------------------------------------------------
Number of qubits: 86 
Profits: [74747277076525, 42754931709677, 59320096909624, 52896206554182, 19311093160607, 3519548652728, 86879382619636, 82585683204511, 77512849035081, 45696289189248, 27880583222178, 74911640187712, 9468001367641, 34717991750257, 66573250990521, 74993685356250, 95219197635775, 50826959717404, 12275833248106, 73788080413004, 15183622158135, 64495363949949, 38470541567824, 4640349963632, 40315218557221, 23882465373259, 12819588248121, 47641242948539, 33525005684459, 44034295465713, 30764821799334, 45584123281969, 32750722577109, 53020336087066, 90946152332000, 99820543802790, 73090570769634, 56681711592028, 19387590557993, 14344862270797] 
Weights: [50593381164857, 45068121418591, 53491427313049, 33007544960782, 42877133837933, 64877053766677, 21391441568062, 38794977076678, 46376517571464, 39945790983660, 60600059902260, 64990019403302, 37463444738942, 28996488965901, 50355672964007, 52369989999120, 41154626752592, 27525656824673, 57249380039388, 34628258708324, 56816954680855, 27537650258697, 36282026505994, 31509935517613, 30052761276919, 55009830053275, 55282265662354, 12660347575296, 58830354696615, 45369595574468, 38387245887155, 53811054217783, 28270246340513, 33948993954768, 30533745387759, 59017064735103, 31375686605561, 31207139440325, 63261976553810, 34023027684309] 
Capacity: 66866456839899 
Capacity ratio [capacity/sum(weights)]: 0.04 
Maximum value for profits & weights: 100000000000000.0 
----------------------------------------------------------------------------------------------------
Number of qubits: 86 
Profits: [45173177450967, 1022471270100, 99897281267139, 93272607380182, 68726673580168, 47922644177938, 74486525665090, 84423063659615, 17717195389915, 52992582943158, 12690102444337, 46707051832561, 67834431251459, 35685657022345, 77009903573876, 53882445241255, 58093381502280, 65532301620668, 56950688147845, 21321509875260, 92199337566367, 70437970951992, 66068009187783, 41178103189541, 84713132229695, 47859224555870, 38989762249892, 61777577020855, 7462519028882, 74682466406257, 24111044266721, 22814769701344, 69971403661392, 35604448151048, 25163433831678, 16006933362176, 95909601083687, 84619309797961, 57246159933608, 51545261850605] 
Weights: [32245788779218, 18170925559984, 50680378313458, 42190228535794, 28781393753767, 41612806606170, 23609464899187, 42616610141512, 55033014576178, 39665403158625, 64369867527009, 62084028704446, 67395915036033, 42196943554375, 62310410003444, 34391644908597, 65903274249949, 34918853869409, 49256572042098, 60574698354079, 26095866584721, 35330410944343, 52035537316458, 18520176996250, 52932923182501, 66486519123051, 39199205400783, 27933079180676, 63565381174656, 53686277819922, 69388885283658, 14215192047071, 37218713369272, 65007300136282, 30388631618773, 38035956363219, 37877252031103, 40373437479639, 65265695167277, 28361105454777] 
Capacity: 70074390598431 
Capacity ratio [capacity/sum(weights)]: 0.04 
Maximum value for profits & weights: 100000000000000.0 
----------------------------------------------------------------------------------------------------
Number of qubits: 86 
Profits: [18667791392462, 44608152069195, 41969013354981, 66144646066893, 69049850503986, 11329301462836, 13705027229515, 27178384886614, 22960574855461, 66674853981250, 31354092190425, 31376859306572, 6729884959502, 55802915725328, 64928730391154, 30828647934029, 59443132838029, 13506237923809, 79018611989801, 65740418492357, 56939886912251, 73392968904349, 38422337914338, 35928486470729, 9959096060806, 46043225536672, 9200065952469, 57556357229698, 98556422557242, 68523528776805, 67500194431882, 27241170264184, 88807921226867, 9255911787240, 83013067213343, 53949957350497, 8698530183231, 69247886435224, 61871376760002, 95929664468635] 
Weights: [46333339554680, 66431478980334, 34125329722900, 35315871869690, 50740045299743, 61215011128043, 26927504897815, 58753919593783, 64571539250066, 44638974395773, 60076483988489, 58242351956155, 45538942930852, 54220665532564, 47039394614142, 32783485877420, 38278413986148, 56686554156483, 33306561191256, 60588773158290, 17369152360022, 28893529796230, 25308621783257, 29550380405317, 59173721831612, 32446019520039, 39870010545992, 31195853229226, 31572520594583, 62110962618300, 56051076846379, 28258213276367, 14495680481537, 57999761912065, 34397533246926, 55880408561860, 30854697901402, 59781270220193, 21992418856192, 43964280029952] 
Capacity: 67790389256213 
Capacity ratio [capacity/sum(weights)]: 0.04 
Maximum value for profits & weights: 100000000000000.0 
----------------------------------------------------------------------------------------------------
Number of qubits: 86 
Profits: [93148955619909, 10795478047363, 63538756695143, 25344635281664, 21696811376626, 66081245070233, 91540396939251, 13485098712453, 86175452556199, 82847848538287, 4875411128377, 4102311644537, 77904955153143, 11440312125499, 80660509148161, 56011800154227, 59566625975132, 73054509649160, 86410352799954, 44943181775315, 6372558814830, 73651978184598, 21604147058574, 76426482913256, 3578551004021, 33152355062703, 5484953249738, 19318070697436, 33538568372557, 99360224339461, 94440935100852, 28323301825067, 80400317670001, 84376576146056, 57560920600496, 7896334558887, 58317661951180, 82337910889502, 75171748868215, 65605360647435] 
Weights: [64999298399138, 62865448139532, 53469988391658, 62192489651328, 43608356611768, 32062487958428, 32194641274127, 31204379816764, 47732085313988, 47876974589102, 24046393993417, 40871342308977, 44226604794183, 24246826282047, 58479610687399, 53146965991822, 53821647975415, 35409430915005, 28212210931331, 30319630517392, 48518676909837, 31386179131511, 29459765226020, 40464110343705, 62316654878458, 48467397607933, 26631533962890, 7759162109596, 35060756166245, 47525286526697, 28764228397514, 56896610942787, 34593030273206, 49326022448625, 41774037999311, 38238372426993, 39823381424327, 58578978697102, 28765866444020, 52392629499048] 
Capacity: 65046132234884 
Capacity ratio [capacity/sum(weights)]: 0.04 
Maximum value for profits & weights: 100000000000000.0 
----------------------------------------------------------------------------------------------------
Number of qubits: 86 
Profits: [7359175129627, 28791325523888, 25459287483955, 56324501347020, 43819072228257, 72139544091882, 50873119471341, 7490091670681, 9073770542265, 60589075850885, 18769848613450, 29654674488473, 20797902370260, 44313751163725, 56191667071009, 17354813161878, 32949557082162, 82561528200679, 60304471338307, 56474706296420, 42965664157572, 89521394500150, 38320571379929, 98587211031819, 17831819574090, 81857983038852, 93988689669274, 34891915111038, 70236227766405, 16316201994609, 24304189704052, 82053308553876, 79260007744752, 69471809085013, 59285139331111, 89356507001706, 33314893837064, 31183490371519, 59268057377671, 57078568421973] 
Weights: [59438953738256, 29149968106659, 34600785294598, 28398787434124, 42207236863978, 47839822062779, 63096904448402, 16744776693277, 47747285603769, 33089323086961, 62732619493861, 17511485849541, 36910338735258, 52627465333837, 27334239780735, 37959855757480, 56950342242478, 34865879291931, 18365610617322, 63269205594860, 20805807815050, 35094473220273, 21482228964671, 41626285540185, 38526170445343, 40453591678028, 53276995478182, 56296178768990, 40472147191533, 60051341998157, 49926009773171, 47539416573197, 45760687483933, 20058302469825, 56628817760139, 58197105116747, 56169337861001, 31419184346773, 42180843183885, 44176667480180] 
Capacity: 65125485076226 
Capacity ratio [capacity/sum(weights)]: 0.04 
Maximum value for profits & weights: 100000000000000.0 
----------------------------------------------------------------------------------------------------
Number of qubits: 86 
Profits: [64357422056501, 88279596952820, 5669660767459, 72279249804402, 40081790539221, 83909951579669, 53257885493784, 82946477558448, 99944090144007, 50730960574020, 23088822626828, 55182706970143, 98784229594130, 87497221503792, 56117783427363, 22402356716246, 80245867638927, 33162429071613, 8645495683123, 25128055363866, 94029473939425, 32350292229068, 33160764567611, 91376423148964, 74532126409119, 91190460121983, 34317491772995, 94612329242424, 35242136848925, 37982757915877, 79260540597910, 34011578622238, 46189627010040, 4600006934546, 88663338102788, 3657614576879, 64317089356541, 37462702205168, 73754009525366, 28307190681488] 
Weights: [53064124711198, 31028271475145, 45905855028456, 54107376176394, 38966784067635, 65410043080352, 51210767881706, 68247598961843, 41577747746521, 33232353445712, 47318435007266, 48788362781752, 27530850273675, 66652784203168, 25044576728116, 66014060061502, 26167039634289, 43306674893270, 48823861368964, 58156413986416, 29187625261522, 6703716157067, 39458489298273, 63319805156085, 41284689120372, 47529382391329, 22282308088462, 66891674155650, 28000396273607, 39110223879845, 60010134346750, 18154613651335, 34690818062377, 42750108333713, 47021564906935, 53239734649146, 47066381825228, 62675709280519, 24943680382605, 48444929482001] 
Capacity: 68720136582761 
Capacity ratio [capacity/sum(weights)]: 0.04 
Maximum value for profits & weights: 100000000000000.0 
----------------------------------------------------------------------------------------------------
Number of qubits: 86 
Profits: [99115150979389, 22932818691460, 55906743322409, 31136430477597, 10361163914417, 94456784685951, 9708653627130, 21411108830483, 1687665895897, 63568429243201, 38105622394918, 44442731376608, 35231147532392, 75537028786185, 93263449976236, 16164202042806, 62462746983061, 86445121662384, 22857944232996, 62890262176369, 28445625876668, 51473476539159, 57011962177853, 67547298699087, 85141312989394, 65097598126389, 57163387951190, 60177019694993, 64829001121748, 96582080520437, 20168680937901, 39364266795877, 84083984902544, 77574257217370, 67700855742938, 39568170500854, 63389378820416, 95041164624393, 96246672249102, 92344332345702] 
Weights: [38495010432198, 63049955785895, 59028700112505, 47913462862591, 16057979743695, 61656153569830, 55787204105769, 65586243655320, 31972734929137, 37387761078224, 41665829653245, 50643935806231, 51738707458536, 19780200875442, 36847992170285, 57576436590306, 45554501655219, 54295221141699, 60820092632071, 39962364104882, 23769644827989, 35358281575453, 23469019191856, 29790916860744, 31306293309108, 65012902916311, 23050485551340, 38227987200337, 60003260140055, 42606315805108, 40069838739041, 48923092306022, 51347677334317, 50435450630831, 50467954847248, 58148461773366, 31374182577258, 59353162818428, 37992873128266, 46683898341286] 
Capacity: 69550769644974 
Capacity ratio [capacity/sum(weights)]: 0.04 
Maximum value for profits & weights: 100000000000000.0 
----------------------------------------------------------------------------------------------------
Number of qubits: 86 
Profits: [80881216877005, 69150812652088, 68440824070448, 88087176503707, 85788696330001, 33161296568026, 35028562121988, 7755571217797, 2183365704079, 36313180686959, 23800115675557, 80292975537735, 73480134053414, 12873932675104, 91034029110006, 33550309202266, 66885778221549, 12850845967502, 30107589127025, 50970518091562, 68101387745403, 87983178506162, 15749940994057, 36187262003470, 12573412186585, 26402782894616, 18069866107710, 37169027932360, 59690664530806, 31361519818670, 52535870891020, 78944597181211, 14045801069263, 64313269567992, 47020053838078, 15394930126161, 67623726394089, 82253226172170, 28386919763937, 4330165518678] 
Weights: [49046473127883, 17489062789890, 47836842266215, 36579121657820, 50872419411022, 18750905042980, 25826715152619, 17820270385227, 46360191154826, 37780857837706, 45822077093411, 29711570379296, 65857155724846, 53659666359599, 24299013773475, 50387228461615, 16443070832871, 42567885333549, 54645140385046, 56447086227215, 45662869333273, 37258528227758, 44600098036967, 41213197946693, 21926629298122, 48282492441343, 41195444730830, 56662971649988, 63175389994628, 59067455907918, 55739754708817, 20610595784469, 41153915589891, 63979097958999, 62225146539120, 65493560079706, 36023730234037, 24121595521355, 37576336583096, 61877812495966] 
Capacity: 66177331897035 
Capacity ratio [capacity/sum(weights)]: 0.04 
Maximum value for profits & weights: 100000000000000.0 
----------------------------------------------------------------------------------------------------
Number of qubits: 86 
Profits: [45455651220354, 33476292083462, 37364934273651, 30613565988348, 2644516971564, 90407359400743, 66477483330540, 49461816521924, 86488311350768, 72472640586723, 76114934311835, 77043929257006, 96219178718627, 15559361496126, 14157285283585, 59077493272395, 8342017350248, 86088591533282, 99858544557412, 72356841185212, 71482409176384, 27476088728599, 76388091481533, 4761494126393, 57743086643022, 73202224674381, 28011230054786, 17074231744396, 76554929243815, 89028938476454, 35107081189539, 3022853929559, 77422877937894, 56864199394473, 52465293743621, 31035927870367, 60139041861881, 15322139524798, 97381116568491, 52296296783889] 
Weights: [59655379657860, 50170997681136, 63093865306840, 25915716469348, 43366465187081, 43344696882289, 22138261522352, 38571186581858, 47914489409866, 20881501389779, 37289973992787, 58077781636222, 48616160257874, 61177559323139, 32549034548064, 60848104069335, 49520851621988, 24050790817275, 31104717356154, 51420999164697, 30550579362179, 64399208911407, 37968168028183, 61627865757114, 59740940251001, 54214080287445, 48660172294780, 21938878903937, 21703708303771, 34402570351559, 26461916849481, 22450573874800, 60071175669590, 22942130387615, 44037157873774, 55105442242000, 36580843122337, 27281677671082, 24318039801124, 35024964104388] 
Capacity: 65072849616898 
Capacity ratio [capacity/sum(weights)]: 0.04 
Maximum value for profits & weights: 100000000000000.0 
----------------------------------------------------------------------------------------------------
Number of qubits: 86 
Profits: [42565707589968, 35008071301054, 30533573411313, 90804703170863, 7280789207939, 7312215933295, 24425745555755, 11728869966491, 88158527810672, 74887686621398, 87403599028358, 67124951653219, 47748466351904, 50062271182117, 70317718831398, 87467980865637, 84480551695760, 79349121585231, 11683647302517, 9994575226152, 16701929456897, 61710076098742, 76643557735444, 81391159632369, 50479683969419, 29498332506263, 54131876248202, 47835799454963, 8401672163740, 76464448134562, 92680615198448, 54283329288784, 28144301561104, 60442750031334, 86803944156405, 99155405615271, 80437934879658, 11058724090876, 70021000737076, 44219824719926] 
Weights: [61815532764414, 51137301603786, 45433045321182, 27238992650234, 61938746655974, 35134225265446, 38344370329915, 42284130025163, 63224411209747, 24426999265684, 35097089541110, 49616981571122, 9723532971651, 34321500889207, 52114147522264, 36839607147153, 42071309622981, 59500262974355, 16375119697116, 51108936123844, 34145087188397, 56184843268111, 30562546062387, 45454219738737, 40811298257373, 36804879716972, 49080136266466, 40639024436707, 27390499786010, 43797582533075, 32095000302483, 32130975655646, 21157723159571, 53942748476899, 38586907375494, 56226659428272, 31907368539641, 46929837791196, 52944066501638, 63875702322701] 
Capacity: 64395014018758 
Capacity ratio [capacity/sum(weights)]: 0.04 
Maximum value for profits & weights: 100000000000000.0 
