Number of qubits: 110 
Profits: [430725238909299534, 494819860185432148, 841587822356585013, 562019525913427317, 830096050729311599, 924354295827086553, 354046496715020024, 372156358938107213, 159874199266737436, 647187836726793804, 20844194848831966, 158718434911951211, 657365981712765365, 499804766075952012, 973897931296042737, 502111500699517523, 868650505581399892, 682924978399935575, 449233259471275382, 20012480331504796, 825010272261199184, 989787920962099933, 109455312947943803, 644918641148947157, 729182918956666047, 519611804425441802, 494252389172179297, 4150439379373001, 282346082369894965, 168397058786858672, 224648415919192860, 833546390630294274, 724718628513991380, 679324981258172106, 308181312953261467, 332185781302236770, 46967904611011075, 320977520207036322, 418782595198029338, 909467393177966379, 629247238272016475, 273824907672036489, 347788539515412130, 783757948607780530, 213232003579526370, 828814954720769522, 204552581994384102, 74575706941839609, 129683894927437054, 362790338748212738] 
Weights: [478972565623417703, 441149866715724088, 569905094745984068, 393854240674324463, 598631215534104505, 525456987934727020, 514740789815499609, 583943272828213576, 476458172475620646, 226465061027015769, 388176906426382508, 450413231181765707, 377269245915284360, 412964055449204317, 252968698428401904, 552436509344430921, 588221846318130876, 340615831741977966, 483046494521327992, 602573817306999526, 470864594133707561, 583681161600331158, 588387046917554053, 575480481331107073, 585736315646553504, 549581708395964657, 416213995201307740, 556128911127125608, 319779131588893981, 433050561651336460, 538275881995695640, 533619666467195006, 291445251618757861, 541836588117021127, 585787657061479470, 312953668439015060, 119386323029779509, 493212693093036571, 564051209392727361, 511628079718581244, 471117859348719185, 568415532814901382, 567212463256820895, 396898167824191211, 533473118415717465, 578049119251931786, 440904008672762328, 586575679962240799, 279710311396190400, 461962688146278486] 
Capacity: 604584353591810816 
Capacity ratio [capacity/sum(weights)]: 0.026 
Maximum value for profits & weights: 1e+18 
Number of qubits: 110 
Profits: [580380592024964199, 556842789996521810, 400399188673553267, 828964663928539508, 641822650449299030, 304691041091305509, 874685296872129130, 571300724676273238, 584047760068839470, 376444516704978204, 991954797077868310, 152144849852811711, 200529639665794478, 189060788732138557, 659427399185735260, 466534397894225485, 250410921231891647, 222786033173606559, 764449419278319955, 2602171300945648, 141610370338813376, 253499219384503855, 794743075863904168, 368711742757831455, 189165850044884757, 154668474351484510, 90527060948864187, 562883042614145390, 101183317782897356, 441355254790981824, 912140473144117148, 336964082680250182, 554286998009404438, 667065468131729594, 57018147848508891, 944480943375319763, 846843070107299216, 356124718706496904, 903225290681356435, 754408625721856694, 683796192719356406, 288827687125133629, 722143767431214925, 959125879402394467, 457254215924550926, 447734632530440777, 11238964799029343, 517067267316983292, 941044039977974744, 996391566252107478] 
Weights: [489928944888028203, 626115241343639483, 537414924332066969, 602170343961250494, 322898180966347296, 252114920585898591, 643165875344075880, 606405376193642661, 450242789597797775, 387099152348572371, 499875748026101754, 632602942445116113, 554615237916350103, 553522194716846649, 378842823242280782, 641623511703622430, 538604939934506758, 379042051834227313, 306518126600484068, 560012933830531126, 548986529516417592, 600850687077012936, 602177702571289143, 431192893153748268, 580287970170952902, 643760646144260672, 531812189832157467, 640278844470957811, 591641820261513065, 624627989996628839, 191341786548843454, 362189572840030559, 329371368157384737, 221012336938177864, 280303003759831970, 640061393620364037, 595430937771589823, 449564138003237743, 449282578626033665, 355449318092834933, 594928835990317204, 579479751976769176, 574610829170319725, 506874432945619827, 532098565582290642, 620573350507457598, 636494438302714419, 635829171333340673, 605038278146712552, 541287711906617101] 
Capacity: 648156569821115392 
Capacity ratio [capacity/sum(weights)]: 0.026 
Maximum value for profits & weights: 1e+18 
