Number of qubits: 117 
Profits: [33268133377174363, 366405594732079803, 133436234391573865, 405744633869534638, 949336124546121100, 988864306604270027, 109106328330906066, 495802444039343888, 283987116486795314, 636157938854465857, 652699094089536348, 707236340268831570, 692677025323127313, 193024275041819642, 596412078039218278, 739846991382593804, 618286767503863000, 361798907093472681, 33375463040253971, 240685406418804800, 553957837809551772, 783943913576355285, 182074206596084527, 681611862451573671, 875401207965006790, 40681939971007956, 861657044757446698, 288033432241016433, 972592192845548832, 797084671410772983, 606845733750689061, 74472431174898027, 762919324085298683, 378736572707192398, 181797187863208355, 59759608823871919, 189444846537565185, 832566752100794771, 47496205287868115, 627340995439458348, 665768076144418375, 305301722103773495, 89015878150235883, 347022907266017901, 211757660552343851, 361085315355471351, 991792274933429172, 655880481168630529, 350547668862188858, 383075240780811767, 40616669960258574, 929377082347670925, 671555377596025057, 511420904955349092, 619413082296109060, 190751718410096368, 900959138121223422] 
Weights: [634584655509442271, 502025959512587167, 443963580789116129, 357362938590691228, 439231006249773944, 385007953962845313, 278451323833414596, 393680896681240122, 267524210010481421, 274603961953044365, 583428007389192399, 455439341391113250, 640762573041724316, 690020453369764433, 619180022137713336, 415850051660653472, 521593551573689278, 502790809473393788, 385824164247089127, 653611826051713808, 476375061396163477, 693393691625597767, 609427312211507037, 452390896114059923, 562704011607124632, 323267049067232156, 575684259779884711, 352679979451843720, 512266656791600879, 642436066188416968, 454453226848585227, 569807637823866479, 614196629908578377, 323640226652997026, 475959326117691219, 199593834916798200, 343895230828970996, 305091024633108870, 434509128480985420, 549973863281269045, 554427593342578323, 413130802022946329, 265527194531962372, 614465815698903318, 537209502287410225, 563786023970209583, 551238278236759163, 609921274475971018, 672110077250388160, 329862850404872970, 685263159683934619, 215314880971126109, 416158547985727210, 413843261457791841, 342636332146574526, 591823416807790340, 217927635035543040] 
Capacity: 694072717208865792 
Capacity ratio [capacity/sum(weights)]: 0.026 
Maximum value for profits & weights: 1e+18 
Number of qubits: 117 
Profits: [811980088274021981, 932672014085428722, 859196665612122268, 654765771369933148, 925578742025012865, 772337596098202017, 603734736700015552, 586969133354288289, 595609731818801759, 663033580518609526, 706512397758891834, 80014319966973354, 810513496477905633, 583519116585718158, 580652624211278398, 202574256397667730, 10032461345609507, 595363837147660996, 505332302779712842, 830984705417956483, 293879076888508151, 917103772517323859, 89815402604230858, 866705508169871111, 189864336002245295, 261595170079518611, 729961578704578876, 638803754626554348, 913805123160216054, 530595344254863396, 516789157859229367, 279879225898996230, 963968261621355301, 190296502659178672, 42969085911088309, 644129588947045508, 421319521871996500, 627229411116478527, 875186277336223680, 300886942608513682, 767111925233141084, 794430410716912427, 560856064400804594, 45922959508617314, 298374070455529635, 965219225264212740, 720738811510378168, 794544954802792687, 187504727843913587, 268823731753905217, 651263400270999327, 941383131439287992, 903550677605670694, 183734519272272700, 440095021011757028, 967826403507346056, 89479377339129025] 
Weights: [667205507317470163, 649083443938826151, 532914702060182165, 367087921012762584, 523940395495237433, 298646826098275449, 193372042660043054, 595099210877312791, 342239210392323947, 209971293038356622, 506039651124986877, 481119848829015881, 405311362660210268, 660292437774057427, 366310428628362215, 635518190905257909, 529726870024517160, 415586093298564439, 498070135848309641, 595647790990424580, 652394519582711526, 560190472763097578, 548169552031022503, 716999056628852519, 705188147878394852, 674234957053212519, 393199571519435806, 438142517078186673, 556987158257808213, 312899056226512627, 508067196853988683, 371898425794173838, 472539513888645489, 656097589325450004, 536070209715850748, 626088986995786254, 718852204404099912, 578367446296687526, 202250360196936529, 603745977339013714, 472356987899251239, 396531856826960097, 491155531790705073, 251380607162290384, 461109563850750491, 350519925799821998, 424397954831704533, 625443724896956630, 687111396563417131, 460814709409204647, 328955320022980587, 410347737774725752, 625728948065854809, 629404204196992307, 377896544822145116, 625162390745735378, 242525531775329897] 
Capacity: 726254284817522304 
Capacity ratio [capacity/sum(weights)]: 0.026 
Maximum value for profits & weights: 1e+18 
