Number of qubits: 50 
Profits: [795, 244, 872, 582, 833, 865, 971, 550, 382, 990, 978, 237, 275, 272, 243, 507, 380, 481, 968, 131, 576, 249, 326, 193, 780, 373, 232, 735, 87, 604, 890, 172, 209, 413, 282, 492, 749, 116, 377, 624] 
Weights: [622, 288, 720, 608, 614, 609, 314, 709, 573, 382, 553, 744, 688, 756, 746, 546, 752, 412, 532, 589, 692, 666, 593, 570, 680, 505, 730, 549, 598, 623, 431, 618, 755, 639, 727, 346, 764, 409, 730, 704] 
Capacity: 771 
Capacity ratio [capacity/sum(weights)]: 0.033 
Maximum value for profits & weights: 1000.0 
----------------------------------------------------------------------------------------------------
Number of qubits: 50 
Profits: [703, 882, 736, 91, 824, 231, 95, 14, 886, 836, 66, 147, 283, 782, 827, 127, 844, 962, 671, 801, 98, 523, 662, 178, 250, 927, 384, 117, 779, 99, 366, 557, 100, 66, 455, 705, 278, 898, 317, 862] 
Weights: [622, 447, 485, 571, 457, 577, 237, 490, 524, 589, 422, 607, 482, 547, 395, 619, 343, 508, 326, 540, 510, 399, 521, 219, 509, 589, 620, 520, 559, 186, 440, 515, 522, 600, 595, 528, 599, 382, 438, 540] 
Capacity: 628 
Capacity ratio [capacity/sum(weights)]: 0.033 
Maximum value for profits & weights: 1000.0 
----------------------------------------------------------------------------------------------------
Number of qubits: 50 
Profits: [329, 921, 563, 523, 649, 234, 675, 254, 853, 692, 859, 554, 963, 250, 877, 845, 335, 817, 522, 742, 273, 513, 800, 883, 62, 23, 84, 341, 603, 397, 872, 75, 270, 166, 952, 409, 840, 32, 652, 479] 
Weights: [561, 520, 461, 548, 437, 538, 385, 557, 524, 469, 436, 368, 256, 434, 519, 248, 547, 447, 557, 547, 513, 371, 552, 378, 515, 538, 161, 395, 484, 297, 363, 268, 379, 547, 498, 511, 231, 302, 555, 157] 
Capacity: 568 
Capacity ratio [capacity/sum(weights)]: 0.033 
Maximum value for profits & weights: 1000.0 
----------------------------------------------------------------------------------------------------
Number of qubits: 50 
Profits: [726, 712, 983, 366, 333, 98, 832, 767, 72, 121, 182, 881, 911, 645, 191, 890, 560, 404, 598, 453, 572, 784, 686, 474, 90, 386, 980, 674, 691, 7, 822, 907, 524, 806, 762, 895, 552, 828, 24, 842] 
Weights: [589, 138, 387, 561, 429, 375, 401, 456, 584, 590, 583, 580, 523, 423, 283, 584, 204, 559, 499, 546, 558, 571, 478, 581, 337, 620, 504, 545, 421, 623, 477, 618, 262, 591, 582, 561, 450, 434, 388, 606] 
Capacity: 624 
Capacity ratio [capacity/sum(weights)]: 0.033 
Maximum value for profits & weights: 1000.0 
----------------------------------------------------------------------------------------------------
Number of qubits: 50 
Profits: [468, 823, 782, 88, 798, 670, 996, 813, 654, 940, 524, 13, 82, 433, 478, 823, 751, 699, 787, 87, 875, 901, 248, 72, 793, 978, 881, 835, 775, 378, 791, 514, 352, 843, 478, 264, 529, 686, 250, 444] 
Weights: [360, 669, 402, 675, 711, 239, 630, 667, 728, 699, 715, 354, 650, 622, 567, 729, 359, 337, 668, 649, 521, 683, 738, 327, 502, 623, 530, 641, 545, 364, 486, 697, 630, 421, 553, 590, 736, 705, 672, 703] 
Capacity: 739 
Capacity ratio [capacity/sum(weights)]: 0.033 
Maximum value for profits & weights: 1000.0 
------------------------------------------------------------------------------------------------------------------------
------------------------------------------------------------------------------------------------------------------------
Number of qubits: 53 
Profits: [3310, 5863, 386, 6059, 4035, 3935, 1955, 6399, 9617, 117, 5460, 3878, 7189, 9137, 338, 3986, 1287, 6119, 1382, 644, 215, 6500, 1270, 6895, 3357, 2850, 6234, 2234, 7858, 4421, 896, 4970, 6371, 1962, 2307, 6103, 6277, 6086, 1703, 8915] 
Weights: [2368, 5397, 4772, 4781, 5876, 5156, 6212, 6242, 4673, 6181, 5212, 3806, 5070, 4943, 4041, 5991, 5476, 4389, 5545, 5343, 4858, 4006, 3199, 5578, 4064, 5351, 3733, 3220, 5370, 6045, 2231, 3382, 4495, 5696, 5465, 3565, 5371, 6087, 6116, 5860] 
Capacity: 6247 
Capacity ratio [capacity/sum(weights)]: 0.033 
Maximum value for profits & weights: 10000.0 
----------------------------------------------------------------------------------------------------
Number of qubits: 53 
Profits: [3571, 1113, 6634, 1195, 5123, 453, 6556, 2472, 6294, 6402, 9185, 7867, 8143, 1166, 6429, 8038, 6050, 457, 1908, 7097, 7677, 6721, 447, 50, 6296, 9988, 664, 7315, 8827, 1092, 1409, 2511, 2358, 5768, 6331, 7432, 5003, 8591, 7953, 2427] 
Weights: [5391, 5073, 4087, 4216, 6581, 5556, 6183, 3935, 5284, 5008, 4929, 6096, 1617, 5977, 4341, 5499, 6680, 5287, 6541, 6207, 6418, 6485, 3646, 1420, 4644, 4506, 5199, 6318, 3081, 4213, 6256, 5860, 4916, 5540, 6336, 5585, 6385, 6501, 5882, 4936] 
Capacity: 6721 
Capacity ratio [capacity/sum(weights)]: 0.033 
Maximum value for profits & weights: 10000.0 
----------------------------------------------------------------------------------------------------
Number of qubits: 53 
Profits: [4074, 9022, 9472, 2476, 1842, 5181, 4018, 3459, 5761, 7586, 1187, 5341, 3703, 1113, 93, 8813, 5839, 4196, 8114, 7551, 949, 4077, 794, 9997, 4616, 999, 4594, 6257, 7907, 3207, 6814, 8727, 986, 9273, 2503, 6741, 158, 9060, 771, 6641] 
Weights: [4849, 4718, 2527, 4786, 5835, 6038, 5196, 3843, 3855, 5783, 5917, 5350, 5139, 5582, 4982, 4046, 5251, 2466, 5126, 2472, 5667, 2240, 5761, 5749, 5241, 3771, 5606, 3545, 5460, 5120, 5000, 5909, 5640, 2534, 5423, 3240, 4289, 5276, 5003, 4720] 
Capacity: 6081 
Capacity ratio [capacity/sum(weights)]: 0.033 
Maximum value for profits & weights: 10000.0 
----------------------------------------------------------------------------------------------------
Number of qubits: 53 
Profits: [1219, 5407, 6399, 9070, 6145, 9966, 3600, 3950, 2410, 9212, 7279, 6804, 8664, 9135, 7840, 7581, 9413, 5921, 751, 38, 4063, 3246, 1247, 4868, 1426, 7175, 8202, 7085, 831, 3475, 599, 8803, 9854, 7537, 1726, 2760, 1857, 4796, 5460, 4924] 
Weights: [4438, 5217, 5877, 1691, 3418, 6067, 5689, 6422, 6479, 4073, 6312, 4309, 5063, 6309, 1953, 4903, 3578, 2375, 5420, 5176, 6446, 6588, 5359, 6534, 6242, 5985, 4886, 1187, 6510, 6250, 6509, 5873, 5515, 3093, 6125, 5554, 6495, 5700, 5532, 6116] 
Capacity: 6638 
Capacity ratio [capacity/sum(weights)]: 0.033 
Maximum value for profits & weights: 10000.0 
----------------------------------------------------------------------------------------------------
Number of qubits: 53 
Profits: [4699, 1583, 702, 8090, 9235, 2366, 8365, 8639, 526, 8701, 2373, 7709, 9445, 9877, 5163, 5217, 2220, 1199, 3991, 9585, 2620, 8720, 4233, 7766, 4357, 9260, 2443, 8048, 7124, 3525, 2513, 252, 6601, 3562, 6332, 7985, 6484, 4257, 1334, 246] 
Weights: [5660, 7316, 7428, 7152, 7084, 2262, 4379, 5374, 6175, 6574, 4251, 4048, 7231, 4275, 5355, 6552, 6872, 7743, 5210, 7827, 2790, 6972, 7804, 4762, 6029, 7739, 6755, 4580, 5775, 7706, 7050, 6714, 6693, 7621, 6844, 6623, 6887, 3131, 7749, 7573] 
Capacity: 7889 
Capacity ratio [capacity/sum(weights)]: 0.033 
Maximum value for profits & weights: 10000.0 
------------------------------------------------------------------------------------------------------------------------
------------------------------------------------------------------------------------------------------------------------
Number of qubits: 60 
Profits: [283386, 724421, 376847, 713302, 950010, 659096, 184301, 265161, 614649, 741598, 552602, 694091, 817360, 453211, 235550, 254588, 583028, 58549, 380497, 825437, 425304, 230706, 687584, 627115, 272711, 567804, 919495, 227127, 579769, 532531, 770934, 356244, 675907, 828815, 580656, 44259, 981000, 217538, 156879, 725632] 
Weights: [572544, 530344, 621608, 302254, 276034, 322587, 424436, 646545, 483657, 666822, 618592, 533763, 469924, 473526, 513089, 490790, 498350, 536992, 482634, 642407, 446473, 137845, 657752, 652081, 663117, 649320, 500987, 344126, 537753, 611697, 596945, 524117, 614186, 669152, 536813, 523247, 643524, 654087, 530982, 664057] 
Capacity: 680050 
Capacity ratio [capacity/sum(weights)]: 0.033 
Maximum value for profits & weights: 1000000.0 
----------------------------------------------------------------------------------------------------
Number of qubits: 60 
Profits: [173275, 23390, 508304, 144956, 361001, 200921, 502432, 122346, 748178, 331639, 472099, 371476, 322872, 353430, 518843, 678439, 952076, 898242, 381565, 700450, 50518, 857016, 836702, 866679, 99705, 282891, 822250, 319547, 699676, 500694, 507677, 402679, 445031, 97404, 551559, 963491, 968622, 608541, 221400, 124256] 
Weights: [590015, 357454, 724633, 479447, 165450, 545030, 432378, 708187, 571258, 611725, 316049, 759444, 793107, 751084, 777695, 728788, 745746, 778679, 572260, 540309, 644603, 747658, 782467, 667287, 736744, 779313, 465289, 658592, 789920, 633299, 586283, 392734, 243168, 706929, 733497, 642916, 719417, 744560, 705666, 439213] 
Capacity: 803051 
Capacity ratio [capacity/sum(weights)]: 0.033 
Maximum value for profits & weights: 1000000.0 
----------------------------------------------------------------------------------------------------
Number of qubits: 60 
Profits: [815759, 167045, 657289, 69828, 36325, 811436, 454686, 285202, 449387, 401652, 655600, 120187, 223491, 838546, 608510, 584707, 887892, 881574, 931683, 585700, 445824, 538002, 395876, 182916, 487553, 401207, 380564, 934045, 658627, 683692, 223006, 203823, 97743, 970078, 626483, 402691, 487188, 754111, 195801, 919400] 
Weights: [621283, 89906, 515589, 399254, 511795, 564899, 544323, 358743, 404918, 597896, 620391, 587599, 571100, 414920, 602797, 249692, 451877, 582543, 460149, 603770, 568043, 607263, 557939, 463144, 577095, 234955, 74120, 591899, 587535, 460413, 558320, 478005, 467854, 342358, 601387, 562128, 403421, 580571, 468233, 462580] 
Capacity: 625062 
Capacity ratio [capacity/sum(weights)]: 0.033 
Maximum value for profits & weights: 1000000.0 
----------------------------------------------------------------------------------------------------
Number of qubits: 60 
Profits: [506685, 359719, 287673, 794645, 503259, 190387, 670460, 576649, 143786, 342529, 411124, 939271, 893756, 328078, 848966, 802845, 17780, 996222, 108245, 791298, 265986, 496232, 704894, 134704, 375301, 703454, 398805, 25345, 908200, 158195, 560675, 784117, 172614, 301000, 11020, 637059, 958934, 281435, 52772, 763371] 
Weights: [543266, 436534, 462591, 684897, 410836, 676555, 581939, 573747, 561583, 578767, 572860, 667943, 471730, 383828, 423883, 673812, 547642, 505456, 456524, 470626, 602153, 383624, 549094, 556808, 635360, 686790, 420045, 650373, 420367, 342659, 631722, 487082, 644803, 565874, 507403, 515620, 401952, 510240, 651124, 469858] 
Capacity: 688141 
Capacity ratio [capacity/sum(weights)]: 0.033 
Maximum value for profits & weights: 1000000.0 
----------------------------------------------------------------------------------------------------
Number of qubits: 60 
Profits: [809854, 628316, 595300, 396971, 640016, 633031, 581884, 191134, 829854, 838280, 544917, 67672, 485000, 270379, 982579, 440832, 408471, 905501, 564346, 191352, 764001, 490368, 858335, 798213, 702909, 39750, 706555, 587063, 91173, 417684, 524642, 467329, 144090, 929717, 488964, 530101, 631523, 819408, 368081, 820335] 
Weights: [306570, 302956, 181980, 486241, 670379, 712567, 706007, 621099, 568927, 506502, 339158, 523253, 700598, 662643, 658658, 607527, 481089, 670542, 697936, 640735, 662621, 702068, 634471, 649821, 654572, 390365, 604200, 620070, 495996, 326314, 649294, 493866, 588944, 639513, 55738, 704578, 496832, 629314, 561381, 633525] 
Capacity: 713156 
Capacity ratio [capacity/sum(weights)]: 0.033 
Maximum value for profits & weights: 1000000.0 
------------------------------------------------------------------------------------------------------------------------
------------------------------------------------------------------------------------------------------------------------
Number of qubits: 73 
Profits: [6088921091, 5232262153, 8318554518, 4435026716, 8841309729, 1166495997, 8711030443, 1968444463, 162143624, 9365940409, 7629030556, 6868730746, 3239131571, 3175338517, 4123150860, 5455430806, 7317939430, 7934025369, 9418666690, 2523801167, 3220402403, 497658182, 5122921270, 4762526447, 5157448130, 123794433, 9670973514, 7922333296, 8311046600, 1047206140, 1007614931, 5252151412, 3463111863, 7988383904, 7281139304, 9875336520, 9181506399, 5914179524, 7960959421, 8858308748] 
Weights: [4709094449, 2364000942, 4466353086, 4966301393, 4873329098, 4842786224, 4195457931, 3255158873, 3387443923, 4008062577, 3916121468, 4828616078, 3616332436, 2732967415, 2025901813, 4635369302, 4697752523, 3208847581, 3123543070, 1466004355, 2830321377, 4064730895, 2710905293, 1657618437, 4964084647, 3377901625, 4466359870, 4335739789, 3987937717, 4621545791, 4683501351, 4400694041, 4811256617, 4386034351, 4312575236, 3304111745, 3646063026, 4242784011, 4919598495, 1423461886] 
Capacity: 4989903932 
Capacity ratio [capacity/sum(weights)]: 0.033 
Maximum value for profits & weights: 10000000000.0 
----------------------------------------------------------------------------------------------------
Number of qubits: 73 
Profits: [5212978101, 2442553961, 6737905384, 4983731393, 2230189736, 2357541363, 3404089140, 7505402934, 5805725858, 1651711710, 4135535386, 6647414970, 3466957260, 7970021056, 9937587675, 7639697221, 501004060, 8370208719, 2159564741, 6731718586, 3255378150, 6556839743, 2763389674, 3994431261, 7486452888, 6454059182, 8425785444, 681745876, 2301052532, 3338113622, 4610676767, 8015690479, 5415589090, 9259694906, 9587203533, 6029233923, 81523331, 1120998536, 7045332511, 8252709628] 
Weights: [3693101508, 3645994684, 6244760770, 2610925758, 5049738179, 4782865809, 5422623785, 5892044308, 5255443408, 5954062627, 4796604647, 4442522870, 4584282596, 6170580810, 3164392886, 5526906911, 5716167850, 5849509685, 5737081823, 1842869452, 1880217234, 5148036939, 6169994063, 6233741999, 5475977731, 4791346154, 5230144911, 5826884943, 5641517595, 6130973118, 3194663587, 5396992885, 4775676946, 5092599876, 3928194905, 1733752323, 5508507662, 6284379875, 6218354759, 4520500394] 
Capacity: 6308239350 
Capacity ratio [capacity/sum(weights)]: 0.033 
Maximum value for profits & weights: 10000000000.0 
----------------------------------------------------------------------------------------------------
Number of qubits: 73 
Profits: [1147149190, 3314928455, 3391566668, 3340292735, 467246797, 5547523397, 3108284044, 2277735614, 1369022770, 19820899, 9095362270, 4855683819, 405519724, 8974134885, 5773858179, 3757339848, 3312755272, 4583840123, 5584141016, 1187117520, 4623902810, 963811209, 3633977673, 907639761, 6747974201, 4188034263, 8589576070, 9420759905, 3528294090, 2601919542, 7410175814, 4429566622, 8753634858, 8695301604, 4303434360, 6298529457, 3013382180, 6734035601, 6889517305, 99855206] 
Weights: [7074835292, 4349217317, 8268174159, 7227368719, 5954405521, 8144785194, 2943450371, 1850165303, 4864967987, 4570780165, 8036179315, 4783883774, 6522037788, 7330865700, 7721703636, 4369697291, 5996034632, 6527349019, 7525971578, 6507104242, 7538774859, 7988165315, 6012691811, 7262072788, 6348825059, 8339666691, 7587090682, 8158878185, 7303160699, 6030875045, 7140473551, 6163270689, 7543079710, 7404645698, 7829943645, 6037217808, 5334178340, 7937250173, 6777731144, 7802052437] 
Capacity: 8426087254 
Capacity ratio [capacity/sum(weights)]: 0.033 
Maximum value for profits & weights: 10000000000.0 
----------------------------------------------------------------------------------------------------
Number of qubits: 73 
Profits: [9322692236, 4182366273, 9822903786, 2946860336, 6919307460, 4722031333, 3637450074, 6764820944, 5807530340, 4833153292, 7673043339, 5714150491, 8235991708, 2116716457, 9463879560, 7870496778, 9941298687, 7203541306, 2866180536, 1087266393, 9719003382, 3265940334, 5668625199, 820060193, 9093845413, 2086935767, 267889698, 3017983362, 4733472206, 5493678782, 1899351960, 5094535911, 2787475783, 9935399706, 170782952, 956617093, 5580111383, 715949883, 6734033260, 3477905541] 
Weights: [781296864, 3382422278, 6986742649, 7107600044, 6979357941, 7335901547, 4545426611, 6628241379, 5013492192, 3773759404, 4859494403, 6737630693, 6944554978, 6906813660, 3830538915, 5469194826, 6485261977, 6039218100, 4399578073, 6352683001, 6712888129, 6581168086, 6880454243, 6219728263, 7122695922, 4395676672, 6361363103, 6129435861, 6105289228, 6519838622, 5082118228, 4148413445, 6255295499, 6812825897, 6599663065, 5265089900, 5262442436, 7460659778, 6815283920, 5079764818] 
Capacity: 7503417558 
Capacity ratio [capacity/sum(weights)]: 0.033 
Maximum value for profits & weights: 10000000000.0 
----------------------------------------------------------------------------------------------------
Number of qubits: 73 
Profits: [6117974675, 7791046899, 9787922533, 2482411232, 4676536716, 9414627890, 3141112726, 8931607965, 1882088924, 3269963166, 6318127325, 497549001, 3231112935, 6113319644, 3354763737, 6383952388, 7665973756, 85969996, 8573486402, 877585937, 8654102613, 2576536989, 2387505118, 2645093521, 2946612397, 3342105220, 297402306, 6105017182, 9365242635, 1618808666, 8251735004, 6561855398, 8844182129, 2331785161, 7023926600, 8300715211, 4718629984, 6996283495, 63559045, 8643449692] 
Weights: [4791862546, 2602197087, 5081840058, 5017773801, 4060783955, 4028916214, 3894516456, 4716854693, 4520845786, 4204230793, 5082951864, 5082628455, 3027764339, 5171121893, 1339609848, 4134234821, 2120715125, 4605646655, 4649892401, 3937004393, 4272844729, 2669032619, 4810374093, 4345221508, 5139693183, 4182749537, 5200107019, 4185089460, 2527240252, 4932339896, 790861349, 4826216747, 3059129902, 4000338737, 4164148558, 3205531133, 5118080922, 3108734048, 5186538837, 2184058473] 
Capacity: 5208119722 
Capacity ratio [capacity/sum(weights)]: 0.033 
Maximum value for profits & weights: 10000000000.0 
------------------------------------------------------------------------------------------------------------------------
------------------------------------------------------------------------------------------------------------------------
Number of qubits: 100 
Profits: [609271123407039, 436363283872859696, 780295960906652685, 520836685192334453, 733676208005932203, 490546290318839484, 578004520046024758, 657955794357393200, 960068196559617464, 874158042980480609, 853415150900455582, 621860163677549033, 658882542606815282, 253673784980640228, 256367343103383761, 956719099888920747, 193406046542319970, 84378411562639805, 12334194751208132, 623246607691680906, 549927139479851120, 856979122653437449, 129406646155937045, 315930121076226155, 650567611421805098, 917153906052967498, 370732606188334557, 103583188573242167, 581648740747030484, 461612212002613107, 26146231904845008, 560515458262328696, 196118947553217922, 810519743410229022, 760493827522552380, 270347025305698244, 313015624422940686, 842800725882431086, 704413693783106964, 228425079198803394] 
Weights: [498933678771532200, 135146778915147704, 735120506175439415, 722523119067524320, 593022035293346643, 452876079024612553, 689887473986509221, 635604157368113215, 679480416798373653, 453621288570496271, 493142748996781514, 543641563669780772, 738122968194350299, 415452593315545683, 659467502017493465, 624389504621605385, 681334150718222820, 716581482929941501, 697345502803500704, 748271852145812102, 470217945161987264, 744424202231677500, 636648971216695108, 660024099290389485, 588888774528515562, 543903003295900063, 658328223995188124, 485726377596154287, 571591050485638185, 743377558812949516, 468397085310442873, 694410986110018178, 599705150116431501, 761898428305281603, 451785808582774035, 521430125333023728, 690967194756399747, 641307369023493827, 243390800105974667, 676443853783349098] 
Capacity: 762133662640385664 
Capacity ratio [capacity/sum(weights)]: 0.033 
Maximum value for profits & weights: 1e+18 
----------------------------------------------------------------------------------------------------
Number of qubits: 100 
Profits: [568562819756248468, 547064406107601337, 413403246249235057, 192100610303071850, 650835905940139720, 845226259384739069, 115701277601851874, 385127089700463434, 482681622563736447, 312609950238500157, 448934216462157108, 992843078781693452, 948114632090509475, 332797969236192355, 696885146025915335, 312119089700693918, 244462731903391291, 112164019795481251, 895784056280198286, 275659252568319387, 294434359293454336, 420195626061377463, 24186257796646046, 715125823685879368, 618113324744712478, 445443060521260466, 14363829325537603, 445366018520899565, 790825138661344367, 658785133765806330, 595487748044898270, 219615818738204808, 111376049300499479, 335734624328497148, 943260805247318463, 301116196159424886, 7648405295781951, 257770161698776135, 954080220802279667, 458045755521803464] 
Weights: [342261720631193393, 656109754947515054, 399588744072802587, 743316081833251275, 493028230931678502, 705763673860738242, 618770481653913871, 643853892082362105, 754255519998802567, 757669702258058094, 613348641658486837, 654154087822663067, 704351936351107679, 558645851625107082, 738877502099396652, 759006929190841635, 463544702618836689, 189378367714441699, 705521412940989102, 427250348673701222, 730698622289083613, 593319141894194291, 712229473874430634, 614813141986069217, 700348798854741264, 682601584247898022, 778155596937034985, 278883861341211551, 758614412637176200, 749410479546519961, 656162973321122852, 585473446557075015, 708351818065030839, 563286624543876673, 705835426660906766, 585611642792398139, 479175239295699411, 707174482684174118, 235843825993381534, 446018845488938904] 
Capacity: 783979097386646656 
Capacity ratio [capacity/sum(weights)]: 0.033 
Maximum value for profits & weights: 1e+18 
----------------------------------------------------------------------------------------------------
Number of qubits: 100 
Profits: [96866534745361498, 209548631469838670, 924396257435122392, 911291185576611151, 109040122547432236, 186978397506911456, 897985503259966449, 967929645458842952, 845527168363674395, 541009472611610325, 541108673701975398, 809397549441764498, 257091017808121048, 311002359650608893, 664277059936299696, 329836212458822081, 675881046290559717, 397354187656193837, 583236765866432012, 280133406695863799, 426292197419656654, 438368617956013126, 458138026605683482, 765261558709088576, 787798039618508589, 483419078332776409, 335328582643074251, 83370401997106540, 157344651798157217, 599580097348551567, 382896014118480904, 14009426409988254, 960635805981563261, 769212621273861018, 575797264028107712, 302410055342808700, 958913003990271837, 910335958420153381, 460628674139427821, 894851793396187489] 
Weights: [710464503030915363, 725132400980913068, 729221304637022253, 703304542292935274, 606497792528688020, 699327890680836097, 719862836628271486, 547333370230686978, 416854836087535950, 505525299866618600, 725288208269544526, 418180333107035333, 382267712895521722, 102005698249518211, 564466885238179208, 445261730593437651, 709085018247114587, 747380923694620793, 627791524654081703, 496583318469552468, 539573415608080363, 650410825920101063, 747129302857382816, 634602598159154627, 737270847013844126, 480663976385470776, 718695458168988694, 608882909981484444, 616885297438690195, 267989685781471384, 739045276112409318, 439237321525439849, 696058597066259398, 559716856452107770, 475103703828335413, 640826430487296899, 424413454271847268, 733849365490811193, 425513462485536802, 259436374721502533] 
Capacity: 749972648309564416 
Capacity ratio [capacity/sum(weights)]: 0.033 
Maximum value for profits & weights: 1e+18 
----------------------------------------------------------------------------------------------------
Number of qubits: 100 
Profits: [406528875435035387, 683695160323644001, 921259223713349156, 923726663741476081, 730047737804629697, 167401544176876002, 124412132410227628, 17758680523460564, 480986664342057476, 993112715384383512, 157799124216157421, 436142151261739972, 442230130814898165, 608517451815062956, 928948777269419235, 131662071806965894, 171075954506599007, 258321978415913733, 598278380901734231, 573581059053207796, 125196910346372766, 263989631798347097, 562837660463396936, 637647187964597803, 474401915931074400, 83782385192588774, 90985041053860104, 176260456119807849, 559931271923135004, 280583655700090846, 347561549799667060, 647170394392181908, 821591911204354008, 560835701770517864, 351801442483594577, 560765412985803442, 741215869400170063, 256728452050419159, 223261987428026691, 54557769548168651] 
Weights: [620069585859281513, 488163437979751724, 481563337849894542, 637442576338561848, 471534919493661666, 518495222910310740, 466896767577691738, 81294147775113429, 571707821415457714, 631084137682626561, 594865870116824406, 51823468574122807, 516131024194721418, 481462686167321897, 613809923588064371, 631364040576203067, 447167940797883508, 447431147061861711, 503777198833827992, 607505684217515570, 467145113543016085, 560493981564982458, 629080779417006930, 370795980624112795, 485847332051311032, 550994920190002183, 476825916369649460, 633665400968135077, 433372707701741485, 597512163118088138, 263322277469689324, 609390202220231912, 615991958286086170, 304603894787503946, 606651678934880336, 379604486699833492, 494710291202477942, 629459202412969465, 466606603407831810, 237412163734863414] 
Capacity: 641680329254055808 
Capacity ratio [capacity/sum(weights)]: 0.033 
Maximum value for profits & weights: 1e+18 
----------------------------------------------------------------------------------------------------
Number of qubits: 100 
Profits: [94985794146622379, 688466620470140621, 943483011716190796, 285313062695602567, 342693054100278505, 152969660321705741, 200404636189131470, 4141469215730373, 325799768666551636, 486502535652711782, 207745772081407832, 53156468666268467, 773543609687137438, 56459436185744351, 239711366866247336, 960685158626843994, 159964267443769908, 38524423741577067, 209116693259927752, 362911862980671607, 330711221126185677, 578622803459555500, 221979416574983641, 110983385857203205, 56141718796062474, 146030292085760310, 581515763829838803, 756518602407028872, 871182418065428216, 152713936466928108, 381736885965815632, 668712630964464525, 354015051245125352, 817646448887280969, 138570427279721775, 670720618616612943, 777117500059049203, 595712795097541968, 896401294002752280, 797690240832201010] 
Weights: [453450950763745932, 687618238483379911, 601650272702494653, 617511382082130836, 635021301004509327, 372724025493170497, 314328721697364005, 584172012826701917, 527547961438174477, 306887304330172994, 688558949781293201, 140099696729215354, 610705084875400628, 504191457363620549, 293495942969973758, 534395534462804506, 539861215135658502, 653972168459368681, 599995273637684800, 383246150427688335, 705864349846702734, 629734342544090097, 598980580373488302, 707600406613782782, 526270658307142078, 668766977147687000, 611600994226707357, 641614288126424995, 687148758393877228, 625592872720569450, 332909599390883132, 649023732441021762, 418249358994309300, 498473475190544925, 644150358347297305, 620479947021800299, 708430328420838241, 703388229773365482, 620723104457226085, 546735436560450807] 
Capacity: 714868886230194816 
Capacity ratio [capacity/sum(weights)]: 0.033 
Maximum value for profits & weights: 1e+18 
