Number of qubits: 40 
Profits: [113500, 720610, 188655, 369630, 745701, 856450, 41152, 726138, 787270, 774822, 315922, 479405, 764886, 54663, 726816, 16446, 282164, 868019, 589316, 164249] 
Weights: [455352, 388995, 693005, 336620, 523622, 661961, 712763, 274866, 668493, 713125, 725866, 718716, 166203, 308941, 177515, 658994, 532113, 752332, 623318, 508685] 
Capacity: 808679 
Capacity ratio [capacity/sum(weights)]: 0.08 
Maximum value for profits & weights: 1000000.0 
------------------------------------------------------------
Number of qubits: 40 
Profits: [783499, 568933, 623379, 4016, 526107, 848869, 157925, 181203, 123652, 985598, 213291, 146927, 214504, 227278, 709294, 933273, 881077, 570332, 271503, 544124] 
Weights: [428494, 429807, 288891, 249268, 628286, 649401, 530839, 590157, 695771, 691641, 518675, 663859, 472725, 650568, 494360, 763571, 263072, 251991, 346659, 711699] 
Capacity: 768918 
Capacity ratio [capacity/sum(weights)]: 0.08 
Maximum value for profits & weights: 1000000.0 
------------------------------------------------------------
Number of qubits: 40 
Profits: [531521, 98589, 378361, 550231, 427999, 491602, 725892, 288313, 347141, 392526, 391859, 626247, 175741, 590402, 781410, 552000, 293402, 429855, 856996, 1860] 
Weights: [592558, 729464, 589837, 691775, 620452, 516836, 305385, 401631, 473764, 477219, 379317, 229046, 595755, 732215, 694014, 286741, 277009, 376915, 471395, 339886] 
Capacity: 757361 
Capacity ratio [capacity/sum(weights)]: 0.08 
Maximum value for profits & weights: 1000000.0 
------------------------------------------------------------
Number of qubits: 40 
Profits: [990175, 822566, 206882, 330663, 972132, 809117, 232343, 969347, 313310, 296201, 127120, 359380, 214092, 187705, 816383, 740368, 178060, 673722, 605968, 67302] 
Weights: [620959, 568155, 525849, 106805, 452457, 638016, 711787, 475491, 885619, 674408, 813894, 716826, 581762, 898135, 549752, 462220, 340060, 460922, 812239, 835056] 
Capacity: 906567 
Capacity ratio [capacity/sum(weights)]: 0.08 
Maximum value for profits & weights: 1000000.0 
------------------------------------------------------------
Number of qubits: 40 
Profits: [790282, 732477, 24260, 117597, 450243, 170110, 673049, 815464, 304185, 439463, 622769, 698829, 884212, 890635, 189484, 223076, 636685, 674839, 495218, 229497] 
Weights: [689662, 724593, 391977, 743367, 603969, 702508, 647504, 438394, 331508, 679130, 523021, 602154, 687910, 822448, 582514, 427270, 571397, 186154, 110111, 800568] 
Capacity: 837821 
Capacity ratio [capacity/sum(weights)]: 0.08 
Maximum value for profits & weights: 1000000.0 
------------------------------------------------------------
Number of qubits: 40 
Profits: [287888, 949370, 45659, 485113, 79073, 128240, 76228, 356532, 266889, 356103, 195055, 725890, 736741, 940067, 669830, 720862, 26891, 755333, 663758, 802779] 
Weights: [978237, 867830, 1005355, 505202, 848354, 633460, 713239, 876612, 331053, 949633, 508939, 681479, 575476, 450172, 345568, 684836, 791017, 581933, 520014, 837143] 
Capacity: 1031061 
Capacity ratio [capacity/sum(weights)]: 0.08 
Maximum value for profits & weights: 1000000.0 
------------------------------------------------------------
Number of qubits: 40 
Profits: [422255, 199311, 414529, 368733, 38432, 190682, 202614, 244862, 624857, 906523, 562492, 969673, 137229, 643935, 992014, 856602, 130855, 80267, 486317, 221729] 
Weights: [645970, 597828, 586133, 690366, 547097, 242279, 339960, 607451, 411119, 623605, 381038, 722638, 724689, 460187, 192139, 425626, 455473, 519761, 362287, 277367] 
Capacity: 767729 
Capacity ratio [capacity/sum(weights)]: 0.08 
Maximum value for profits & weights: 1000000.0 
------------------------------------------------------------
Number of qubits: 40 
Profits: [836129, 892673, 430664, 51785, 233630, 728429, 317431, 972158, 410446, 636902, 420524, 149401, 938335, 792358, 747220, 844821, 264855, 46378, 471633, 824572] 
Weights: [724321, 537355, 190507, 568665, 709093, 358341, 541557, 472912, 737207, 385900, 615135, 676354, 397587, 409894, 383928, 322078, 388378, 463019, 352579, 292566] 
Capacity: 741350 
Capacity ratio [capacity/sum(weights)]: 0.08 
Maximum value for profits & weights: 1000000.0 
------------------------------------------------------------
Number of qubits: 40 
Profits: [102615, 689380, 380884, 341646, 529967, 964705, 208947, 18184, 86739, 110812, 995815, 797112, 576294, 3932, 261909, 515193, 422075, 269990, 584057, 305642] 
Weights: [705030, 640182, 387578, 460210, 311475, 539490, 452604, 457953, 546563, 511938, 428016, 534855, 684540, 312193, 425929, 442055, 649669, 769685, 530230, 595977] 
Capacity: 783935 
Capacity ratio [capacity/sum(weights)]: 0.08 
Maximum value for profits & weights: 1000000.0 
------------------------------------------------------------
Number of qubits: 40 
Profits: [793130, 115150, 379413, 918639, 148457, 497868, 340351, 401636, 826515, 790420, 496769, 433257, 659288, 828960, 759732, 320413, 510545, 304647, 172663, 706749] 
Weights: [428491, 576240, 261984, 628675, 563016, 363818, 642511, 632788, 186140, 582188, 408654, 465983, 550199, 295394, 296948, 488101, 206492, 293312, 271287, 476658] 
Capacity: 652540 
Capacity ratio [capacity/sum(weights)]: 0.08 
Maximum value for profits & weights: 1000000.0 
