Number of qubits: 49 
Profits: [2895559, 7206457, 2113406, 6249093, 6643735, 2101624, 5088584, 1381153, 4812087, 2923596, 5023142, 6314802, 8257867, 1729279, 3652347, 3580507, 5914151, 2348443, 6155450, 7118484, 5273896, 7335178, 9447438, 3386996, 8595230] 
Weights: [7265412, 4678596, 6357885, 7091949, 6811488, 7981457, 7085798, 7199718, 5169829, 8694097, 557178, 5325547, 1845132, 7295848, 1639234, 6249038, 328432, 4964538, 8303610, 3165507, 4905482, 3678012, 3320003, 4146658, 1190064] 
Capacity: 8696654 
Capacity ratio [capacity/sum(weights)]: 0.07 
Maximum value for profits & weights: 10000000.0 
----------------------------------------------------------------------
Number of qubits: 49 
Profits: [2146846, 9887867, 5545124, 3920182, 3322632, 2068988, 1449662, 9526788, 4157977, 3588560, 8408941, 143312, 9336074, 6711980, 6337067, 3029262, 6216554, 8512541, 9499569, 42948, 2646335, 4444884, 5352266, 9650876, 6515392] 
Weights: [7877650, 4051022, 7908888, 7198575, 7765841, 4173215, 3405661, 1722047, 9165578, 4502698, 3058765, 6027986, 7170287, 8990119, 3290409, 4063995, 5041820, 6449768, 9104994, 1352291, 7901469, 5507884, 6709770, 2213169, 2925204] 
Capacity: 9440942 
Capacity ratio [capacity/sum(weights)]: 0.07 
Maximum value for profits & weights: 10000000.0 
----------------------------------------------------------------------
Number of qubits: 49 
Profits: [5521418, 7634492, 5444359, 8550748, 9453246, 4244522, 3573318, 3549128, 2855455, 8061715, 9874122, 5122989, 4734300, 6331979, 8300799, 3953274, 618305, 279219, 1251535, 9384144, 4091893, 5505342, 3592005, 4644272, 4596933] 
Weights: [4195917, 4706211, 6559375, 2153635, 7189142, 9186017, 6668776, 8551662, 3690232, 4213331, 4473469, 6540840, 3746127, 6146699, 5588870, 7180439, 6895358, 5582754, 4679608, 2159597, 5032961, 6180658, 8162612, 3507363, 5404312] 
Capacity: 9330714 
Capacity ratio [capacity/sum(weights)]: 0.07 
Maximum value for profits & weights: 10000000.0 
----------------------------------------------------------------------
Number of qubits: 49 
Profits: [8921651, 7359438, 2788149, 2261393, 5158152, 7478639, 6999863, 6065412, 6908248, 2888780, 1221680, 4716485, 5619921, 9481827, 4549242, 463126, 904839, 4093630, 2717950, 7469712, 2461606, 9590935, 5248697, 7769292, 9346377] 
Weights: [7177321, 2135450, 8425484, 5857248, 7996685, 9377147, 6461293, 945359, 5373540, 4281483, 7599989, 1073296, 9577964, 8119538, 7239548, 8829262, 5687784, 3726271, 4033429, 704255, 7292335, 9267848, 1019595, 4776177, 4146225] 
Capacity: 9599643 
Capacity ratio [capacity/sum(weights)]: 0.07 
Maximum value for profits & weights: 10000000.0 
----------------------------------------------------------------------
Number of qubits: 48 
Profits: [3736118, 9017727, 4384010, 489574, 5940900, 9376646, 8810692, 9466713, 2371673, 6991819, 6843904, 958775, 7082572, 9331422, 2429152, 5418222, 7218483, 2636290, 2751138, 6451947, 2126814, 4320004, 3083159, 9192193, 807147] 
Weights: [1530795, 4259548, 3043942, 3919600, 5588909, 5382399, 2209445, 1322725, 7573244, 1565516, 1706822, 7413981, 5654756, 7693719, 5254061, 6880253, 6340109, 7588530, 5216581, 4671603, 2428898, 3804991, 3174763, 5877309, 6054843] 
Capacity: 7714031 
Capacity ratio [capacity/sum(weights)]: 0.07 
Maximum value for profits & weights: 10000000.0 
----------------------------------------------------------------------
Number of qubits: 48 
Profits: [6252095, 6668117, 2554008, 6182225, 8143007, 3478939, 4637660, 4189613, 2938274, 2308286, 5665054, 9744853, 8979286, 6245517, 1849890, 6841218, 3955983, 9294387, 2895969, 9312173, 2449046, 2380934, 6757290, 1840691, 5237779] 
Weights: [3587910, 5660113, 4194609, 5595557, 4126876, 2801766, 6401331, 8064955, 4865035, 3438032, 4367368, 5305080, 7917570, 5172910, 2927010, 4094063, 5132795, 5042938, 2641444, 7158344, 4936904, 4699949, 4961818, 2643620, 7609764] 
Capacity: 8140881 
Capacity ratio [capacity/sum(weights)]: 0.07 
Maximum value for profits & weights: 10000000.0 
----------------------------------------------------------------------
Number of qubits: 49 
Profits: [3620985, 3934079, 9993904, 750226, 511846, 4772205, 8596549, 7201767, 1001620, 9711164, 1712503, 6322340, 9635877, 5010985, 3807352, 8370742, 410140, 2749819, 691294, 9053245, 9475725, 4437362, 4738760, 7460453, 3251267] 
Weights: [7464474, 2358131, 4188587, 8785161, 9767975, 1378279, 8066032, 9034151, 4357832, 5376303, 2085766, 4700403, 8767155, 9776376, 2039127, 8020865, 7729750, 6739151, 8272393, 5246139, 9064910, 7280967, 5161157, 565170, 6583076] 
Capacity: 10253561 
Capacity ratio [capacity/sum(weights)]: 0.07 
Maximum value for profits & weights: 10000000.0 
----------------------------------------------------------------------
Number of qubits: 48 
Profits: [7388076, 1789103, 7283410, 2245794, 7693414, 5899597, 1828693, 3497174, 6747612, 9825400, 1724632, 7539680, 4236561, 8847351, 4988430, 5216683, 9257494, 9911184, 9596160, 9580818, 3902371, 1879364, 2944948, 2695989, 5820790] 
Weights: [3248294, 5594251, 3548253, 7661376, 7664154, 7133614, 4123300, 3400694, 3191175, 4761880, 7273346, 6123365, 7653874, 4156261, 2281148, 4188782, 7518636, 1622140, 2441654, 2338435, 3039055, 4384544, 3870505, 3794144, 2499976] 
Capacity: 7774411 
Capacity ratio [capacity/sum(weights)]: 0.07 
Maximum value for profits & weights: 10000000.0 
----------------------------------------------------------------------
Number of qubits: 49 
Profits: [8276631, 4872646, 741457, 68697, 3789365, 9579190, 575541, 7699586, 6934202, 8792716, 8777, 6795798, 3129639, 4950019, 2265423, 4524295, 5200244, 8965081, 2996786, 8915636, 7218968, 9841436, 9603526, 8486064, 6156842] 
Weights: [7133762, 7595035, 6469373, 1306796, 6824232, 2707650, 4246372, 7649846, 7302725, 2768489, 3399766, 3326636, 4371305, 4344559, 4384137, 4842776, 3978364, 5848809, 4409691, 8434830, 4958192, 7266660, 7906949, 7449778, 6065657] 
Capacity: 9043291 
Capacity ratio [capacity/sum(weights)]: 0.07 
Maximum value for profits & weights: 10000000.0 
----------------------------------------------------------------------
Number of qubits: 48 
Profits: [7966405, 5264842, 9242264, 9972507, 1996310, 3156612, 5142031, 633010, 5905682, 3883923, 1040031, 5258880, 8247067, 2865740, 1474987, 4948777, 6868902, 9274889, 1106589, 9699507, 5954489, 7991524, 6521864, 8565129, 4325953] 
Weights: [4516143, 5595623, 7139604, 3230620, 7830392, 6558980, 5435063, 3604491, 6775727, 2299925, 3689239, 2563032, 4218629, 2882764, 1856589, 6479361, 5089795, 4963641, 2370737, 6560503, 4268378, 5699385, 6864165, 3270985, 2201283] 
Capacity: 7994248 
Capacity ratio [capacity/sum(weights)]: 0.07 
Maximum value for profits & weights: 10000000.0 
