Number of qubits: 68 
Profits: [906628185, 9376499588, 9788850419, 1044441039, 3133107217, 6735637916, 481515435, 1826434039, 2244097838, 5183906371, 501449895, 9584496536, 8794277411, 1073855395, 5295905750, 8259923983, 8073740136, 765715321, 290525217, 9201929416, 3297491428, 3272432993, 4680694963, 219732381, 5127687725, 8805552090, 5449645984, 9883753114, 8781006807, 1512541046, 3879232258, 2960329762, 7716401135, 670099099, 4929188870] 
Weights: [8262725052, 6606049056, 8079950942, 4923302535, 6556414285, 4243869474, 4600220592, 2893582506, 1809808658, 3294242517, 5939436013, 7600791786, 6416237678, 1866538470, 5451627176, 5924173470, 4415086802, 1874546796, 2524513050, 8028440718, 5545853671, 2486178410, 2247728346, 6267564206, 2860194110, 7178463475, 8069176588, 3450529774, 2345360494, 4024162065, 8070403109, 4045012412, 5923696411, 7205856165, 8051338140] 
Capacity: 8580281341 
Capacity ratio [capacity/sum(weights)]: 0.05 
Maximum value for profits & weights: 10000000000.0 
------------------------------------------------------------------------------------------
Number of qubits: 69 
Profits: [6197945670, 372950105, 600913626, 869488000, 7002215466, 4384806398, 5564462149, 3544356358, 7211129712, 4399679442, 3046236957, 7674208095, 1158027930, 5138555780, 9542950176, 3465605885, 2857092169, 1865878912, 8850434807, 7601318395, 7527550133, 8227820721, 3391487884, 3628084889, 1418230486, 1957245950, 6613839654, 6007379966, 8759452439, 9624820407, 3695977145, 3114923991, 627738709, 448143121, 537352305] 
Weights: [7157341650, 4249113198, 2909103494, 6922781495, 2389956238, 6445414608, 7578138370, 6385885075, 8965477023, 7026887059, 4347802968, 7018179838, 5377614373, 2590267142, 6915249486, 3912141000, 3662637110, 7106474106, 2830816604, 6357742160, 5733986788, 6155362784, 4860880454, 6717968091, 4963084442, 1700734641, 5973851718, 7998688387, 3500749262, 8773712124, 1098197749, 8312746180, 2659420554, 4003045885, 7785489832] 
Capacity: 9146500433 
Capacity ratio [capacity/sum(weights)]: 0.05 
Maximum value for profits & weights: 10000000000.0 
------------------------------------------------------------------------------------------
Number of qubits: 68 
Profits: [4427264060, 3366102327, 3008487018, 9971153229, 3675525334, 5933755841, 2617118418, 1033729529, 8358814332, 719759918, 2496544457, 7010393143, 1216003385, 3913372843, 8619640530, 4799323367, 9791908219, 5432981152, 977975565, 7219439648, 5052283489, 9674572909, 9200357550, 1863821008, 431487810, 8649028555, 1546631069, 9058321543, 3035026591, 3549879578, 1977033575, 7001366537, 3090449984, 3783124714, 8966127718] 
Weights: [6571736634, 5152820889, 5385563616, 6202025930, 6502755040, 5416709346, 2760607661, 2925445036, 4928601331, 1682128916, 4327112546, 4001267383, 2003610203, 6650303359, 6765967928, 1774664678, 7125785268, 2206476213, 7507766874, 2975192680, 6010276094, 7782926984, 1927388121, 2930206010, 4929425547, 3494659759, 5954387797, 4043077185, 7590798502, 7066354524, 5841004860, 6533740320, 6026088955, 5803951966, 1908717319] 
Capacity: 8442861346 
Capacity ratio [capacity/sum(weights)]: 0.05 
Maximum value for profits & weights: 10000000000.0 
------------------------------------------------------------------------------------------
Number of qubits: 69 
Profits: [5574182770, 7241725984, 3023933447, 7161065567, 414952478, 1743244424, 5476955137, 6082074250, 1893822910, 4645767061, 8633746819, 9039442086, 4304667725, 7333325031, 923707471, 8598120822, 8443123755, 7534032824, 305066871, 8017171950, 6606900068, 8369501642, 1218405674, 6076403986, 4848327784, 1988221865, 4978047491, 1951331270, 60423342, 1585584140, 1852768671, 2014430974, 8453758750, 975482946, 4991724146] 
Weights: [7684047874, 2353263375, 4664230917, 2184799948, 7892415930, 4853825979, 7780337486, 6424528481, 4948536876, 8567681023, 4748115558, 7353767821, 5182680300, 3115095077, 6477086069, 5132815550, 3480479195, 8196003060, 8848202267, 2491769926, 7703234183, 4602387790, 4544612268, 7196573738, 7584778214, 5035312265, 2783993372, 2957421825, 1163229492, 3889642919, 4214689887, 6644805541, 4241490898, 9041425546, 3387371096] 
Capacity: 9202091376 
Capacity ratio [capacity/sum(weights)]: 0.05 
Maximum value for profits & weights: 10000000000.0 
------------------------------------------------------------------------------------------
Number of qubits: 69 
Profits: [2348579558, 7682585140, 7959050476, 6582443998, 4114423213, 3777218123, 4590805025, 6556502191, 8811924942, 5092186386, 3922938742, 3772273415, 8130321666, 1749095926, 5727672982, 3634110168, 1922429775, 2027356557, 5893803415, 9801951699, 4720130203, 1592034802, 1814813910, 7812089028, 3553070615, 5460873894, 2040176749, 3289710227, 9615328083, 1628534328, 3568962724, 5743864289, 7527582, 4995096552, 674402768] 
Weights: [7503670319, 7498074919, 9143475774, 8102440227, 9952010753, 9036902007, 4988892481, 9281058530, 9081473186, 8919151748, 5160501620, 6979913232, 8988428670, 5294728658, 3655288907, 975251851, 2815878721, 8884144270, 3749691135, 8542495852, 7766343364, 6839204151, 7294343812, 2390670449, 9018952214, 3811588819, 2520015512, 2340463765, 8966166523, 5817313714, 1066133114, 5462039937, 3880746481, 9815888858, 6919094539] 
Capacity: 10786777032 
Capacity ratio [capacity/sum(weights)]: 0.05 
Maximum value for profits & weights: 10000000000.0 
------------------------------------------------------------------------------------------
Number of qubits: 69 
Profits: [5329787335, 3685356495, 6967402740, 9430794523, 51018490, 9937909431, 1968915576, 9040537545, 1257106496, 6838610041, 1786476656, 4752374823, 8041561377, 104030650, 9598984610, 2268099691, 3536944239, 7621297669, 8948167279, 3838033182, 661736085, 6458441567, 6206864359, 7540640191, 4295020513, 7189657627, 1144620606, 2883110744, 6578818084, 8556116476, 1075529698, 6453637906, 956647537, 1630465670, 1503695808] 
Weights: [9010473405, 3890309083, 4460267676, 4598261660, 3054284943, 8675358487, 5094432066, 6343767357, 5137903520, 4664993324, 4942939753, 7697563290, 6257852356, 6610169060, 5897124161, 3148097799, 6702143275, 2563934572, 8889019052, 2840607712, 7541330402, 2305747833, 6008688830, 4100843418, 3583432374, 3505745365, 5008790042, 5376258056, 5298768438, 5725592007, 8002735162, 8499085976, 3799513700, 2029954223, 5666982236] 
Capacity: 9070339607 
Capacity ratio [capacity/sum(weights)]: 0.05 
Maximum value for profits & weights: 10000000000.0 
------------------------------------------------------------------------------------------
Number of qubits: 68 
Profits: [5159077955, 9739564511, 8873183872, 9737719144, 434945348, 6996045526, 9593766038, 5121792096, 2108168056, 8171661601, 4135581931, 8238526280, 580261384, 3133127624, 3182320748, 6450600412, 8808297782, 2584789342, 5249262366, 8823292436, 970480830, 1172037376, 1091023163, 4751228502, 6089751096, 656319987, 3483820265, 3812204762, 8289227537, 5554012492, 3386384996, 368933606, 8157580629, 8842747500, 6919106542] 
Weights: [3724301922, 6842577680, 3187020004, 7050695101, 7901338847, 4846248980, 3612254257, 7349783400, 4218259920, 1673693108, 3493678780, 4580155484, 7947492799, 2241960094, 5390178655, 5638553374, 5104119740, 6176504632, 4993454830, 1947672580, 2502182195, 1960963366, 4268831297, 6939110448, 5736382410, 7945048957, 3898961536, 7822756243, 7287417191, 1396647944, 3142938056, 2635059632, 3063494197, 6221351672, 1612819909] 
Capacity: 8152645403 
Capacity ratio [capacity/sum(weights)]: 0.05 
Maximum value for profits & weights: 10000000000.0 
------------------------------------------------------------------------------------------
Number of qubits: 69 
Profits: [6441103989, 6305701711, 9636505980, 2694306082, 9368749793, 5223208484, 5827189697, 9048154916, 957282837, 4256504503, 8204413449, 683521969, 7796385353, 3242915819, 7726895658, 7469312344, 3173614969, 485709225, 2652894120, 472347231, 2717680973, 2340127749, 5610116437, 8761937854, 4726104583, 4151562653, 4802939855, 5063165480, 7976485369, 2601983392, 4524822414, 4008803032, 4812793380, 9651879734, 1911934037] 
Weights: [2277652368, 7860033197, 2132640576, 7133135602, 1416793101, 6708861590, 4851164855, 8040431594, 3024908564, 7167682360, 8826685401, 4029722319, 3615821436, 3533975180, 3520648556, 5124641812, 6355174055, 3887523219, 7321703521, 8001770317, 5657970700, 6950944756, 7221865546, 6818161666, 2616144643, 2289243837, 5270810820, 1524617094, 5143628725, 3973337091, 7638680149, 8243428029, 5670803006, 6908102911, 8246468557] 
Capacity: 9044717893 
Capacity ratio [capacity/sum(weights)]: 0.05 
Maximum value for profits & weights: 10000000000.0 
------------------------------------------------------------------------------------------
Number of qubits: 68 
Profits: [5832388225, 9960218054, 2575558416, 657074235, 913543324, 1688429813, 3444066911, 7817624574, 8405616175, 29657926, 5403601209, 1452386555, 6626438527, 8046965090, 4345238114, 9942026111, 8644657190, 7176427408, 5643243707, 3752642721, 1124185479, 6806579289, 1618756367, 506129086, 6992810607, 6097425996, 7099582351, 2115402660, 8511440399, 77850808, 5817286047, 2198850981, 214456515, 1816917832, 677106563] 
Weights: [4429424910, 1376396233, 6196054517, 6989752380, 3578272347, 5291092209, 2788754012, 6496636853, 2569013612, 3750861338, 5967046713, 5461945950, 3644102927, 3668346118, 2432405959, 5358285756, 3944722459, 4569111592, 3678701411, 7904109488, 7366278221, 3467341337, 6931150633, 2132122729, 2185060514, 7699464346, 7587148189, 5788358812, 3628350682, 2809538797, 5993798187, 5214765573, 4398663021, 4411678993, 2344301493] 
Capacity: 7997200483 
Capacity ratio [capacity/sum(weights)]: 0.05 
Maximum value for profits & weights: 10000000000.0 
------------------------------------------------------------------------------------------
Number of qubits: 69 
Profits: [8644365886, 4206807021, 2480544028, 580503396, 1661178562, 5139391182, 1049744158, 5519943435, 4865315903, 9673228997, 9943410071, 3579160578, 5635848363, 8607655829, 1320276585, 4909197011, 8267750810, 469592029, 2325278658, 849298143, 9517297246, 9765524508, 1501193142, 1330327803, 93341251, 3143046915, 2155245541, 8060632502, 5009166247, 3626783275, 9323094707, 8031091788, 3750866086, 9686521055, 1815539275] 
Weights: [8991073311, 4626465167, 2126046823, 2142864138, 4067350573, 2643839150, 5372786852, 1616694273, 3713485873, 9016145478, 6356485213, 8088847926, 4893438950, 5589771183, 7888018214, 2794240457, 3457646813, 3247447197, 7382805629, 4616282077, 5511582097, 2746705277, 8108770111, 7444644233, 4019877010, 9211376206, 5585651326, 7647459129, 9190687197, 9293268578, 2338279936, 8400372669, 3518799764, 9533158758, 3409550616] 
Capacity: 9561849762 
Capacity ratio [capacity/sum(weights)]: 0.05 
Maximum value for profits & weights: 10000000000.0 
