Number of qubits: 89 
Profits: [4131254143594, 2047137550013, 2363078810974, 1184336663718, 9064010381144, 1974694942943, 1211126777725, 3514946715282, 66316315258, 8377931246261, 8876865074512, 122863820391, 7453411837696, 3657120279538, 3380213079957, 5691053428080, 9352492269587, 7073222283686, 148904652687, 3612024254841, 9093082861190, 3846105245204, 1175161149109, 7834435079533, 2089700752276, 9730690303102, 4871186641185, 874002225398, 2168440305947, 4142119670866, 2199211068967, 7009516328701, 662878059025, 5172367819959, 2080827838518, 1255368034795, 7003672174621, 9136129710261, 8002201772081, 3877787126454, 4573092732423, 7402253153563, 9859376700369, 4981789601248, 6664853301569] 
Weights: [3285712477963, 2863070896752, 8671611469507, 7285514627269, 4711117807442, 7838487906585, 3228222780261, 6077328685307, 7555291947500, 1159529219875, 7848255640199, 3465509455874, 4245933905445, 4279152491028, 5430850416191, 2758904042897, 2917089898018, 6922896913933, 4260711486233, 4738482163268, 5447547211818, 8639275757925, 4990357377177, 5757391792529, 5950802050663, 7660304925129, 4434455965579, 2680925642433, 7327155810483, 8217471189204, 8246893318947, 7425701928777, 3363632593636, 7080549435042, 7127639291423, 5515762949737, 8763525083643, 7175586843994, 4491162189969, 7816920018036, 3125478430722, 3902529203044, 5938239757462, 4957486354940, 8030835213469] 
Capacity: 8913292064214 
Capacity ratio [capacity/sum(weights)]: 0.03625 
Maximum value for profits & weights: 10000000000000.0 
--------------------------------------------------------------------------------------------------------------
Number of qubits: 88 
Profits: [2552153650259, 5905993678220, 5108240868613, 3135978877466, 2409237759065, 8037330561845, 8359577386529, 5343536912279, 22631754456, 1352280043125, 4014991602980, 4788634585817, 87870935861, 3461001135070, 191843727499, 3303684925335, 7805527450727, 9427210238809, 4039837119460, 2294462814313, 6285006323339, 8523116751089, 8813366027511, 3520185009936, 4316954398789, 5938417770247, 4398528925633, 1231658157384, 9904389516271, 4817883138020, 318907526585, 3015743592186, 5658511261936, 5523751425495, 9510534633740, 9714427922775, 8180819311891, 9999448487427, 430276856715, 7446440545105, 7433187963557, 460744688338, 6687502759388, 3110899253683, 9084309983072] 
Weights: [5931189693140, 3175907415553, 7099335072018, 7366524953825, 7447226801553, 1456702050032, 3235570730704, 4409563714689, 5726378134935, 4893796864730, 5561863150144, 7572787562773, 2757857889405, 5820786125567, 7589452402796, 6108595535113, 5571649005022, 7770195434707, 3617517772406, 4003701929318, 5071198617118, 5749658466898, 7174871373559, 4791780928805, 2552328948306, 3412222612765, 7199554797184, 5161861722411, 5469711159616, 3679455611032, 3643287632566, 5719197569198, 7792026780041, 7723992078132, 3431691738290, 3758766885436, 5188607906124, 2770586104175, 6824555952970, 4418776854690, 5486155468256, 5404111803980, 1573783008197, 5700422547091, 5825923635551] 
Capacity: 8222821852933 
Capacity ratio [capacity/sum(weights)]: 0.03625 
Maximum value for profits & weights: 10000000000000.0 
--------------------------------------------------------------------------------------------------------------
Number of qubits: 88 
Profits: [2398310239441, 1152601094770, 4343346433196, 6293896225942, 1228029715174, 2410712248035, 964026977755, 1030890836687, 8914192619425, 2128793169486, 8902518935968, 8580136890639, 5753433597016, 3763376518923, 987524567058, 4980548419812, 1426833346328, 8240016719115, 7314524684751, 4699459870177, 7790322614847, 2106441708670, 1730303480047, 8847801021017, 9587500075306, 4808202808591, 4505310619028, 1126820667432, 3662326568628, 1527940569453, 5871021073855, 7727352485090, 1375239118278, 4344340337541, 9589613481377, 7091385794793, 6529180670924, 1680542133199, 5474166494545, 5390280416391, 429623048452, 496376430761, 6852845770441, 7730674759794, 2781742641436] 
Weights: [5544210508849, 3095720292901, 4811260381169, 2269991737461, 2729831893080, 3945146935667, 7086181757141, 6026056173894, 6440224438570, 5939125645279, 7464695821889, 5679010745073, 4232233998765, 3876959164509, 4479101863893, 2512152093709, 3616281625066, 2468573994110, 6796640834000, 3363265620870, 5564829188379, 7022778234945, 2600766334440, 6542342547314, 5016414018612, 6546660941203, 5288992951935, 5370132998767, 5362188849987, 3476721607518, 3567885377822, 5825139987547, 3027818230090, 4824640245248, 3182413337438, 3792653221503, 5420412608061, 2608549152085, 7342530424766, 2410643564256, 5217402475747, 5578365621860, 7443983274550, 6926868545090, 5683083664210] 
Capacity: 7699902803655 
Capacity ratio [capacity/sum(weights)]: 0.03625 
Maximum value for profits & weights: 10000000000000.0 
--------------------------------------------------------------------------------------------------------------
Number of qubits: 88 
Profits: [8610713184385, 3660758937898, 2524374164054, 2575878849306, 451769494576, 4953407190833, 4911102982757, 3756431320418, 9171659050820, 2598858069278, 4097908818209, 9906494017382, 242846260662, 1289284845048, 3420932444019, 4978198869463, 3419443529797, 4186830498145, 1627896330332, 7922204014450, 497108583753, 3543407580694, 605885282207, 2498377608576, 5596363669426, 9316524517149, 3502933732832, 1434606214107, 4438987432501, 3517808618993, 9283327077361, 2445395551571, 5077711058607, 4207028377924, 3774921973179, 991115343743, 5101782390310, 4708773659087, 5461796686905, 896698380044, 9770230735040, 8102898557659, 9889647493621, 9557167697356, 2601857303543] 
Weights: [5848890283143, 5152218964557, 3528165670340, 5095628749802, 3066929482172, 6285468922559, 3650421131121, 2894610312783, 2906065100844, 6952898418656, 1145142325265, 6165365475735, 5672924283998, 5755377859642, 6334239673943, 7034570069154, 5340062555989, 3660738299966, 6821465642083, 3614542243588, 2224731302496, 2997740131062, 4017753418851, 7053043477190, 4591306579379, 5598650855602, 2625425888026, 6633016925601, 3348938867207, 5691009208146, 3110987980856, 5186886308319, 2547953203127, 1625104427926, 4601548207419, 3803500977993, 3125429330999, 3850645403293, 6752272445669, 3585223747895, 4162219424009, 6937058861600, 3535104574823, 1970116588870, 6146969694321] 
Capacity: 7133961004955 
Capacity ratio [capacity/sum(weights)]: 0.03625 
Maximum value for profits & weights: 10000000000000.0 
--------------------------------------------------------------------------------------------------------------
Number of qubits: 88 
Profits: [1722491907573, 6335336730091, 2077394088257, 6091958534807, 6960577783097, 7106270640762, 8544595242445, 9368997871186, 9668364968522, 1723642585710, 5011383677767, 182805526993, 3483260534328, 2069803589389, 5700946189128, 6827354944858, 8528190296008, 4314660502843, 1975442640207, 8200979822725, 7892709905889, 4639508207506, 6717298300427, 6645140022909, 6334959916100, 2724955721980, 9963723656425, 4702565582055, 6906265871362, 704174851910, 1118070152050, 6781402867971, 4927367331447, 4452860083055, 1108624936422, 7030969757653, 673948476130, 3094087525320, 4389463117676, 1255142920030, 9887999874999, 4537451338950, 6936204946877, 2624609884332, 1699535722833] 
Weights: [3358559464505, 2832840955983, 4518724467297, 3384172426142, 4138640630726, 3916162616442, 2379034061720, 5000157166700, 5614472137359, 6503602097393, 4199702076770, 6880443666736, 2007256331815, 3913221708706, 4283218053971, 6207492229799, 4433014329491, 4474037033953, 5427870667804, 4857719011653, 7213955713089, 3103390188701, 4019377344522, 6923332790297, 4180154500614, 5435812855862, 5293116606907, 3762696608904, 2969067733621, 5734068801909, 6696767764260, 6794227540042, 4031132500719, 4228876450121, 1288874191113, 6058738846929, 4013887888208, 3611786775613, 5261613014151, 3698809976458, 4942260336309, 2527373926675, 5543674671304, 6665833770180, 4437170239332] 
Capacity: 7334630745968 
Capacity ratio [capacity/sum(weights)]: 0.03625 
Maximum value for profits & weights: 10000000000000.0 
--------------------------------------------------------------------------------------------------------------
Number of qubits: 88 
Profits: [4984439344122, 3990809093607, 6404224492605, 6409651073267, 7715256698003, 1404040440474, 3350190775187, 9863813316158, 2387008372475, 6132736358345, 3160696155124, 2891747467137, 3928751521709, 4213581621824, 8073598699618, 775430926902, 6828770418366, 9102488554842, 3038184416252, 3809765886566, 5888837298244, 1434754392720, 3497772701881, 7542781287448, 1818486623024, 7177149504393, 7784675446801, 6957141944216, 7102277547217, 28612039824, 6623090507047, 8624023988553, 3254864973356, 5463902673816, 5541682310891, 5489459087522, 6977937885838, 7593307166134, 1412452893668, 9033478340899, 2592282599827, 5271670274446, 444846595176, 7576043688016, 7369192478632] 
Weights: [1150372842816, 6807706008117, 7620550370140, 5227917763412, 4977779546535, 5708657932156, 7885384456090, 4801850752916, 4241834092633, 8197163341986, 7608710929590, 4279887424476, 6765258163452, 7669866392770, 4137340411300, 7096214247722, 4325369850634, 7313358525467, 5211492486349, 3461275340639, 5527619493874, 3601559337142, 7901168089953, 7769112505235, 997432398374, 4320985017853, 7118303021143, 3789438288423, 1395170764610, 3254208778745, 4796084285959, 320960645674, 4920889995324, 7776683716573, 4988444326914, 3250153955101, 7827704621005, 6452727848652, 7894133705841, 3669834797337, 2297135409652, 6070349845000, 5233975124330, 6583821949796, 2245522552215] 
Capacity: 8425827878376 
Capacity ratio [capacity/sum(weights)]: 0.03625 
Maximum value for profits & weights: 10000000000000.0 
--------------------------------------------------------------------------------------------------------------
Number of qubits: 88 
Profits: [7652170329355, 9673310094423, 6781633117906, 2758315872715, 1518821366607, 2055374662458, 7874716591863, 1346276960217, 3688943866977, 9985075183265, 5265861147126, 2276689417726, 5999658427749, 7161168889331, 575949050741, 9638711282934, 1836472304996, 4140641915457, 4835258802650, 3638020078726, 3007513087318, 3842333452489, 739030586900, 5048723619010, 9719225855014, 9313586240360, 9853660643094, 3014792804227, 4889813018198, 1588997693936, 7453627816230, 7967900505323, 7773531777492, 7150870759216, 7824986428628, 7674025219309, 1169830449577, 1817387622920, 2567875251806, 1054083609151, 239253346388, 7719537187141, 2564819192441, 7940735781126, 6375318231955] 
Weights: [4240562323478, 5653113994365, 6234481147006, 7517960101322, 5053474744107, 4072853824416, 7675126093875, 8280081079356, 3682863442408, 2917142230061, 3253351466429, 3333651914836, 2142672342402, 2572546436276, 3555184699943, 7699592746969, 5606450012079, 7100568536293, 4998445713071, 8347450776617, 5660585360625, 4824522926440, 8089765816292, 7421532105496, 4808729749412, 6512071420975, 2304313955303, 2222217773808, 7240678340098, 8263771734920, 8385831437041, 7069192240534, 2057677778184, 2235374816006, 4710746920800, 1929205737523, 7455359794719, 7376355159603, 4266886300663, 3093754934361, 6619213677468, 6821112914445, 4661717325523, 8209736912700, 5932615517131] 
Capacity: 8566222768426 
Capacity ratio [capacity/sum(weights)]: 0.03625 
Maximum value for profits & weights: 10000000000000.0 
--------------------------------------------------------------------------------------------------------------
Number of qubits: 89 
Profits: [4313658872674, 6706552343967, 717314295138, 5093553756558, 3538192966349, 3106578871210, 8348518556467, 3583078293030, 4327041421650, 9034248555485, 4204256088315, 5181141016805, 2916120769326, 6668976756852, 9674405669153, 7924000135946, 638022662040, 3475744404125, 4526727077101, 9481547668289, 4568376860037, 6862675756741, 4330551130949, 9844683477894, 9028273339023, 8133542220572, 22765459633, 544909679286, 4277445280262, 6577596857303, 1417459164773, 4767280187187, 6266228903449, 5795696922113, 925354820261, 4336769174162, 5333640508771, 514435130827, 754091862372, 4045665232970, 299944236502, 1698144920179, 811045494369, 30077531411, 8445847007703] 
Weights: [8313735862876, 4721711000415, 4154010796766, 6695604421823, 4720390897222, 8656783302764, 7421981629374, 4226483021175, 8712432520249, 4667699807277, 5388206721848, 7267103706663, 2344591956050, 2558944592159, 3669326734641, 5490770842861, 4819456731582, 2782510166022, 7484043441643, 5243495400881, 5470422276042, 8547633603399, 8323584045161, 5199754381868, 3738659033075, 6450164520550, 5708202032949, 4022517766697, 4521439779291, 3665847107741, 2107817415500, 7498797374640, 5841090043079, 5300780496295, 8960255933997, 4009422494674, 6197021069974, 7318882641244, 6425185113573, 8078344227166, 3923200968573, 3503857652420, 5679328107217, 7844414304103, 3020141660689] 
Capacity: 8979568809334 
Capacity ratio [capacity/sum(weights)]: 0.03625 
Maximum value for profits & weights: 10000000000000.0 
--------------------------------------------------------------------------------------------------------------
Number of qubits: 88 
Profits: [8861712913055, 3714784479796, 5593834264018, 3859431400164, 3653407917152, 7678361472049, 3693700827654, 4229843718892, 1027945878271, 2359135286594, 1531470517104, 7644136904973, 928884665598, 1084767371792, 2512163240517, 9829667636090, 2548089278600, 8589897462278, 3317973941609, 8784997980419, 7707130495829, 2604512168515, 2028143603661, 8306983029021, 8489457663906, 7663499028352, 1217855149780, 6657555416236, 4032135340213, 9779547582886, 3619919335863, 4638485611635, 2218270930094, 5495760550124, 1982836296781, 6387411534312, 5169974770946, 6647555600233, 5690291214018, 508971008026, 3973790093727, 486987214194, 3910600216938, 1659575483230, 5943935548798] 
Weights: [7681613266412, 269221621472, 7931084596520, 4833975434729, 3824782109719, 3521410032093, 3778019935573, 6582231036532, 4150262574271, 6103514750493, 3709719015435, 3847561935450, 5007598146459, 1675713478136, 6530621280614, 2480549349756, 6549027100267, 7846460889763, 6203417152308, 6631679178470, 6063302184036, 5212612078341, 4259166744010, 6224733828933, 7577053304626, 4469122117584, 6486353777903, 5519860821909, 4045162337106, 5021549299613, 5949367224062, 5256578297769, 5838325101025, 4007299526545, 7837871441377, 4823050330705, 3991435469060, 8046377094961, 6660250220958, 6602513954643, 5265455072274, 2947623840910, 5537124618265, 859713209432, 4010793759103] 
Capacity: 8253052094178 
Capacity ratio [capacity/sum(weights)]: 0.03625 
Maximum value for profits & weights: 10000000000000.0 
--------------------------------------------------------------------------------------------------------------
Number of qubits: 88 
Profits: [7447521681152, 3020577702398, 3572831725611, 7254998850828, 8259479778874, 9303200372924, 8565200547171, 6221981674134, 7225297333394, 9578566428110, 378127533835, 3046712240054, 1397692158532, 4924100152281, 9813806352604, 6353884085444, 4321431691010, 6914645023303, 4171750275412, 8719320820111, 6909430802428, 6899825069148, 9455258202959, 6789564290710, 270137870002, 1288575246488, 1765711437878, 6349520451976, 5410630180345, 3349013450102, 7938075134571, 5903276081019, 620088969935, 7128852767580, 7921629936321, 6229545804429, 3813675865403, 3588805659527, 7890754792378, 6087262821484, 1935652730203, 7395841835421, 248885187878, 5744169831496, 827101496830] 
Weights: [2771021297004, 4365389014697, 2382435292297, 4121174557133, 3955220502281, 4586591202925, 7049170114224, 6802352667281, 5451630769933, 1389525807030, 5463958360877, 4398732075461, 6081376390337, 3835771810181, 6376761305269, 6112695752066, 3927300180600, 3108106016353, 2277432324785, 6986938293274, 6588598320562, 4987853411503, 4141570438663, 6373068062132, 4644876908407, 2604148421904, 4845749595826, 3991846605893, 5447542341728, 3066343327243, 3055501439227, 2466630543784, 4308730945310, 3210945118978, 5827719743114, 6611034845521, 4189894646467, 6311348920428, 2564271100418, 3049074327189, 4910212442919, 6718834442610, 4668891874823, 5339313928874, 2876246450709] 
Capacity: 7303990339020 
Capacity ratio [capacity/sum(weights)]: 0.03625 
Maximum value for profits & weights: 10000000000000.0 
