Number of qubits: 100 
Profits: [483450445487194, 726078709827052, 721728567217053, 404434995008349, 70639481493930, 145421490578878, 274156597429054, 456906148391919, 147587243490616, 117388239130329, 162231043238538, 415747091772002, 633831162987603, 201857878019247, 341165809612247, 992635265260361, 943920878139862, 65990392604341, 844532558722322, 669223802904613, 455433275074614, 401522075871166, 880965481295170, 600343110989791, 528662511679953, 451691417089749, 840549992112917, 320171369191132, 842680606745670, 436875982981769, 383181964968002, 22303260757162, 317062398504011, 539220628324564, 428353016030283, 707138265883251, 456370125903282, 881187357343825, 118993655289218, 790209569753853, 338317664252305, 16084830568580, 197885799941067, 19570234956174, 891951967705962, 695089986988122, 538587568558440, 954289921491686, 314508329741841, 988915827352537] 
Weights: [742800038007045, 450662098173687, 551282908469463, 193627235173330, 729098542302433, 192274369402221, 326882086038613, 514624924492573, 825187882590910, 763507188133370, 477775590881623, 652280075840083, 399212650378446, 845544289463403, 488974330220321, 331521079259364, 682609948165431, 575712238345666, 846861120407130, 318954475270557, 821387923464154, 612754690982219, 852912453520050, 444946937224842, 584411274332737, 382350060586854, 815697339209863, 227673087595210, 231242269100422, 824923152094217, 822161135772451, 319783893438444, 825948913032466, 612879614334547, 636625005090778, 685255807250829, 468571403940172, 484665622908625, 706508018116504, 286947898294707, 685489898029776, 420272607263141, 194259010299520, 614635277516924, 588957637619125, 470378961722375, 168749479763587, 112508807214222, 778499821703150, 769671931497839] 
Capacity: 864262760634849 
Capacity ratio [capacity/sum(weights)]: 0.0325 
Maximum value for profits & weights: 1000000000000000.0 
------------------------------------------------------------------------------------------------------------------------
Number of qubits: 100 
Profits: [783935041362681, 243870245298132, 618110615040966, 392316168005970, 960994717875141, 466683424002767, 629355643538862, 238270237218899, 761935186699670, 414123222554278, 38920298437186, 886036110481429, 839673458987212, 773477317242487, 66577289442317, 92952197578374, 747709859546606, 906462829887438, 429106772035772, 583267188728100, 863249240751817, 798982127578923, 121886272461170, 776963389626168, 39834621885960, 388144315783246, 634248012079587, 370715589059944, 513983520119615, 250680627396576, 68807096957040, 197989337753262, 635422131551322, 429080159162994, 685642145817453, 889611263287632, 276220643166402, 243450597095315, 264272588384788, 593849721347140, 244223574887159, 773114006686986, 519835842608480, 717894458323017, 174634807055221, 401956613339864, 980642542060451, 313931945290186, 865303883207256, 865522177583873] 
Weights: [408414416009745, 817093403643178, 555759918353060, 565347940315444, 721932393596631, 772064165340944, 610145385180816, 354728719976776, 273152536554471, 232364878518419, 187390946245532, 560456905225097, 235614031510963, 471392598927833, 696991469722007, 372845036005494, 525140322235257, 612701979026061, 431618714140522, 318757165331096, 408792471448960, 545852167318378, 602536418256984, 756192536921558, 379919587536156, 541514717999796, 190192301449138, 294766199453613, 452674169476903, 642181283124421, 670551486210134, 612583470985554, 592562387595885, 471446641119069, 556152750572874, 382529986648924, 573886687218173, 667694946392503, 619233700296988, 763558789281301, 800605221986363, 721603484024724, 141997609587572, 752728498611476, 682333017953885, 813063845392966, 548175956559583, 228343179876103, 149873760623266, 277611528246763] 
Capacity: 822211086568074 
Capacity ratio [capacity/sum(weights)]: 0.0325 
Maximum value for profits & weights: 1000000000000000.0 
------------------------------------------------------------------------------------------------------------------------
Number of qubits: 100 
Profits: [516804627024653, 572375117173318, 190904104292843, 134083319859624, 214554774958368, 297333481164957, 494571688778408, 886003698349369, 730331724486408, 787814675534585, 866827317185563, 106435291549745, 199642753885048, 103071131318021, 796912139049449, 363370107605655, 232631121501865, 529739486717339, 174433663126941, 558293412820515, 334016078044806, 676998788908446, 817929293595328, 124878509830811, 985092311463918, 774149547263460, 867207234658589, 20464903320188, 394123557385839, 802352816506203, 838729519381163, 767846463324876, 740092730883384, 792681899467656, 328065496030086, 492721682489670, 596662680288272, 78650406055491, 120086545897237, 582212369224887, 732098146254650, 935891883303797, 510314034657524, 290049670297560, 385974308057134, 477832913943629, 565870462428196, 229890760325220, 331722433302804, 665337114413974] 
Weights: [532485681871483, 584301543520830, 533802710563191, 248915982178305, 528123598182225, 205178765029129, 119753193166846, 471038708328503, 658065953784003, 778833390498003, 337147456892403, 388494121871563, 425417128194525, 487183544316499, 630913362670509, 801607306991187, 176276484441439, 543232795644441, 557796127512800, 444409811229759, 658790188050313, 696224242623057, 443252916117738, 788406162800439, 619972507610790, 411202581329222, 617812784063948, 641820266088334, 780103076123258, 259283672714496, 464247684180996, 360662472170691, 596543568550903, 477612778798741, 498699616239530, 760223185568051, 138042518989359, 326586318129144, 502197534030854, 296848068215073, 588881269415709, 666102379366425, 419897162798205, 225913192442002, 688053315767829, 680298650023172, 777332555667057, 491044852644613, 512587134642220, 143486327925605] 
Capacity: 807731004343831 
Capacity ratio [capacity/sum(weights)]: 0.0325 
Maximum value for profits & weights: 1000000000000000.0 
------------------------------------------------------------------------------------------------------------------------
Number of qubits: 100 
Profits: [495326904463100, 288531810163253, 804200925851767, 803472204393336, 335587154056766, 10687697014786, 635418854990701, 142750058781966, 694640062046316, 817178285107839, 172700388062456, 581760820367775, 133304326610290, 654329723287539, 936483235533091, 547150679506293, 585659130998501, 874499539121025, 304074499152139, 977054841641620, 298893199964104, 393518492646496, 350566319123498, 721747523230656, 688185055417271, 820585142062730, 103238863679078, 836989112549755, 341064662015507, 125666246097666, 73681936172448, 680724108382767, 928234229539562, 220802888669843, 557503909299236, 426423173986246, 981064033507763, 39483651638939, 179453033889005, 43668155357332, 656614771452743, 159970193770058, 712447064844141, 413813146929741, 731760199774071, 992658061524422, 645491367428746, 358104205572596, 635576217020305, 88111528242636] 
Weights: [258288568440529, 439381480003329, 133462487536210, 890991925097991, 560412392320664, 442105733095812, 335770218567488, 394566192716458, 394110270949751, 599888649359879, 364977125608871, 535827150865953, 216341697637788, 737514407857789, 807788534948574, 819732248151372, 869863641421570, 549626241185620, 272115574228094, 599698063907356, 379523387326702, 186628753719565, 687944066045779, 837783097240301, 779475754604067, 192039375737467, 628224758021677, 827023636958399, 879456330393514, 726706278013148, 93901422110365, 512433831076764, 613843541863738, 890566370936048, 853216898390767, 599317808772399, 685542195020523, 528721286297898, 703230417309100, 581969562090980, 904616836069907, 729303326839908, 371493466983897, 579649965517021, 602186981629086, 588683551338881, 603494118669053, 497169969438427, 649598089372244, 788683559918400] 
Capacity: 908564102502956 
Capacity ratio [capacity/sum(weights)]: 0.0325 
Maximum value for profits & weights: 1000000000000000.0 
------------------------------------------------------------------------------------------------------------------------
Number of qubits: 100 
Profits: [977189971845535, 157610453944271, 817918330156136, 406354438876818, 994861585266969, 175990004740707, 403165364914793, 622396845223834, 520901990345499, 180178373210645, 303951232690939, 596419502691325, 90430154878635, 237140070055247, 390628003435756, 402426155103059, 556827317766718, 995470858619753, 438277392122514, 589889953075450, 171883459268129, 946225145360932, 36852042532929, 627676309468145, 341449650622827, 136596870628706, 705380632633573, 218379797769497, 933750696191894, 844983262855148, 384154849043797, 119977204005694, 842036962084720, 399160340708977, 463979900630266, 742061549328558, 877391721452755, 209603648359486, 69932437510066, 618369186766821, 208963578636990, 87574398909343, 433625679090273, 75709536954619, 924868658163781, 62710050266841, 85525611309344, 262104631197594, 856979822107449, 78775613293077] 
Weights: [553484591626556, 629831043790766, 581912102188908, 289274954324278, 492621177229350, 335308375962884, 354604997470955, 738120307244241, 409292912918140, 688590246055630, 274919292603695, 480360761116443, 677187825154380, 615092865787190, 454408085622507, 413605801969056, 571103615983495, 353441613705567, 637491124761008, 630641656532731, 515795891090474, 435056748775164, 482313171022537, 260381700389327, 288972040035630, 728826113330362, 306121442747721, 642959334218914, 232047981557666, 288036214325116, 540169655006363, 235454575370264, 375335391332562, 316468799929011, 739382327838178, 346873255276838, 715218395032313, 541147450155685, 351897023881484, 582745749010468, 741535274585481, 371459515977094, 552950577894125, 297513525986284, 364729490479954, 410953697334492, 590283495427342, 501512287510428, 691821012382371, 104963893880949] 
Capacity: 768082542972777 
Capacity ratio [capacity/sum(weights)]: 0.0325 
Maximum value for profits & weights: 1000000000000000.0 
------------------------------------------------------------------------------------------------------------------------
Number of qubits: 100 
Profits: [49739619296097, 486278573274293, 540707643122925, 671818079973097, 239428308010455, 97869550326797, 332986793617050, 194583309712069, 222659506037370, 466573951242285, 841849311899410, 279754367356761, 620415579164819, 821343945824727, 128459685244465, 629455318940881, 546163851207743, 939100359399624, 13078363380033, 488500672377386, 286790706216416, 134311936489557, 730615644781183, 884660196578730, 689199693612713, 784525677668421, 323937241455525, 405699075581144, 597530827517604, 973655764286930, 350262116839305, 732442618780399, 848558281622085, 301449277671359, 140780108175518, 598373751874043, 95096215054975, 112657812976424, 566028048143866, 965811558552437, 383574271229390, 980484114378069, 837898201170988, 870964735599691, 116717223872365, 241430151267897, 784997173511704, 167813672976903, 410398951843326, 292225567236345] 
Weights: [372645966153594, 93277844061462, 641013431417328, 344034349230479, 624379653400239, 369857527479865, 230268286132943, 523182680568934, 668256867825023, 657265447940721, 428852084898055, 287177336177062, 395932642040542, 420052672937237, 510075209820448, 555104972467581, 41409873889644, 404419017464551, 532128751737922, 309713020927901, 381608937324941, 308249054045783, 667924334303136, 675541788299876, 516323408476986, 284777290982503, 614094667972823, 544476186399305, 413112339622181, 425600776031354, 404692855919100, 354421562981103, 490633061829278, 348169455769549, 451737862133243, 666873931368724, 383909939052500, 519788666811706, 642126651124331, 441374922555247, 593859772891554, 488734097914467, 640715353010662, 384076644752708, 336535326578794, 594445156783520, 567631617850001, 446903789497836, 387860848441415, 330772303726094] 
Capacity: 728162970843004 
Capacity ratio [capacity/sum(weights)]: 0.0325 
Maximum value for profits & weights: 1000000000000000.0 
------------------------------------------------------------------------------------------------------------------------
Number of qubits: 100 
Profits: [558081471574345, 385865220692362, 68263724586741, 10184525129364, 165412506873136, 907449020592195, 614636878143790, 879457386171689, 538521919153015, 321925370113008, 393857656291108, 81369780397353, 972977586839718, 525382953669940, 144276221905841, 186093572091216, 509636469567486, 515076395131952, 886902594485352, 474342586023198, 633457507523534, 510886510885059, 790067603173134, 731747442961276, 304145040099512, 14560069437017, 743109756818298, 842618700677438, 345048469540861, 217489127423532, 125270625990664, 190035562394305, 977020745153574, 464930796102105, 908475560080681, 66908701880322, 186606578320248, 535090916246049, 821576704054144, 542357169322355, 201573228662627, 689398675235729, 595506551419630, 432209302075390, 182106188645996, 569040906121056, 379582011561295, 10472210941265, 714978656217067, 132345105486681] 
Weights: [633150278554377, 260510218026608, 706121115397703, 530394303371878, 258626774171225, 325880187760158, 764597549920947, 719054872807849, 435515173059366, 559370050688374, 657561545899982, 224969721898845, 443229430655036, 368106500714631, 363443908608520, 505205122077998, 803191643287749, 716523681216595, 603941876610781, 661812278279197, 387323315696708, 661041367231972, 237526132308048, 711392143594586, 397482821043976, 313969225493309, 781447559847718, 777337703885551, 291720869344028, 502032584295978, 654797090486777, 338609472001977, 474078105849577, 269312472071012, 777709319419084, 624152116539324, 157218067927354, 782034377846964, 468288749476132, 346030587562768, 68406856397001, 815302656142077, 278548113509223, 542036891646403, 647854615396890, 612890296680809, 807718496347556, 625626612303827, 790213462012633, 484797807472430] 
Capacity: 835763914172317 
Capacity ratio [capacity/sum(weights)]: 0.0325 
Maximum value for profits & weights: 1000000000000000.0 
------------------------------------------------------------------------------------------------------------------------
Number of qubits: 100 
Profits: [956399575293927, 882285799868914, 66716293144537, 161620502461168, 53140736601615, 467697115583416, 460091695921667, 966746359035013, 861414102541530, 769805423000518, 385839274206284, 786948124287398, 151945524507460, 947951828529583, 450708072236320, 65093061881312, 888230160235007, 99387928827532, 293371902492217, 88950530175575, 643992777391704, 832691774818959, 10687456326217, 873463300493150, 344925821345604, 917546807923402, 573115325523670, 215726127432803, 395212731388378, 213111082492772, 979253067810989, 111351282340064, 923895550288792, 540595006817310, 82714254877055, 107203945021391, 598744789091132, 816074428770304, 873388848356189, 985465660480711, 603753926255159, 487753314574304, 439903171286008, 99403381193054, 182771767503208, 315368428575612, 249642679943323, 98195153975827, 160253811886331, 773029100820256] 
Weights: [386895302568639, 398413178054277, 495074266819825, 448250775853245, 535575099007962, 341208882938359, 472683215808317, 548732317259624, 297225435517081, 484063958269613, 412645937619103, 603443451589392, 453862496122273, 524162366190974, 316798703482992, 226660860709891, 372058295409385, 429597943994790, 395965387581677, 251279391402544, 342040415114597, 441268073206776, 616184230409604, 323004926751600, 478986826295059, 322669311860712, 280403475550077, 236002286611432, 370737615831621, 517319080930605, 73585284359396, 309785246700536, 483912549022442, 599655102138398, 238049992910013, 479093785521799, 459270698276943, 233996063055826, 412655552179619, 230280026039299, 441284218343687, 183642572963552, 212271317171867, 522283051492109, 618842962651423, 594370639728555, 417930442382764, 630139982342576, 391459553074239, 567368153970055] 
Capacity: 645612633032858 
Capacity ratio [capacity/sum(weights)]: 0.0325 
Maximum value for profits & weights: 1000000000000000.0 
------------------------------------------------------------------------------------------------------------------------
Number of qubits: 100 
Profits: [972248899878901, 912459267813629, 361157909818846, 98782810013223, 573285505439590, 482124041032366, 355314219444752, 193466760903726, 719665003985161, 819565271168268, 119156658621096, 855678783183787, 581032842834900, 616467313256544, 742999980484950, 276686182058808, 106453327714591, 121049404749886, 745416748916254, 198315352297388, 91976423271614, 637443329486867, 548412535189887, 288561552568123, 743476155559630, 590189779744997, 433248118833749, 697620554185549, 888756843972234, 889349596558121, 893556457389482, 38641373681259, 754907005446236, 238109415871067, 177967946177779, 29593509547398, 20184579061731, 738385598529302, 125911571114256, 64078660292738, 60942962814058, 443922873915202, 874176759278040, 800647053027703, 175279998560367, 587889048686270, 342453255285071, 264740096581614, 559084005415709, 817904775394202] 
Weights: [841429129715442, 396777380387284, 457959422876351, 703723826556703, 589412169688428, 530493798868262, 469103803051135, 739937096849583, 658414118395889, 640695273554936, 846857711664235, 686819538668850, 435886249101408, 704878675657151, 405130704757231, 472643206554888, 355529853102492, 385481057101408, 613032191404642, 740777382136091, 858106165559285, 512150953476496, 471019214725621, 671637066025444, 758425550409156, 728654937789290, 589779416038806, 689793609721156, 852265504763476, 301240653245044, 409262647038572, 349194647862007, 373280381773672, 290443765384796, 321160196208114, 699206495143848, 454426505095691, 610843102189537, 535810913598016, 811689959886720, 299610501291577, 279054321501615, 350285693751397, 390393338393659, 660431591781656, 382387057194601, 382484328345700, 511926754811815, 339613116929721, 473859562851284] 
Capacity: 863276849791928 
Capacity ratio [capacity/sum(weights)]: 0.0325 
Maximum value for profits & weights: 1000000000000000.0 
------------------------------------------------------------------------------------------------------------------------
Number of qubits: 100 
Profits: [478417283405733, 543278306295211, 308701921526912, 390956369480890, 618031141977837, 909406977198104, 302413976468523, 698469624898364, 859252146710423, 671089236544202, 751993530143165, 671999357357734, 362800073568138, 944135455188706, 499850765266721, 61036533626755, 392751109753180, 535974500642351, 741047520698784, 333710262897921, 299403176381360, 935216652311421, 410973254851972, 66717173850247, 353887321945345, 979909080638183, 24368782478955, 34539248779595, 914816216991466, 490737506543230, 612965353154819, 544058356582930, 654881521770537, 752673588326821, 642084535419962, 408344258463813, 514607222254018, 94977907436236, 791329990128165, 332804299609544, 64347345589032, 23634713150814, 56464631352125, 358726310890986, 948441174648174, 555764349270278, 64697746027568, 989865696969492, 302928697334923, 498163305910558] 
Weights: [588562536575268, 624332098648919, 412356732266902, 129475794142208, 466155534886783, 725076997452588, 291330348761917, 581186465621487, 846468994492391, 436414134200666, 436749865964720, 657724597626572, 393433391260647, 579392710250102, 637374689934338, 652672866320253, 886517816502991, 677021292064072, 491412800961536, 476704755983300, 860867785389965, 404831880087226, 371088669100853, 467145594416370, 640766916758444, 620185606126187, 799379034387284, 760093129216730, 532012146161571, 175410498416271, 712399831114042, 589979988321101, 886189256724447, 584173981906289, 633741677056737, 699591376694589, 617944338307797, 454048958985476, 678660483840598, 458432295489423, 829139660127321, 312693348611786, 399143714023568, 641425009761412, 374346528863665, 307781374587278, 612431946573492, 377802636624044, 542771062268413, 559733049061411] 
Capacity: 889266118573310 
Capacity ratio [capacity/sum(weights)]: 0.0325 
Maximum value for profits & weights: 1000000000000000.0 
