Number of qubits: 60 
Profits: [928288497, 359989910, 237416965, 103975671, 447845025, 441369341, 581499334, 871529596, 850321531, 493821334, 703091194, 442029664, 388865181, 954336626, 174241823, 258815563, 963298540, 1239385, 94247696, 266208466, 804773859, 434874686, 228474125, 498795414, 595378903, 988319602, 445797793, 835681704, 544035517, 801427906] 
Weights: [607799674, 735293058, 746641195, 845204796, 858163687, 538803721, 184864964, 817047310, 729725554, 809686592, 943204705, 65918642, 889625562, 432700115, 394216609, 196667520, 314850752, 58250556, 177868552, 75113990, 633765535, 136430655, 410685639, 828392851, 958716433, 951437315, 864409822, 250920172, 687364676, 319812527] 
Capacity: 968916636 
Capacity ratio [capacity/sum(weights)]: 0.06 
Maximum value for profits & weights: 1000000000.0 
--------------------------------------------------------------------------------
Number of qubits: 60 
Profits: [412065050, 148999132, 276212042, 40157531, 729118470, 882149465, 934182461, 734109107, 456198833, 397183164, 455411970, 529901623, 741423044, 817101960, 463134274, 987621650, 83883094, 901475861, 573151187, 589600502, 564940919, 255323493, 908423520, 338012816, 33799374, 39485918, 932712582, 98673739, 556071124, 560531713] 
Weights: [94224749, 102430032, 500790600, 772554857, 733971992, 376356565, 541626508, 656173965, 645158388, 679348102, 325134641, 450250734, 682338744, 219245654, 231764630, 831469262, 750103433, 850223344, 710886077, 837628444, 600642565, 301741488, 859892894, 479252216, 198019106, 672172403, 677736849, 426143192, 210166945, 70126625] 
Capacity: 925176449 
Capacity ratio [capacity/sum(weights)]: 0.06 
Maximum value for profits & weights: 1000000000.0 
--------------------------------------------------------------------------------
Number of qubits: 60 
Profits: [944139426, 710856836, 288211489, 76113788, 903949326, 521960048, 568294239, 778311319, 183898087, 670701013, 500775601, 504923295, 323938833, 443602908, 515031378, 467616181, 600004732, 266430308, 813849182, 426424642, 27910274, 34092986, 284667634, 303483755, 968847995, 40833557, 884958507, 289292642, 712272669, 934256349] 
Weights: [541068044, 786869510, 692997830, 135116470, 215005126, 764603814, 164925351, 722322136, 385059615, 117036113, 678099329, 543000912, 627262231, 807699018, 430256839, 775796656, 812693121, 309256711, 406275400, 72909002, 616015515, 858396251, 527925750, 446188845, 317429866, 46097690, 190007251, 576386511, 744830380, 172647872] 
Capacity: 859026033 
Capacity ratio [capacity/sum(weights)]: 0.06 
Maximum value for profits & weights: 1000000000.0 
--------------------------------------------------------------------------------
Number of qubits: 60 
Profits: [61070155, 139437738, 486829014, 178892383, 104835583, 116288128, 560591993, 634359679, 343922819, 113175036, 823122935, 751550832, 931532637, 938107949, 990679533, 499731366, 315235252, 22631280, 375571364, 121164009, 687513803, 445893378, 438932473, 342286703, 799243927, 264007656, 797429585, 618553151, 867675851, 949688980] 
Weights: [282275480, 690869240, 80487527, 638140299, 651209144, 920646747, 464581582, 398439957, 133491558, 557120412, 761711590, 973553727, 805520381, 997666172, 601875512, 326076619, 259105669, 655281860, 947986301, 342881982, 891570346, 142417058, 362398335, 823112521, 565652820, 743091487, 462497016, 889020864, 372804651, 843242681] 
Capacity: 1004542379 
Capacity ratio [capacity/sum(weights)]: 0.06 
Maximum value for profits & weights: 1000000000.0 
--------------------------------------------------------------------------------
Number of qubits: 60 
Profits: [838991279, 612854825, 369626698, 185195977, 616818286, 705618552, 788773587, 659053213, 74906166, 743359246, 607991457, 273369066, 363935842, 37410344, 300184541, 347481458, 860733251, 70172304, 224118312, 840771643, 583578646, 158988313, 598157980, 855001149, 523186113, 258197904, 687218467, 73527390, 500280384, 121929780] 
Weights: [384438250, 695948349, 610591102, 341982445, 646242372, 188654730, 708071065, 462423405, 335613254, 568398583, 324854572, 342455009, 311802508, 708215263, 240398016, 207130974, 460608884, 436438154, 318007732, 230568474, 608658618, 633829990, 380118167, 107074138, 212696162, 331860814, 385070871, 213105800, 650031644, 630672121] 
Capacity: 723608666 
Capacity ratio [capacity/sum(weights)]: 0.06 
Maximum value for profits & weights: 1000000000.0 
--------------------------------------------------------------------------------
Number of qubits: 60 
Profits: [278956423, 949926799, 509779590, 198631487, 397719158, 205708434, 446597839, 764705818, 710162988, 65257469, 624773788, 284155748, 706521514, 808040033, 987559776, 440198429, 640303524, 790721201, 839569297, 953599810, 588767117, 284517295, 567813911, 453409245, 939691194, 416694289, 586818099, 763071192, 863760858, 483799822] 
Weights: [575565038, 760118692, 720926532, 248682239, 733021541, 544609144, 804798839, 454090250, 400297984, 810490781, 277958696, 421621169, 457085373, 470611949, 424727510, 284260100, 152012880, 600591349, 315360591, 694347304, 426431065, 259697990, 306232501, 431267088, 609837483, 612532898, 704401898, 346903668, 128980590, 531969246] 
Capacity: 838952866 
Capacity ratio [capacity/sum(weights)]: 0.06 
Maximum value for profits & weights: 1000000000.0 
--------------------------------------------------------------------------------
Number of qubits: 60 
Profits: [819802423, 629938875, 148026427, 141289989, 865204122, 275779598, 439877771, 639498739, 799685469, 12585189, 854478306, 838623900, 59397897, 328038824, 108087243, 858081956, 201636604, 288268953, 608203140, 892747185, 497421161, 600960255, 662918436, 565629902, 554443805, 935861573, 467571112, 510352280, 920521407, 918090185] 
Weights: [203022858, 166348946, 237110786, 723551519, 727317029, 350126403, 170283451, 434068321, 329378338, 728803043, 558725820, 776622257, 677996892, 97019824, 814003505, 791592826, 829125361, 508697072, 586214002, 657313722, 115488850, 909036533, 861747563, 458100587, 181983867, 352515187, 738203100, 638699510, 810304934, 281161612] 
Capacity: 926512657 
Capacity ratio [capacity/sum(weights)]: 0.06 
Maximum value for profits & weights: 1000000000.0 
--------------------------------------------------------------------------------
Number of qubits: 60 
Profits: [302925632, 599191321, 847986325, 82625127, 52909414, 657954304, 414890629, 335227186, 631162354, 490949563, 388368977, 49967033, 739600110, 116171637, 181057311, 161109948, 22846373, 837941045, 90525103, 145893877, 889288414, 60835114, 484051846, 285562004, 773363548, 851525977, 970421564, 229336274, 875572207, 125118940] 
Weights: [788519539, 750625028, 632576438, 556537253, 793357814, 711375786, 636248694, 882341797, 341256416, 936262085, 416041952, 895724052, 331037980, 473632474, 577245967, 399451886, 73944563, 450513247, 215844063, 646544067, 956494169, 576117347, 774839700, 298356936, 373751993, 715213049, 361427920, 505686492, 71725291, 805438795] 
Capacity: 970120553 
Capacity ratio [capacity/sum(weights)]: 0.06 
Maximum value for profits & weights: 1000000000.0 
--------------------------------------------------------------------------------
Number of qubits: 60 
Profits: [51323077, 309065517, 279219896, 962026922, 564646109, 847140313, 938260243, 141507497, 400872297, 256942181, 696832467, 594467275, 107210046, 665913188, 465910815, 948351183, 438364811, 554172013, 8336449, 502090046, 625312442, 531325315, 298768646, 297688056, 583311505, 841146275, 543160133, 529402664, 368869866, 318116992] 
Weights: [774658651, 604013448, 92770297, 404432163, 265654996, 627953260, 308222648, 335277205, 709575388, 47827099, 931440055, 866966009, 804238835, 866493587, 676126439, 221812376, 559568960, 317948514, 408256374, 935704419, 879706194, 300860387, 232563920, 133088915, 830995225, 279044862, 657864126, 686251199, 874449325, 242973848] 
Capacity: 940059894 
Capacity ratio [capacity/sum(weights)]: 0.06 
Maximum value for profits & weights: 1000000000.0 
--------------------------------------------------------------------------------
Number of qubits: 60 
Profits: [838531313, 917879919, 878102355, 156227629, 197529618, 775569869, 226825606, 148443192, 417438616, 957260106, 127167103, 341277248, 356577980, 804298047, 810882603, 665343552, 985781335, 236651263, 207770723, 666772016, 383892451, 413937185, 501053192, 345375628, 618660696, 631064605, 71107014, 146851790, 243639903, 233132692] 
Weights: [685291767, 685804367, 623358186, 575585453, 833609854, 275104753, 531161357, 860561452, 574677973, 838150716, 211473354, 466763046, 545059815, 622664110, 552517931, 260402895, 556053161, 553271570, 144510736, 849930651, 414409829, 112651128, 76224839, 63883648, 395854114, 188985766, 776181420, 730753265, 728091642, 711018047] 
Capacity: 886168215 
Capacity ratio [capacity/sum(weights)]: 0.06 
Maximum value for profits & weights: 1000000000.0 
