Number of qubits: 77 
Profits: [397650209, 3996213524, 98737384327, 68958334472, 10078582301, 99689934310, 93830646615, 28767589651, 43426666622, 15092160826, 98942784937, 57446156902, 55754861510, 41972820766, 25931339165, 65313211875, 28272674133, 38005608349, 42698207141, 34796224886, 11210980933, 34707299677, 91880190665, 75057354309, 25091173497, 84701018777, 92205111838, 50614844427, 34846757163, 32814779767, 8171368534, 41414679028, 61774261633, 20937297344, 45566823944, 41684499824, 19358479071, 10756479407, 63627515560, 63016232336] 
Weights: [52494029881, 36391634385, 53656959701, 53513477059, 71362667771, 51455221433, 30687850378, 49818497353, 11730135133, 54491923857, 71213997751, 12792068516, 56973079009, 75713950630, 72450931608, 37719368267, 58976651725, 50656993379, 66852755339, 67220736666, 74441612159, 71976441538, 63709176629, 47395448108, 82646150812, 55329372902, 58538909709, 43845437987, 66940984634, 49479383786, 53560172602, 27466256948, 82439670827, 59278665944, 18013864072, 68974588204, 44441215192, 45123303251, 51206990941, 67756561217] 
Capacity: 84057410157 
Capacity ratio [capacity/sum(weights)]: 0.04 
Maximum value for profits & weights: 100000000000.0 
----------------------------------------------------------------------------------------------------
Number of qubits: 77 
Profits: [22839997692, 87606331242, 65503612129, 43420772938, 27266272086, 74710987232, 22641798252, 24480801403, 53158589412, 48792108749, 15461203117, 24226744099, 10784346564, 39239345367, 24729140731, 58093737146, 46418254071, 49185892523, 92940110148, 14369129317, 23557911010, 15897270642, 74122454370, 23502271347, 63219281074, 89208820258, 44275836331, 30402253025, 3453928944, 88694267314, 55458337792, 47794185269, 45258291448, 19887975881, 6591161179, 57343837652, 86823210508, 56340421868, 18251697171, 61193461082] 
Weights: [31759253177, 35882670936, 60665667933, 38810174752, 44418842334, 32457761258, 42958610801, 47433368863, 36195528569, 21349527690, 55684228179, 63932238039, 69903331464, 36036443393, 35970753282, 45995527086, 73713940073, 28340904999, 42994384001, 71576901120, 51481368542, 33966224455, 54917150113, 67076352988, 73143885348, 40133196730, 12302690284, 72702803569, 67584597841, 64809779507, 30335478628, 55121445961, 63011739106, 32119575796, 24220416385, 72737613278, 50703440532, 46775115123, 50907821848, 56321103162] 
Capacity: 75270925689 
Capacity ratio [capacity/sum(weights)]: 0.04 
Maximum value for profits & weights: 100000000000.0 
----------------------------------------------------------------------------------------------------
Number of qubits: 77 
Profits: [23561570069, 11445837955, 21083172988, 53952500467, 32170660322, 2369148565, 63118426734, 6111051528, 2919296968, 63180752001, 22421680409, 89795910930, 12631391095, 94251853550, 3979213015, 95517030361, 22677417449, 31698699004, 62812561897, 89801105767, 65970758314, 58162497787, 71282785330, 35539961481, 47763567634, 45509239194, 79178419791, 13321259648, 52331846178, 82231715044, 62014512714, 30025137015, 2024281461, 65813542794, 33505448337, 42969079558, 31119516000, 17402989383, 39344626204, 21550647183] 
Weights: [76400253498, 78950574828, 11401330895, 68754375684, 42192531239, 69411206042, 75398697171, 67800950539, 35612532622, 66556675507, 71848137404, 66148244920, 23865946496, 82139841696, 63442272250, 80539068255, 45306562527, 68517353851, 39773625291, 72610789515, 43442481472, 71042813556, 67488077738, 24330019676, 44558989094, 44870722260, 40247349303, 48815286173, 72574868402, 47951231507, 40098358028, 11592270504, 23655482615, 57545637164, 28101683292, 80904788766, 26627253151, 41264024380, 49248413747, 4339382089] 
Capacity: 82843706801 
Capacity ratio [capacity/sum(weights)]: 0.04 
Maximum value for profits & weights: 100000000000.0 
----------------------------------------------------------------------------------------------------
Number of qubits: 77 
Profits: [83912126853, 39962988684, 7881776046, 27218198434, 71104409053, 35139808462, 62311566935, 69807713714, 63614279081, 48816365234, 18714236656, 73244526475, 75097804314, 84273924640, 79138712343, 81597392430, 2657354949, 71790894442, 39985191045, 54226414368, 60244069592, 59486933163, 11557622093, 97187815802, 5231086981, 67728164878, 18593286574, 53234503667, 39741868219, 15532281905, 51333170148, 83785870836, 52130963601, 29046615922, 3753898036, 92437733617, 16335505283, 6453371555, 51388207728, 69135061395] 
Weights: [40207124471, 43843630368, 61132962455, 56133107016, 60738328878, 66890659487, 47446385843, 41397473574, 48709532518, 62687439872, 67162759410, 49073614808, 36336428933, 49074393055, 47248153749, 34090107944, 39355453592, 41948557979, 52997756347, 38695056747, 40411086753, 58742880362, 61244359460, 61737406454, 66063167821, 41140864596, 70313293168, 30891767490, 14971354690, 5345561061, 69783356600, 33346833211, 47067056802, 50464401101, 45436533267, 51817418556, 40779219629, 56512643554, 61468632748, 65716830706] 
Capacity: 75807631476 
Capacity ratio [capacity/sum(weights)]: 0.04 
Maximum value for profits & weights: 100000000000.0 
----------------------------------------------------------------------------------------------------
Number of qubits: 77 
Profits: [95525318620, 2299318014, 37092365327, 86498807995, 12559389353, 80903026134, 95200299232, 75821371705, 33370292922, 3621078190, 53371713091, 60849833151, 32248222905, 51749354503, 19081844844, 69107870692, 12189025806, 67784517003, 80052112513, 34196384909, 36277450187, 31061230727, 62077234860, 36124751478, 36362972944, 37356479361, 65964351258, 6001450117, 88614272824, 31474730165, 21463203318, 11911011784, 13568145848, 70771283303, 75120615631, 39551394276, 5352779868, 89352314537, 15276915643, 5548283223] 
Weights: [29894199209, 12790884931, 46717587658, 30833017313, 14626045889, 88340202748, 21303680258, 42495049334, 71368229811, 62001845194, 48259575555, 52657964473, 84043991121, 59656599258, 75683305244, 41199578378, 76855659417, 72665879190, 67663764973, 52337259252, 43400256556, 87362727366, 87192143845, 26962095379, 76548151223, 65665136967, 73156371122, 29969679682, 68770859586, 33500121185, 86967538644, 88476229344, 52325879197, 87663362153, 86780918061, 50016119467, 28754211440, 17520421159, 71422286470, 62911188289] 
Capacity: 88617038739 
Capacity ratio [capacity/sum(weights)]: 0.04 
Maximum value for profits & weights: 100000000000.0 
----------------------------------------------------------------------------------------------------
Number of qubits: 77 
Profits: [25723838602, 58559024258, 76132974982, 30134555211, 36060223810, 88756456984, 80633881137, 19274816394, 23416923745, 76430402212, 36417944491, 89652740525, 36652658509, 49012705586, 82974740444, 10088184523, 42820869717, 41352388308, 63227093800, 99549520070, 65231708466, 72376419866, 46694537009, 68921623771, 25589137588, 54672345357, 60212428197, 26989413132, 77101137109, 17296226379, 23564315726, 37973443256, 27250437076, 48662957976, 98554580878, 35807669596, 20072640522, 90706539870, 37819041443, 87292842023] 
Weights: [36052643330, 47289810545, 63390480525, 44397467538, 23266808216, 27071981901, 60541239018, 26241147996, 58603875917, 47949053212, 58719717578, 39599639616, 76084927911, 57435396295, 50159733749, 70236931158, 74687685360, 54073014868, 54845971656, 77835508110, 75756129685, 57080153722, 39392905707, 45658291285, 34094163077, 77656053039, 28847952050, 80100411257, 61547294761, 34904638685, 42153206047, 72348038157, 48561149051, 75798984790, 61058784521, 37415784832, 31943904525, 75206370788, 23762912508, 77502755290] 
Capacity: 82283946873 
Capacity ratio [capacity/sum(weights)]: 0.04 
Maximum value for profits & weights: 100000000000.0 
----------------------------------------------------------------------------------------------------
Number of qubits: 77 
Profits: [57965573044, 55043743376, 32212495938, 83414209201, 90124269066, 91002297638, 58466949726, 88627016992, 85962016206, 50471253766, 48730449242, 13926869915, 72554247002, 41446211303, 16092831018, 3774317529, 78316640605, 5061378298, 45606287362, 38702042814, 98964792648, 34509676161, 71203674319, 37288127192, 10556802796, 4923272423, 77823808865, 69763649657, 10334573067, 40573262100, 39628684, 55299988224, 49463431436, 44326685278, 75427589710, 95212333465, 30320520984, 57537419075, 58028306258, 87133899016] 
Weights: [67012870876, 54006082337, 70440802537, 56613478967, 74268314610, 40534338168, 49610127711, 54151935406, 29266968510, 30478395062, 61751746565, 65106654034, 43467055974, 36816562786, 42383267743, 72587468516, 17271789433, 67848084341, 72697042675, 16519521331, 35910893184, 18371309507, 46542422146, 31348729176, 47647950738, 27291689108, 38317672994, 29553671923, 60160327522, 72128885025, 55694197581, 30723636047, 42125119781, 53450726298, 69441158996, 45038351391, 65015805129, 45527071589, 37291277128, 62709836115] 
Capacity: 75000829257 
Capacity ratio [capacity/sum(weights)]: 0.04 
Maximum value for profits & weights: 100000000000.0 
----------------------------------------------------------------------------------------------------
Number of qubits: 77 
Profits: [92839257965, 94843995343, 42233671731, 9725493601, 14367578326, 99419179709, 49416683681, 93178262792, 41115107217, 48621334479, 65720162454, 79346490965, 73793581395, 84480603042, 89336150940, 35901246151, 16070150919, 60624699062, 73325818842, 85326522480, 89769849865, 25874804960, 40003014780, 52560355966, 80000276452, 97480653837, 29877489157, 990274917, 62587888104, 95100885529, 79716166902, 17947453427, 4696506312, 78310346428, 20991837760, 67240525333, 2130027196, 92762819626, 43262642271, 41452374218] 
Weights: [62287306988, 19317689815, 38910615418, 90076312395, 53994629197, 14925580224, 91147111677, 43380800742, 42925158667, 19689490844, 90978852639, 84060217365, 64669420827, 54063801986, 10665326018, 35850265320, 33488318986, 91960389647, 65399655658, 85208844787, 85482212791, 76795088385, 59218188364, 22806892836, 76178014704, 58999188409, 74591181037, 81190468642, 87740729276, 91453097453, 88938035483, 26326017001, 63954220275, 46014090219, 80284317720, 44468256026, 51124227469, 75503247163, 33942884790, 79077878720] 
Capacity: 92802068091 
Capacity ratio [capacity/sum(weights)]: 0.04 
Maximum value for profits & weights: 100000000000.0 
----------------------------------------------------------------------------------------------------
Number of qubits: 77 
Profits: [40804780782, 41859520108, 50652840097, 15124944643, 80063710510, 54818490396, 53912114053, 69512490507, 46308521897, 78094169624, 42742827442, 90852468413, 71054076640, 10479186650, 57019935803, 36606411438, 93085285653, 53668153577, 35237086989, 88025545915, 20976818151, 31102846635, 64458712669, 36340076371, 58281367265, 7315513087, 93995337539, 68380216284, 86479509958, 59122906575, 50089788112, 2126487791, 44035468013, 75305748837, 59014052114, 22420009242, 99784520624, 37472632824, 84458223525, 40942601598] 
Weights: [47981910264, 71306213877, 78167012058, 35104980834, 26445586172, 69273844682, 77981097354, 52562047174, 33972585380, 45621396498, 37102523662, 38967448582, 60928269128, 51002049720, 37093065007, 49875776553, 10945845002, 58255626525, 54875774218, 58085130528, 37310315328, 35204571297, 75722669644, 17499850445, 63211204877, 75761734910, 54012789359, 64181543070, 73857378880, 24545798781, 41788559497, 72778754339, 59507664199, 34678674305, 46913513119, 54599751909, 50393897703, 35005798799, 52145221276, 70405192726] 
Capacity: 78615981947 
Capacity ratio [capacity/sum(weights)]: 0.04 
Maximum value for profits & weights: 100000000000.0 
----------------------------------------------------------------------------------------------------
Number of qubits: 77 
Profits: [40399313339, 43627839272, 56141155951, 78589651041, 94782726521, 37973997481, 36437808103, 59170626803, 28155179544, 43108560061, 94928922927, 82598781591, 12527544242, 25630595985, 54636609130, 66314346247, 69047718513, 15704176977, 96242679059, 58325291423, 52647004241, 50467523280, 79607478431, 22288027960, 13735028741, 36173035270, 97938166235, 5677188472, 72603397838, 71373597567, 81210716372, 86151135862, 31632160692, 90879098913, 68262968790, 35553091982, 15238176132, 62219052779, 66234899347, 16342323545] 
Weights: [48368430636, 20757878583, 65710912365, 42366199954, 61619677762, 39670898340, 54310367457, 75884506046, 59006648082, 54298523408, 54198204910, 35806955854, 46971424626, 77723220056, 69696625211, 14954667689, 23426970835, 79058337886, 41326431061, 12414220271, 38579270598, 18548434444, 79541299499, 46229573653, 75222807888, 68376102593, 68064521071, 70872507134, 50672117909, 43152228637, 58344355629, 76787040050, 47478679495, 37846273626, 53668688527, 55456337651, 42027990819, 50410728674, 54491465792, 60094758343] 
Capacity: 80595921531 
Capacity ratio [capacity/sum(weights)]: 0.04 
Maximum value for profits & weights: 100000000000.0 
