Number of qubits: 100 
Profits: [101125135964995, 361055494215235, 308214117639947, 650165074773234, 286996089375100, 854670052352317, 773346085325505, 588126171047152, 932673675460254, 348277041597892, 477382392512405, 303169765351288, 330667706244673, 353314764620231, 423764277890739, 187977834896103, 887466969228443, 192985476498721, 984345863276164, 899882759629924, 591108207212839, 840210071476501, 3510475996390, 233489021579348, 640104530979350, 865367732956393, 8001244880960, 933392426921468, 525232767594338, 948898167272178, 213755353613645, 308610760335245, 401768954364247, 149807498379115, 413536582441875, 299547365380043, 265155091634729, 993462290240585, 344808575310370, 739088092414323, 868014289375457, 621589429681887, 509104696327011, 310401877133856, 532394457055561, 589210780882465, 334947191121274, 504191576510875, 3071994993393, 132822287345537] 
Weights: [663586532833201, 319459055321114, 493613639304937, 539109332726813, 292101909641650, 471523586867608, 442882175249839, 529304502420067, 557976583124534, 247448818103084, 606364951652773, 540466825909015, 459076870303746, 305674942086375, 270876075512220, 634358727657116, 243377942947635, 559009091385858, 645004787214429, 566587770002340, 310639408424978, 670326571851102, 641868702109030, 465054587409584, 628613881426233, 563476314381508, 376297615582916, 308592009167394, 509979707522625, 206405382347968, 180414077249144, 293573213849561, 293157283583178, 317816350186463, 308145762520609, 436915685215353, 311172749889484, 461247556755108, 343189654266172, 320220235186620, 548842851702435, 658435904952067, 646038686728395, 507273842179185, 326452024743130, 546102776399767, 567082206254507, 331532929907801, 423128237232703, 360315305301545] 
Capacity: 711743591567720 
Capacity ratio [capacity/sum(weights)]: 0.0325 
Maximum value for profits & weights: 1000000000000000.0 
------------------------------------------------------------------------------------------------------------------------
Number of qubits: 100 
Profits: [387194636566226, 663292042789143, 633532771631172, 323519074461766, 99117109945827, 856367023342791, 686395589425562, 583741695347808, 991181872138929, 845615854710484, 35623991332658, 538753636257180, 998040972887572, 982385543723418, 81225727499281, 542078561467734, 474656900690711, 979705056323850, 125781456530068, 601775560177739, 55741686874489, 55903206451838, 296611998688916, 463138103705573, 483950523915888, 303542182948078, 664401644354672, 122186086605550, 758281039968038, 759524426973488, 613335642946580, 892138806167134, 121056823766637, 69742301519595, 851933003733969, 496288002113070, 795649391624840, 363544720141506, 726425992082921, 737442797358485, 322230432849352, 18419577461131, 138778651694599, 57293538466593, 782862953289462, 765521016112749, 315369502771163, 886914006821457, 912809889657565, 977433695640636] 
Weights: [831812795566582, 792012083491205, 512538329642306, 613517468917470, 779324621207231, 347333094684297, 399902116919787, 620607482302704, 617329942591992, 263432986623001, 327198491765464, 350345423444903, 622913150203099, 537619796917627, 826501520257393, 159908551419636, 244564982754494, 388719279082376, 615610417001957, 581001343120485, 396358706944727, 269870658315852, 820572077532745, 351110532128963, 681164280401828, 789780660713485, 360191506806117, 526526486262354, 728068478741034, 493596869018651, 640369018326765, 261702702046574, 144115126606618, 581845350983524, 404686180671636, 820132283399709, 750299546135284, 752277138021066, 595897761478150, 517626708172494, 797974564322561, 181528744353159, 369872380399835, 588152153277041, 457237590013949, 396142689217279, 545258577339568, 478471859468232, 583176112664669, 719929800580871] 
Capacity: 836332084483823 
Capacity ratio [capacity/sum(weights)]: 0.0325 
Maximum value for profits & weights: 1000000000000000.0 
------------------------------------------------------------------------------------------------------------------------
Number of qubits: 100 
Profits: [779091676215314, 338510642407391, 166171900583486, 777266537055750, 24553908408936, 325323403090636, 819977703405608, 82346479721747, 812684910815146, 363931342104551, 735296960453470, 921310277189897, 154991349042138, 777181950691340, 979254987942120, 418783658518637, 622279510437692, 603895310962845, 447235825899154, 223891528056638, 198682003782750, 721148024091904, 814353010887991, 660830889501990, 826965697174859, 123272780287294, 842222349775191, 206791305825710, 444990962793476, 893434173181104, 507067693732768, 250007794608495, 613730066190613, 839521526174160, 981333033831675, 18991749706154, 832378402162165, 439028667595905, 332321196971254, 724015744792561, 336569581635060, 797441211787493, 359959515515244, 742039859509243, 544254939731364, 373342503546151, 487904811449518, 336057006750414, 692839381711631, 571708278513716] 
Weights: [306781142527669, 586700882039984, 338944760748007, 519801207334200, 803230833516215, 680228784681506, 751489405905273, 574151506395791, 646759242152921, 886462873289626, 124742524793461, 711048829255281, 528591803722263, 682272926577100, 523309785248154, 706079241676681, 114926736605495, 580111143137010, 319893632760942, 668690914266546, 718922808318943, 381919168488879, 466926629186407, 253728795507328, 507897100513838, 302701570117754, 675020766689803, 676423439171158, 544336383011375, 710436729872481, 887477681682573, 428470423900844, 379962190648898, 864292186252478, 342762177730170, 793441767806559, 621320723243306, 608686728905333, 784476983302133, 415869725429621, 474485935973082, 578211216016665, 458773401201862, 753969346656229, 682962258323129, 556218574680556, 714295553518074, 487331438677885, 700137880489961, 805127518314467] 
Capacity: 905344786401403 
Capacity ratio [capacity/sum(weights)]: 0.0325 
Maximum value for profits & weights: 1000000000000000.0 
------------------------------------------------------------------------------------------------------------------------
Number of qubits: 100 
Profits: [435838303683896, 106336941161930, 285565083765681, 885364920091142, 841718450149049, 448359406944476, 757986415331449, 687387386146303, 67275389642466, 943888106023471, 318270745869415, 11033656470520, 944070544669919, 280071368134411, 51588901901102, 913101599173683, 260199130995774, 448952283230268, 257167350971926, 50441460658679, 234771247696099, 698116001738585, 903270137092095, 280869116279737, 585182319404279, 583208826411967, 827781975322765, 444468449696139, 35919637445534, 935602996691198, 364261087252001, 75322752671169, 39781488356191, 709581256884220, 664094598962043, 395728782794084, 672796658533887, 535205360465104, 886261040567936, 923101488985373, 119068485250867, 488883195116136, 835983760460196, 705816262048713, 228632416955296, 655209238349456, 676735097942335, 619906587058477, 409281695501130, 122906389875348] 
Weights: [622305507568136, 306616521095656, 678565451815326, 526981697261578, 676762266899064, 519065656731706, 700590136076723, 338504886613855, 241016259111248, 423142633150881, 529427777086198, 749790480723681, 261625392851450, 276396586661139, 713218071997958, 687254490731015, 238739690864914, 687309036301815, 297959015192618, 426410666486748, 696060800720636, 669207362805180, 755695089811113, 206003277678672, 569788189726578, 170922326686666, 741201910891925, 241492821832871, 556972257234928, 348483838170590, 295875442883177, 381651399316563, 335296461598498, 623840571743759, 258359121532932, 592944282516696, 558818938177076, 322483190519634, 260893284445829, 328940978818957, 462952354762327, 433043084498900, 471836419814507, 286716418213979, 734043492242582, 754802399532137, 734901795829164, 667396300709899, 667778845510084, 421751717798705] 
Capacity: 781245921576588 
Capacity ratio [capacity/sum(weights)]: 0.0325 
Maximum value for profits & weights: 1000000000000000.0 
------------------------------------------------------------------------------------------------------------------------
Number of qubits: 100 
Profits: [365974746591356, 89414068515845, 413617640375610, 377673033569316, 689535716135801, 656089438346798, 546472217156260, 682563243526690, 969822350443478, 419882563233502, 618687430081013, 581792643160382, 892266900256979, 811711943804714, 282234910944740, 706103883677812, 722844366643329, 74915639845935, 214996757175963, 76191914807404, 373539375879831, 538805310672792, 513767211583493, 555081406033332, 616386732942565, 327242125749033, 287064765201324, 55402101401860, 951503312402806, 181015530090599, 723525710444429, 585983959787452, 824023467928220, 132634024499666, 679309677563152, 135288104237011, 566423851749817, 667186532041369, 967935272248415, 507876259509162, 580129591548263, 335281217108593, 913375988370417, 46029502210179, 692117420796324, 399982666942552, 181208440842454, 518544765759255, 233947261832367, 526384038795674] 
Weights: [263339310897797, 468362543887230, 568739818009668, 298383816056530, 492228098889687, 580723943403241, 676195281887945, 252695683747938, 867797045931722, 781981489785570, 542255434134048, 768568239137564, 855067565277234, 744879552279851, 473796891681290, 332389588560370, 308997416486576, 685588525901658, 309510834604552, 770261018322824, 381056124212582, 636913080027579, 833174734546501, 451597725481167, 703666228304026, 567493633595602, 540446313396607, 799075523444113, 906659325276642, 589131313048133, 297738585596538, 75456438800506, 346485258709299, 322749738141355, 877780342668001, 738453044757195, 751101497372681, 497747133907572, 290608782692647, 595097754267609, 910613208910242, 904079034270536, 743509257684821, 770057956087033, 428850535856708, 800953607957611, 346272855631113, 275163494409404, 887999225514177, 569411051898136] 
Capacity: 920269605750020 
Capacity ratio [capacity/sum(weights)]: 0.0325 
Maximum value for profits & weights: 1000000000000000.0 
------------------------------------------------------------------------------------------------------------------------
Number of qubits: 100 
Profits: [581087123316159, 147250881603292, 997577286282091, 786658815104851, 710127648566326, 331128176463317, 841376261577514, 207976845807943, 324295915291485, 380600893794372, 735125922467457, 927678142042624, 251290983766088, 513831614047827, 496772036882697, 890321090489908, 619279297520599, 128833471994139, 425529052287872, 367582246494387, 908691042117899, 896477526457169, 567484659363797, 374860966160509, 960380975731830, 843598808757334, 639108168469892, 534830691677140, 790875307895896, 208452730909313, 564844193485652, 864059632481501, 132213346386198, 74255357810965, 686555332908449, 559793935379605, 952732250082509, 650767223363177, 66802489532313, 624852726380986, 517872142178600, 784015331587024, 655397602589108, 944720660703532, 186889365536330, 487104445451685, 784697594088062, 892710664523906, 879663231325175, 681205055878053] 
Weights: [375854894714136, 643795938107410, 333239561723450, 209818497443535, 486680825190816, 651877352874085, 307160827312959, 399199669421474, 597952089970687, 439107634592229, 343625460819073, 292108605214403, 541687609977319, 290516248676457, 365757504610630, 505544319869343, 106642109635486, 517786187474060, 462142726637586, 587213698414959, 468607639193132, 218535053027216, 573484838031518, 400218550794374, 540968590883763, 634098665025777, 366002654267923, 474232601263895, 438608144439556, 425875799563654, 292347290515677, 506175088801752, 381225993708460, 326900289390842, 359864016219558, 393211818210251, 239160091541557, 465608680956850, 340164080885784, 203240150500794, 467028320685575, 251377469259415, 337042534780072, 355288938907417, 250380413855932, 396197939471708, 595745361240015, 554139827518536, 455340432668870, 619863023413826] 
Capacity: 655678402523714 
Capacity ratio [capacity/sum(weights)]: 0.0325 
Maximum value for profits & weights: 1000000000000000.0 
------------------------------------------------------------------------------------------------------------------------
Number of qubits: 100 
Profits: [616422594118742, 891310336126407, 407115072276080, 298713896575860, 442462851306583, 325250493927999, 944027575910467, 778597789367142, 267674885390889, 570386411009608, 388680154133027, 693996786899207, 83865780553992, 148812493309823, 407172866287717, 122912031686302, 338860213620794, 849093245128235, 196142693388602, 992937484107855, 903249924407999, 332538982258033, 661717863151721, 644574471847740, 816657076369664, 465580746787289, 264965011018030, 776156170934731, 215474054721038, 883908831385586, 177336823270096, 366050605523953, 658831257189769, 547030825698536, 109330862689367, 774178609123372, 666337277889833, 854909869044420, 113130950826556, 794240825678782, 749723998763305, 899026660257122, 179562187421564, 299072573618023, 218382767300391, 391646044391352, 487514689669733, 201673470475727, 910418115473888, 534843074259222] 
Weights: [666304252196622, 458976374607783, 418447273049512, 483857202148582, 708473013756120, 368781950619949, 625195346016558, 725725511532898, 707315817787072, 331381708385412, 324099921071458, 556118932004664, 502202299157665, 482951326299853, 740955327291667, 384581045864441, 524981595874627, 610140468932628, 660045169933892, 703706716946434, 447199341890169, 446389582813424, 352540223952791, 494445962861082, 547457804420472, 795986396433813, 397367205238243, 581703111696908, 400427434170219, 531021026148418, 694156610623562, 642262848597184, 328953350871956, 547367208995064, 697665817967797, 620902701086258, 326360577334178, 421702105247077, 331732322533977, 303646163282632, 336295222612227, 504983117966130, 647804680800363, 487554299598023, 445562900340426, 52100896323856, 452615766837946, 284585466801707, 529342347634090, 707696621191455] 
Capacity: 800865132529483 
Capacity ratio [capacity/sum(weights)]: 0.0325 
Maximum value for profits & weights: 1000000000000000.0 
------------------------------------------------------------------------------------------------------------------------
Number of qubits: 100 
Profits: [703579641609808, 564280679641582, 397406730992245, 221274153715560, 688617827882157, 102229798065274, 114797915717711, 396409079199888, 984461128330305, 643516440955436, 219228333643776, 938456925125739, 707126363115444, 902657050524324, 629867724563364, 806077504414618, 814785835266383, 986297235858240, 193352436283276, 582597683522394, 746607881378484, 351698693613697, 614217388208733, 720175848631062, 70108416545917, 683193107950702, 316159119904523, 730628408419557, 913893895700205, 414443293742086, 517023847697518, 917902115844950, 298302487884775, 797777043224787, 408942493780789, 185492929412910, 306912250869697, 959644335717727, 410175146281818, 152329764967920, 739531084565595, 884274629663439, 753609825849969, 255565535030859, 350625822560160, 146715014770748, 857855970565560, 486574811850434, 188746598798012, 158323634130172] 
Weights: [744279485516709, 527297407337883, 346817108610617, 328690249870322, 435171024269527, 726470919562946, 619855649142759, 450782772061108, 474527858752751, 312038965170329, 599927504091210, 381330107744499, 764805185899722, 435607476129394, 487124457694896, 294666650655914, 101288659105043, 573079401880162, 484105211251224, 754401709923152, 546194507416708, 708566232456348, 610739581307431, 445298996067200, 532313598397604, 465435897226445, 614340566649435, 511150479618393, 753988236024519, 569970736915665, 565703063789204, 130807649344972, 396326413242314, 255348301618568, 369866308095741, 568349797550586, 563986089155345, 535530120062216, 412129456378128, 383341460499389, 287494749687856, 431264019145856, 675317983731513, 513086437622202, 749425128152594, 336272069559238, 415793685238729, 681722122491021, 329147113389048, 390283129870040] 
Capacity: 787369052955528 
Capacity ratio [capacity/sum(weights)]: 0.0325 
Maximum value for profits & weights: 1000000000000000.0 
------------------------------------------------------------------------------------------------------------------------
Number of qubits: 100 
Profits: [897779560119460, 152851353233648, 380699620325627, 755702228189645, 634375692832380, 536561371206201, 80825989294651, 393882403357092, 826163594571864, 184714073165582, 976375570744837, 510646680262074, 290317015908920, 68642657509131, 618286275701019, 691352126510430, 580333993147293, 803243549170559, 71299874967303, 413385077439080, 258977962143684, 781034072198023, 416364441420523, 231376869461546, 310546119824859, 7912003719767, 828445060264311, 713605211349573, 846449540892186, 455214600370635, 231809844604769, 526614902123815, 336283924132181, 902016845194641, 484649360855011, 545890130284697, 304920655201430, 676371828512521, 394679401789202, 527051175682965, 40122063467673, 41757927240175, 198868674835717, 552425975052922, 277249888395937, 165583602127675, 102727200643429, 258455086532090, 958984377964, 475093841646210] 
Weights: [558774730637674, 366294510402262, 566201431614671, 260982301977161, 332410280819630, 404139721217451, 607387790735711, 363502378457817, 504931632243122, 397475486187413, 325630029750333, 303777261278129, 542935850964430, 378372476795343, 261375268962319, 669857608872491, 199096093411163, 429678353011561, 300428001562186, 255480217267362, 439903801329103, 396102858594652, 479931680395766, 391149540766629, 430032304604015, 397092027454096, 326540223801150, 438602527135670, 307736144620971, 504085372716724, 243976300417334, 281631382900191, 237251140413796, 352416162005162, 457708550712895, 566024429758525, 487481637488450, 134305302874442, 612748470992993, 634447360792761, 595858266392506, 384806464540808, 567557973716834, 262430100794875, 661387785532369, 483462759056509, 523579942971377, 628273612326663, 393645915350993, 214182378113692] 
Capacity: 671281712603548 
Capacity ratio [capacity/sum(weights)]: 0.0325 
Maximum value for profits & weights: 1000000000000000.0 
------------------------------------------------------------------------------------------------------------------------
Number of qubits: 100 
Profits: [501401539047095, 910241581332244, 465325420982206, 342705960406050, 929729013998461, 880961342554300, 117172599248804, 639717169224683, 484826281066320, 12511031379273, 941523536573249, 780609397505300, 385958429777174, 456372178047179, 212994244815571, 76497543811657, 240345574279145, 826188800564022, 714809559962725, 113035456810154, 972929173493800, 577559948429297, 213385241456593, 344240216252506, 14347460971711, 548330547168982, 953422477130016, 863962213096585, 634203751290444, 812865349463738, 843310348364991, 424196967907958, 129650827945437, 635238008413222, 315827636906669, 614838076590143, 243755960793221, 287517602141941, 972351340775302, 806734523503664, 939158503140223, 600209162078084, 762985541989791, 551286921713421, 634797718467370, 936023151615316, 792099053732906, 302831517351780, 308635241343525, 885938763017379] 
Weights: [399581294950822, 356324004525552, 670802494605362, 737439477919691, 293193416358434, 514182249166710, 568813016852115, 515426819879595, 664536969137487, 437851003309666, 489657654549754, 367135941573403, 749102647776615, 307872866382679, 661890847243015, 261208523931191, 715303788545520, 328605434906553, 255995740191300, 348978108710297, 510207508193502, 671647309818748, 700703193629459, 341231921157973, 243962148098660, 297210194497267, 503054942744483, 605575059972956, 319109328489220, 582542836089689, 424040354327834, 296067941228793, 525380003148247, 714858492674532, 759495205554403, 736517307346621, 682964236842149, 206748696183573, 409043505555723, 522221656093288, 662928841465243, 252979965804316, 591278296761075, 385710908396464, 232421213724191, 386442780885224, 519265780118861, 468852029009416, 464948052498409, 455975963694970] 
Capacity: 769246355996729 
Capacity ratio [capacity/sum(weights)]: 0.0325 
Maximum value for profits & weights: 1000000000000000.0 
