Number of qubits: 108 
Profits: [7515755165692375, 6194730327741874, 5259428268702026, 2755824161223162, 9979792977988588, 5836370298016385, 6825235024198854, 8046490007694195, 1717981245033481, 8002937274265114, 6711440031336153, 3805894565648926, 7431166682823971, 9961219669590643, 1149303617737273, 9960526910111431, 515281123759618, 1692399978045948, 6732899705393845, 4684409364195417, 3547883625216354, 2787055772270825, 8639185760389076, 1991231145537170, 7690213330088319, 6931588589033585, 4805202116574093, 7322810430931615, 8602194979530672, 3696249783496237, 9550816970235959, 5000896462800710, 5808015491342756, 4707324327922000, 8823894352539616, 2855512612885538, 9615156242778441, 8876730309390131, 8598255400115786, 6095109899589564, 7887292554681769, 7307938867609125, 6496116680520309, 5122434561143015, 258017493309443, 5355190597005812, 985146499675497, 534197611997053, 2060193115571725, 9015329888933646, 3757589463621754, 3254767638850739, 7783640915301686, 2517654968615809, 8068904521007138] 
Weights: [7612682645646891, 2613693362408652, 3965979681860697, 7854004965447619, 4473039577205287, 6306651314648301, 5725205113577609, 5305002869302127, 5351386917798454, 5710649391391398, 5956082901442226, 6242917300597639, 7314801784215273, 7640049413628629, 2150011900103417, 4565535622295185, 3236454298984291, 5905410135547631, 4414845686981927, 3490267422359961, 3044728276411964, 5528259158039216, 5304796412773265, 6990500513282758, 7572981929394436, 3326319242218853, 7742074373547259, 5165569303800778, 6315745546378220, 7201597242859273, 4396978413094060, 1489521552560339, 6365036611979342, 3245339949868439, 5545832270114986, 7805227260218525, 2499835919341101, 4587986237000640, 3566299073005119, 5283274503245990, 6567830172311287, 6977230808768020, 5534799863950123, 8266254387084142, 8351271548128172, 7927377140342759, 7158231896469938, 6015596047608474, 6208242772549996, 5198325486135216, 6831280612093346, 3582636103744651, 3559883497856446, 5345661578814851, 3368616854230136] 
Capacity: 8523054500668232 
Capacity ratio [capacity/sum(weights)]: 0.02875 
Maximum value for profits & weights: 1e+16 
----------------------------------------------------------------------------------------------------------------------------------
Number of qubits: 108 
Profits: [5406763181682826, 2571796221932564, 6652302582934542, 6411310644742419, 7110173974762395, 455227906980462, 401084370050541, 7462631606143994, 7419710274205600, 4251336797466058, 9509551786107953, 9401515503631229, 6569181970903677, 7419658543881288, 5490271287634924, 4435463518980322, 1103063031333651, 3852519859181240, 2557829092863680, 8914634438278943, 723670002635804, 5341377151370427, 9821901978434840, 8777581253904343, 1950741154245982, 8483083427497564, 938411448841509, 3739018885224102, 4439565648944703, 8488121193829348, 3569410914205773, 4347685893253931, 6959760463596081, 1603992318311696, 5251669529423613, 4708087389561264, 4649052688714233, 1314368850047517, 9257628926191790, 3613216420467859, 7097512106525486, 3681702581608707, 6485419075006725, 4033601742572962, 7123542203368703, 2630763789632877, 864133747078345, 3192638333659307, 7995926793434352, 2085618738617781, 5939764885182758, 8639899889956496, 4739557956248414, 9584140159675611, 5950222742456832] 
Weights: [7406305167893463, 1748278476306655, 3793767292817101, 3138648689627271, 7061106352336829, 7385369943465340, 3028596001332138, 4919232526349248, 7963694882785713, 6089600927031189, 4274253090317647, 6393441734390531, 4024213447677245, 7528161755091271, 4355455502722112, 7802808156792629, 6139936659296690, 6254448210603726, 4348256810955440, 2362601448683746, 7991871406426264, 6188557151778005, 7934113048907580, 6005340112902840, 7750314935810044, 2711154039744799, 6560428268542150, 4641658358133809, 5857450546236702, 3211476566055190, 6238326308923657, 3391706380044546, 5657751879251485, 5048486257728706, 7673459014682761, 4931269082929022, 4943621628279608, 4917670615478907, 5819254527031274, 7571231892449762, 5216100143241484, 5903517364781508, 5871240204933677, 3285400666827614, 1717253814413833, 2049709613199653, 6949570663375680, 2700115147531613, 6283051255872026, 1949639633643438, 1444651858962441, 4860903009702924, 5969843755760480, 5137575493979745, 3998855457405384] 
Capacity: 8068112327998252 
Capacity ratio [capacity/sum(weights)]: 0.02875 
Maximum value for profits & weights: 1e+16 
----------------------------------------------------------------------------------------------------------------------------------
Number of qubits: 108 
Profits: [6867599110790232, 5190131989948347, 9036948383613054, 8307386282588881, 4229438390412134, 1312841725600454, 7416733229093194, 7192394211234285, 9148126506452955, 3279483845162439, 5633215864368087, 8436236008957763, 7695658346963798, 3101101181151491, 7094904663982353, 6212882091690211, 2590818481717534, 2094965707744042, 426033119891447, 5046806130049119, 4130713825763507, 327826034144937, 4504448514968494, 1877786542215572, 297045212040314, 4852389079277475, 2848079171709732, 7921239082640388, 4085472802051189, 7476118325810767, 9486357021733016, 8323025431702262, 7998133077368225, 2010325358709357, 3430085252097636, 4024964018139033, 7770871924973060, 5133630612657179, 9473934241488586, 5883815843391352, 7888260839351942, 7221853102917429, 1976751820807618, 8266416521363865, 4231872855130378, 2597440809248621, 1268011995182692, 5791641067973796, 8385422121820789, 1442688118086958, 5314122298496788, 1636107093345029, 7804018995575423, 2779186119073572, 2162013685311773] 
Weights: [5994253080053256, 4262139058815267, 7756796490365809, 6584505260102459, 6335341554040471, 3458012600612798, 5114449038667948, 4127013221128736, 5744905075900656, 6453303631381102, 6252492676698288, 5651973733314355, 4863105355053787, 3517524519224774, 6563497519455669, 3063423292620989, 2075655103311829, 4644259302372486, 1410446464979288, 4458843672685886, 4894483254138394, 2636143009088933, 3566636637845180, 6919479369973649, 6634259048446732, 7992935352852215, 6034593232572026, 4191373553304006, 4205717086763548, 5349853045135950, 3933250792369533, 5137442151636248, 4627252669630313, 7422980267806904, 6041634517027982, 7374131038321031, 7556356769059710, 7204855090398417, 8061067691297060, 3792901466501965, 7731792352632489, 3122341268176165, 5189700983494188, 4623983536825829, 4860422336921698, 5192233165226814, 1359449091981668, 7673928441092352, 3752998975578748, 6792281923455637, 7288467529589351, 6844565934992440, 1726613525866403, 4770524619643623, 7961049033373936] 
Capacity: 8134316274994224 
Capacity ratio [capacity/sum(weights)]: 0.02875 
Maximum value for profits & weights: 1e+16 
----------------------------------------------------------------------------------------------------------------------------------
Number of qubits: 108 
Profits: [1942273093279731, 2964017457510888, 7093125323561159, 9671729581734730, 7565975927016762, 2966889543240798, 3962106043662121, 5427860066577884, 848265134667416, 7605182609738700, 7968304571635265, 6299392401666754, 4345407692832240, 2845200376821706, 7086327722406589, 2118296876477670, 3296814660291842, 8533413107180510, 7611646359029942, 4296448153010092, 8501869987752065, 2514242886088639, 4729971268038537, 6502910770869068, 8924709678117422, 6684416895719536, 546453689976438, 5398093594758717, 9854187795546780, 6014403922667005, 9552474872811144, 5785199287302071, 6732954927207874, 6690413233086358, 4561190565842371, 8548001771545287, 3080642175581980, 4616511116833327, 3800070571084496, 5938146145208655, 2581107896104167, 2988535467911587, 2663297275427904, 9523457874413719, 5799087186363124, 420314379337375, 5269854720393009, 5310669233916268, 5154794918827410, 9343200602563824, 1913313482703247, 3100525432969361, 6994172968096924, 5979420107016145, 1756095302398940] 
Weights: [3356765933933964, 3622300303401870, 3758172766185107, 4532629426726909, 4888152454778955, 5671790284818642, 5073540038430022, 3008553474599640, 5105416553790952, 3247376611153061, 4575362383065105, 3159684416619060, 2785170896900171, 6551043159760978, 3500717694808337, 2519807940411232, 2629323956743084, 3825610518834297, 4373028216268960, 5305773153174518, 3653033613872311, 4958347211002190, 5116039994663455, 6164369460900058, 4680180844392977, 3902017659914593, 5364853227163550, 5378081466492873, 4082796841513715, 2084796111036726, 5422594775389169, 3123465632764834, 3850306916350660, 4729735075943360, 5737881919744869, 4653404544027587, 4354582626194354, 6405831017687467, 5791059535790301, 6515414329484207, 6345037898237084, 4717228885399030, 5182885196195971, 4452340591664125, 4371421132908163, 2035549419179737, 3479339161361474, 4032079530268397, 4930054176557925, 6853505456573057, 1326425942243817, 4465469834414973, 5801615095313314, 6862624902460008, 5969450502813750] 
Capacity: 6967644279773170 
Capacity ratio [capacity/sum(weights)]: 0.02875 
Maximum value for profits & weights: 1e+16 
----------------------------------------------------------------------------------------------------------------------------------
Number of qubits: 108 
Profits: [3027041235752244, 120515545470098, 2420186556788350, 4860809088844116, 3030105424268985, 1962115461336314, 5824247121953553, 846174144340182, 2813047503529436, 1408253703605345, 3672467772189695, 2030011558816893, 6767186844037959, 5528219858811801, 5395384500477375, 3192873625877691, 7922341494317584, 9311052488521570, 2181411583716336, 2817360257903608, 3451717612995440, 9905377346108237, 3675517908122490, 6156416034185252, 2999005876987769, 8217372398539712, 8187863259596192, 5281507193050016, 9580103617631103, 3459429498883696, 7025252735159643, 982889430795260, 3638398802078981, 2192470718496238, 5137763639088247, 817031093038632, 8262724754809485, 1844990592520694, 1300105904212570, 6019332484540669, 8014719727494180, 3474369203292785, 6426698578923602, 3012101067444491, 1562388507893840, 7692298250093487, 3882153774927548, 2006801928936584, 4467349717918105, 4214360434578646, 5241219968624648, 2703733861354380, 2803405434087555, 8437412311788422, 2000317569379749] 
Weights: [7438328255803740, 1728697396260300, 6223621998744156, 5370743493938977, 3301142224823007, 4599507455113031, 2436968408109009, 6048083346627173, 5433443455123843, 3774629609137408, 4545502506508053, 2551016946803183, 6376355030638401, 3821736267998893, 5273039058622762, 2877711457849839, 5845781135081862, 6462027095690477, 6389117658985666, 4856662996525053, 4470336875938137, 4356862838489094, 6754895155104760, 5194616419835268, 4718713306659239, 2239797518160255, 3043518679566782, 2458507111729175, 5372269079601667, 5394296179729788, 6990464017253315, 5829749761211909, 4268987470693168, 6610842249238477, 6944235945394790, 6053968261521108, 4240895382782472, 2134240908161700, 6336418061429032, 5883662576839463, 5428949377961985, 2216879823815383, 5583088051054877, 6513566137154129, 7670636493579286, 7795213383395497, 4877361767178050, 2287164025495408, 7548176044948583, 7950162269307110, 5417835573944357, 5843262703081098, 6025712580884683, 6837785124196843, 2258759949069221] 
Capacity: 7954718229430353 
Capacity ratio [capacity/sum(weights)]: 0.02875 
Maximum value for profits & weights: 1e+16 
----------------------------------------------------------------------------------------------------------------------------------
Number of qubits: 108 
Profits: [993351295334040, 7659428028586064, 9049795027455570, 4885422539202615, 685039728915027, 4353894832392756, 7629564274700236, 7175135283116668, 6032700976982264, 2812338606506142, 8869852146142229, 5711238296557980, 7914105937591383, 6398477036299615, 8806798387305419, 9966587996599362, 9679536365899742, 9367919950841547, 8900509414940578, 2220155512501303, 7950900424635273, 7143907339373320, 6809734660704684, 6107364729455806, 7659676683321568, 1223459370865638, 4084684958446693, 5668603629172867, 9514321438077578, 5772201991300668, 6810129661870238, 7266173489045521, 2329105269040639, 2871706433429552, 6092474753937974, 2048276592167224, 466167876351351, 3204111579525938, 2052127010746563, 564856452342455, 447009353104206, 6667587131336675, 6781284760532062, 4732690006820115, 5295779224106662, 4906539863717964, 6648528324365425, 1886490796820671, 959843388899756, 3117663017854050, 8093642002641236, 7521210606103532, 5249627841929252, 2662795219702264, 8141743135429373] 
Weights: [3885964907596782, 6729890259760381, 4098036861319236, 2337458820637231, 4289561720432731, 6042800210674383, 6539616907373135, 5686297511338008, 4044181655489057, 5589908208002052, 5073391353235757, 5948003097698348, 3783236863464264, 2372901910987540, 5772981850591285, 5282420516164994, 5110120875626808, 6114591664929074, 7172169790520775, 1858270948506115, 3264468497960358, 4717658121789972, 3877406549932630, 6573624967753273, 6867172704622306, 5486135114590148, 4234839341945027, 6288615928886818, 6219584067103601, 3547374091981593, 5491801418740233, 2524797542025974, 2747922246081358, 4336329142553757, 4166738248194568, 3718950208353294, 3931353081461424, 4404439574104329, 4056100163923367, 4966731033293666, 5107194922079401, 5403848833382902, 7257607730881489, 7416249992015928, 3928018091022064, 3997753779593139, 6964449603726969, 3765567125960637, 6360492232508946, 3563486190778666, 6013171778195905, 4138102695854633, 2205352603980090, 5227725043426564, 5373534930733391] 
Capacity: 7492685544734334 
Capacity ratio [capacity/sum(weights)]: 0.02875 
Maximum value for profits & weights: 1e+16 
----------------------------------------------------------------------------------------------------------------------------------
Number of qubits: 108 
Profits: [3181779806044978, 1991635155819346, 1617437284873741, 7095173948160736, 9366692438596096, 220320069623624, 7665314679881563, 5807743020179800, 7828907393909878, 6990007097412777, 8637493396895128, 3949051410624324, 7513607302006350, 8386983396071946, 5479392832031363, 4526491712096389, 9558982062911746, 6332285242629746, 7586482861539388, 3422994172510240, 1014846831483601, 6459664073370534, 6338425466057743, 8641200209575496, 7080647159574617, 3570924447245630, 49670019718911, 7190903515638735, 3613706648605126, 3727042889941455, 8453810933651991, 5139497861822002, 7651970765578834, 2149242122057138, 3692440213491812, 7361425973685039, 1115756791350577, 1334930042652943, 1946218701283060, 4533490650638641, 1289572789023640, 786811186265419, 7107940481678934, 980466629080287, 7085990912090908, 3011089467409104, 9452650058369263, 426945136090077, 4910735836236175, 9814957457550546, 3841202766754374, 2823638246449328, 3776454377379167, 8916222029958326, 6610475964141394] 
Weights: [6513767901745844, 4795575888749687, 3337349289331388, 4043949630245293, 4295655599203256, 6366031134224311, 3473953005842340, 2754505467956028, 4138532072104169, 6691324119034977, 3620160437445393, 6184560012132247, 2914425081398590, 5317335203988373, 6473965791340725, 5689856902694509, 4009569011899975, 3733531116368042, 1523349114182660, 6352347986459905, 5499191344114490, 6408378400364664, 4983441811245300, 2124854769277778, 4396625199457998, 3483896162220305, 3891147049883720, 6756410462248539, 4473943431130679, 6478055113187814, 3333133679132962, 3354555671605979, 4122636820123050, 5890325994231087, 5885188409738986, 6062554034064961, 3453313475499822, 2353809409318828, 4784176516618150, 5412922827365508, 2556537025121126, 5875990376611773, 3469056468290406, 4177574550993735, 6909486193608808, 5593847602251865, 2919351498324537, 4201297988684764, 4661828056420373, 6248420490951269, 3852214186121384, 3418213829510978, 2253554013261596, 3873869979844434, 5303064723617641] 
Capacity: 7062215815543044 
Capacity ratio [capacity/sum(weights)]: 0.02875 
Maximum value for profits & weights: 1e+16 
----------------------------------------------------------------------------------------------------------------------------------
Number of qubits: 108 
Profits: [769171469731128, 6835007426536979, 5098262294314956, 7454149332849790, 5850780803739007, 19689585676988, 9972987441224774, 4149819773467661, 3513517535252217, 5097288539816699, 9325004023794682, 3947636676119974, 9356462293503051, 1355850762974583, 9596855426864970, 397808744900911, 1468442866835758, 3791231203101673, 9621771982140420, 2441985870393290, 3263618226508956, 9654389921718983, 9259954875921806, 3677294458729403, 6987473676361363, 1405038761626880, 9378989631478797, 8611446379432849, 3183298381800727, 1367077572460189, 3301062089587321, 6428760970383505, 6943684936830214, 9655632888685595, 953457069602862, 3350663794221386, 2549746957018646, 9015108175247366, 2807359631492454, 4607489628742853, 3916603408016659, 4364313279140066, 8447522199513519, 3409152517853691, 850330611156383, 3086921849533877, 6104685690505571, 2702235404926317, 4910653067295943, 934659173117903, 3367048767519083, 4124370148686667, 3041775711587163, 4843765223190820, 2508430494322192] 
Weights: [6072441770086633, 4660237512716444, 6514042363761582, 5865378903981818, 2761953094726133, 5373998083106540, 3658778512461410, 6944640938239839, 6149020576342902, 6446697637127832, 3166749583483522, 5949946271024818, 1901359195230070, 2482214821293021, 3175270888021371, 5291246760366808, 3193753512864787, 3297220645602223, 3981327053717613, 4819285917537912, 5159270042619782, 1616272536847733, 5087523589429167, 3668656962891840, 1896104888191595, 3921037970303062, 5654744863693672, 2037049705487800, 6924838937517602, 6346061537583267, 6705785902799864, 3448077743803938, 3324223033319912, 1667313491802742, 6572421424663397, 6483717308441568, 3577915840694978, 6360457595007936, 3239488906687719, 2399879295987279, 6526774639399293, 3212320327279905, 4861323597345938, 6319673406988044, 3101513791518830, 6806352539485052, 6745695115551717, 2873130877121371, 2413472299869330, 5608032041788381, 2657186896880804, 3892639312374907, 4457119787321026, 6453473724851030, 235788514030670] 
Capacity: 7010932545132497 
Capacity ratio [capacity/sum(weights)]: 0.02875 
Maximum value for profits & weights: 1e+16 
----------------------------------------------------------------------------------------------------------------------------------
Number of qubits: 108 
Profits: [9319938783296122, 5645026423040022, 9747146350323211, 9254787049928883, 8338246177195193, 154140230543312, 6308778515125271, 3799708893369269, 7592825943412653, 7884640629199176, 9440690079874923, 3724281733297725, 6539329570163526, 2357090434183152, 8057236888374541, 2409231276603660, 108148129828547, 7088400375264009, 7755615336698689, 1621257831145453, 8994876978591471, 8478051588588405, 500948622468189, 9025197727563103, 1851995064673767, 282200330490131, 121509367432536, 9677949827279380, 6411204012100427, 7699718247350398, 4121943114861332, 479974592410441, 6636975753725637, 3178187447103645, 2265459633598285, 1594704115894946, 8885572102627714, 3185707506390215, 5467628369919482, 1205246630216635, 7400314561301684, 4826695169735727, 7907755910610343, 2239421989054133, 9386131522869955, 3804794110850771, 1748945740683478, 9345926497839522, 7012573504355746, 8519759881916014, 5132796638065056, 540242686356409, 4289247876539599, 2249100081830343, 6029014415754532] 
Weights: [3239879557883578, 7237915488746024, 8003246115683671, 5630554262261835, 2744495226211200, 4980351491466321, 4754171139248930, 6302013164417332, 7654863429370385, 7799520926697465, 8190640068056571, 4794138100048336, 7406834530681482, 4329474771824113, 8110622893725321, 8581294968478755, 8459206359103933, 5937010164344207, 1191648926349230, 8343538141460460, 2612066151302728, 4498612062115606, 4357540549068725, 4355055381613290, 2881079038337774, 7315986245005534, 8784301902129934, 4421805007658581, 6831468032241821, 3835621180016399, 6124218520747235, 5449723068657844, 4136152041876109, 8827404836422757, 5028375658835134, 7289151809018030, 2407349718870153, 5551790555595088, 7990252635119997, 6530594278748054, 5905794191443727, 8123575150153836, 3486802097989746, 6662758314658655, 5261278888960908, 8600381904413460, 4277050036603271, 4810550246320940, 5783247384289857, 4033273748649019, 7806456506512122, 1587510076846209, 2129003578217646, 5777030379243071, 8444144697461501] 
Capacity: 8831569260163212 
Capacity ratio [capacity/sum(weights)]: 0.02875 
Maximum value for profits & weights: 1e+16 
----------------------------------------------------------------------------------------------------------------------------------
Number of qubits: 108 
Profits: [9324660126877993, 4686821593871301, 4368169809446927, 847812120242986, 5366903591573888, 7876958370696272, 8953303932676519, 2799957980516678, 4911739922711009, 1742365020144727, 4374817940195579, 3085609301463564, 6455959389075382, 5899935711602510, 4864511751147792, 8426577865465516, 4495619861385213, 9657864197146774, 3209001519020757, 5486046280762671, 4153356769021099, 4556317081764657, 7302471352979107, 49152915209729, 3403923197726719, 3111049064273893, 6173219853316280, 1755318790342681, 1456356119407252, 1559857198608053, 8078611068435537, 7192804820283205, 2736566295822003, 437304728843395, 6000213731646031, 4744079898255831, 7773213717818414, 9350872417679519, 7270446143390752, 1916934572420103, 4874385513766059, 4470159083175580, 3665527644878011, 353993687732705, 8990011066758846, 4664101179531678, 3605619608123461, 1361240044535777, 8758395506871212, 7600786231498166, 4757561213749487, 7141189006158875, 721782125986176, 3950110028905884, 8304937505498352] 
Weights: [2879798595265488, 3261489429127052, 4163397731668449, 6307492795149538, 5899774938019718, 3868592784249028, 6897538609981628, 4027659830972344, 3603472809661944, 7246018984324642, 4289376317002565, 5981489562255128, 2664641171218126, 3059941962113885, 5522007783471399, 6645241444596595, 3396408638309398, 6136240300001939, 4324545665475028, 2330089947983160, 7022227393242004, 5405151859402629, 6633553318262705, 2800444646819014, 6630293230620626, 6962872257154821, 5077282030492594, 3177177462872302, 4734341601771394, 6080098541751314, 4296482029874804, 6290451918321895, 6267432636377619, 4523197877733165, 5721175910684454, 4088393737630285, 4011963820553120, 5325625106782099, 4435680348592567, 1464096286814926, 4015031546664015, 3730976209838096, 6938262327508098, 5433802270605692, 2292192091765697, 2607233045173084, 3576740725812610, 5215313655918220, 2719097719391813, 6078525754274169, 5206795636141588, 2532598177948139, 3632533093147675, 6341274121342804, 1833352463294791] 
Capacity: 7297013749115310 
Capacity ratio [capacity/sum(weights)]: 0.02875 
Maximum value for profits & weights: 1e+16 
