Number of qubits: 30 
Profits: [780, 61, 126, 768, 549, 98, 257, 371, 864, 10, 245, 217, 683, 114, 355, 747, 564, 954, 780, 694] 
Weights: [579, 426, 394, 482, 431, 520, 570, 339, 414, 595, 619, 366, 522, 610, 634, 138, 624, 543, 643, 493] 
Capacity: 663 
Capacity ratio [capacity/sum(weights)]: 0.07 
Maximum value for profits & weights: 1000.0 
------------------------------------------------------------
Number of qubits: 30 
Profits: [215, 386, 581, 157, 977, 330, 351, 31, 671, 449, 647, 408, 283, 681, 147, 535, 604, 338, 48, 693] 
Weights: [588, 608, 596, 584, 415, 315, 312, 385, 541, 688, 542, 654, 618, 318, 571, 675, 673, 298, 564, 543] 
Capacity: 696 
Capacity ratio [capacity/sum(weights)]: 0.07 
Maximum value for profits & weights: 1000.0 
------------------------------------------------------------
Number of qubits: 30 
Profits: [518, 867, 774, 168, 716, 843, 781, 588, 544, 146, 73, 162, 484, 220, 804, 99, 112, 132, 497, 569] 
Weights: [514, 326, 400, 654, 434, 598, 556, 623, 625, 596, 533, 249, 450, 576, 472, 631, 515, 687, 661, 659] 
Capacity: 707 
Capacity ratio [capacity/sum(weights)]: 0.07 
Maximum value for profits & weights: 1000.0 
------------------------------------------------------------
Number of qubits: 30 
Profits: [429, 57, 808, 702, 1000, 833, 428, 730, 874, 753, 906, 994, 562, 669, 831, 965, 323, 366, 690, 200] 
Weights: [628, 244, 570, 568, 526, 120, 590, 364, 502, 461, 536, 497, 581, 616, 394, 600, 403, 519, 272, 429] 
Capacity: 629 
Capacity ratio [capacity/sum(weights)]: 0.07 
Maximum value for profits & weights: 1000.0 
------------------------------------------------------------
Number of qubits: 30 
Profits: [2, 942, 453, 387, 476, 394, 378, 323, 120, 144, 739, 278, 477, 465, 686, 655, 832, 142, 70, 244] 
Weights: [490, 285, 378, 589, 571, 577, 404, 331, 550, 515, 511, 534, 487, 389, 255, 439, 514, 500, 223, 421] 
Capacity: 602 
Capacity ratio [capacity/sum(weights)]: 0.07 
Maximum value for profits & weights: 1000.0 
--------------------------------------------------------------------------------
--------------------------------------------------------------------------------
Number of qubits: 34 
Profits: [551, 561, 4730, 6769, 2143, 8968, 205, 6299, 5927, 9659, 1261, 6773, 4623, 8291, 2303, 4091, 8702, 1125, 6406, 3552] 
Weights: [2390, 5271, 8405, 7980, 7276, 5676, 4256, 2252, 7424, 7586, 8331, 8434, 4557, 7792, 7370, 6547, 7529, 4342, 7478, 3323] 
Capacity: 8463 
Capacity ratio [capacity/sum(weights)]: 0.07 
Maximum value for profits & weights: 10000.0 
------------------------------------------------------------
Number of qubits: 34 
Profits: [8901, 7470, 1549, 7217, 4023, 6276, 8831, 9159, 3981, 4624, 8337, 740, 453, 3623, 2778, 6693, 7913, 9118, 5673, 1521] 
Weights: [7283, 8306, 5371, 4827, 7706, 7273, 8028, 6195, 6123, 2597, 8334, 4636, 2458, 6678, 8155, 8037, 6167, 5070, 5768, 7606] 
Capacity: 8336 
Capacity ratio [capacity/sum(weights)]: 0.07 
Maximum value for profits & weights: 10000.0 
------------------------------------------------------------
Number of qubits: 34 
Profits: [9108, 4603, 8045, 5687, 9867, 6780, 2987, 9908, 450, 599, 5637, 3760, 3455, 1047, 1498, 402, 1287, 9296, 1091, 3126] 
Weights: [4989, 5631, 7315, 5009, 7239, 7175, 2015, 7908, 7258, 7082, 6920, 5888, 7765, 7018, 6570, 5546, 8115, 6781, 7273, 717] 
Capacity: 8676 
Capacity ratio [capacity/sum(weights)]: 0.07 
Maximum value for profits & weights: 10000.0 
------------------------------------------------------------
Number of qubits: 34 
Profits: [7040, 50, 3028, 6083, 8828, 7887, 9165, 46, 5455, 2748, 8654, 7487, 8744, 2473, 5559, 1244, 3840, 8630, 7302, 6907] 
Weights: [5905, 7670, 5578, 7716, 6142, 8145, 4726, 8700, 8600, 7134, 3327, 8399, 7534, 4394, 8359, 5619, 8545, 5076, 6587, 2480] 
Capacity: 9021 
Capacity ratio [capacity/sum(weights)]: 0.07 
Maximum value for profits & weights: 10000.0 
------------------------------------------------------------
Number of qubits: 34 
Profits: [7636, 1665, 8025, 4851, 3438, 5521, 3135, 8881, 9298, 6721, 2072, 4165, 7299, 2504, 2818, 9381, 7189, 9091, 4973, 9107] 
Weights: [4588, 8391, 6797, 6472, 5090, 6190, 7646, 6619, 7744, 5676, 8383, 7285, 6294, 4587, 6628, 4121, 8415, 5457, 5608, 7949] 
Capacity: 8552 
Capacity ratio [capacity/sum(weights)]: 0.07 
Maximum value for profits & weights: 10000.0 
--------------------------------------------------------------------------------
--------------------------------------------------------------------------------
Number of qubits: 40 
Profits: [593759, 350063, 25960, 82178, 162073, 987976, 586780, 624901, 959957, 84486, 248971, 10895, 534038, 961464, 876210, 60796, 102284, 118203, 693255, 25432] 
Weights: [351786, 628557, 790010, 791225, 563622, 750793, 568266, 556571, 709706, 630697, 719600, 650677, 514762, 803832, 582698, 462528, 765824, 551454, 446234, 102385] 
Capacity: 829070 
Capacity ratio [capacity/sum(weights)]: 0.07 
Maximum value for profits & weights: 1000000.0 
------------------------------------------------------------
Number of qubits: 40 
Profits: [316065, 599148, 236491, 524448, 263449, 957794, 72796, 297197, 978446, 234955, 331792, 752973, 611745, 779644, 52666, 550361, 937749, 804883, 725247, 312535] 
Weights: [710427, 640898, 392263, 678692, 457101, 498345, 629766, 557417, 539828, 580623, 494002, 621655, 462429, 679179, 391928, 666332, 690028, 678073, 711790, 709300] 
Capacity: 780676 
Capacity ratio [capacity/sum(weights)]: 0.07 
Maximum value for profits & weights: 1000000.0 
------------------------------------------------------------
Number of qubits: 40 
Profits: [954742, 76128, 293323, 317153, 465900, 188097, 365125, 821035, 22816, 398542, 647899, 768486, 886983, 451967, 994399, 229275, 786802, 890130, 222236, 592164] 
Weights: [553120, 406378, 577848, 453638, 635365, 400879, 525560, 494806, 309940, 576128, 589410, 545910, 562841, 475326, 437530, 101997, 461592, 547576, 590724, 488289] 
Capacity: 653878 
Capacity ratio [capacity/sum(weights)]: 0.07 
Maximum value for profits & weights: 1000000.0 
------------------------------------------------------------
Number of qubits: 40 
Profits: [802888, 30202, 889263, 696864, 311366, 715386, 616143, 860927, 624921, 662933, 600722, 973897, 807173, 741705, 580970, 959002, 6547, 401895, 653551, 627955] 
Weights: [735912, 790898, 722797, 550344, 846750, 782380, 480528, 624568, 666999, 546239, 753821, 798824, 652655, 617367, 857795, 478704, 286492, 714837, 329530, 697712] 
Capacity: 858629 
Capacity ratio [capacity/sum(weights)]: 0.07 
Maximum value for profits & weights: 1000000.0 
------------------------------------------------------------
Number of qubits: 40 
Profits: [687950, 921205, 997660, 785960, 837077, 356600, 845461, 286624, 507774, 743836, 895734, 889186, 924473, 353249, 873812, 36124, 703545, 206294, 834023, 509370] 
Weights: [343492, 822277, 820798, 252384, 801687, 572142, 580477, 744653, 571138, 687811, 316478, 812006, 795801, 656409, 657765, 611914, 260272, 691824, 768409, 297041] 
Capacity: 823912 
Capacity ratio [capacity/sum(weights)]: 0.07 
Maximum value for profits & weights: 1000000.0 
--------------------------------------------------------------------------------
--------------------------------------------------------------------------------
Number of qubits: 53 
Profits: [7459619457, 4982055139, 368028658, 6734143612, 7274584465, 5653500990, 8019355428, 6933512702, 853105226, 3530230055, 5209796514, 1135287001, 1207286473, 7741369220, 3025420228, 3002309998, 9642288493, 4144772218, 1969993382, 6277702679] 
Weights: [5099554610, 3795587264, 3581987821, 4818491159, 2966312281, 5220287417, 4110122134, 3673483550, 4772747517, 3649871668, 5184052512, 4947350963, 3491315973, 4238511393, 2827555017, 4912843405, 3524455888, 4275138510, 3434228104, 2624471565] 
Capacity: 5499908853 
Capacity ratio [capacity/sum(weights)]: 0.07 
Maximum value for profits & weights: 10000000000.0 
------------------------------------------------------------
Number of qubits: 53 
Profits: [9331090996, 7696408140, 5217395524, 1423791076, 4868349304, 1898354983, 1277621135, 7462731128, 3440918938, 3874965658, 270017347, 6071557322, 9299263265, 479659457, 4659205510, 269433304, 1406307921, 3622750841, 4999131346, 8186182436] 
Weights: [4373303846, 5158119145, 5621292844, 6813704042, 4564239925, 6950796822, 7190776961, 4499067331, 7229101934, 6293598136, 6485534666, 6225905713, 3763470741, 3381883364, 4770422978, 4794109630, 5752791276, 6357719435, 5943304071, 4859419918] 
Capacity: 7444668151 
Capacity ratio [capacity/sum(weights)]: 0.07 
Maximum value for profits & weights: 10000000000.0 
------------------------------------------------------------
Number of qubits: 53 
Profits: [3841526353, 4319394920, 8024367727, 5839320666, 923176187, 4683097557, 8471267776, 161281709, 3075443537, 8377124105, 1011517748, 5001193494, 1164586699, 9917815860, 5437490713, 308605905, 2290492614, 1078037621, 5447444872, 8230945444] 
Weights: [5898989376, 6852974910, 7455071596, 6900435819, 6150050638, 6760018559, 7008862681, 6290897583, 5164123717, 6378027051, 7384250055, 2870964303, 2855238296, 3349943429, 6575067632, 6182923715, 5467111243, 5976562323, 1876744074, 4793110568] 
Capacity: 7524832399 
Capacity ratio [capacity/sum(weights)]: 0.07 
Maximum value for profits & weights: 10000000000.0 
------------------------------------------------------------
Number of qubits: 53 
Profits: [5211188778, 6034087876, 901993465, 7988660682, 1017400733, 4502285852, 5857198621, 2260938954, 5369828376, 2451072718, 2296990329, 5149784368, 5615308061, 7753552039, 9623614754, 4286129574, 407899057, 7332541257, 8065197633, 1989793075] 
Weights: [4907067406, 4158434220, 6767208529, 5049622148, 3852339641, 3342679572, 6268984120, 3397562411, 6932227986, 6554019019, 3669989693, 7226139435, 5531967283, 6952994334, 5512890410, 5771541250, 5214926748, 7224026857, 7038135476, 4363421994] 
Capacity: 7379330325 
Capacity ratio [capacity/sum(weights)]: 0.07 
Maximum value for profits & weights: 10000000000.0 
------------------------------------------------------------
Number of qubits: 53 
Profits: [9895370206, 5185867569, 6833732490, 6691385, 2034099812, 1898788862, 3360415017, 9304948557, 3358713033, 1912725754, 7479077747, 7171353101, 294727742, 3795505693, 5467709392, 625374216, 8104950242, 2370818429, 7938472391, 8986222116] 
Weights: [6020394730, 7217338450, 6660181652, 5053654573, 5894718549, 6579025807, 2457600070, 4681612499, 666945920, 5405378726, 4408857629, 6936838557, 7172417950, 6552807284, 6159372528, 7140017759, 6741104785, 5270817737, 5728605797, 4638593234] 
Capacity: 7473637505 
Capacity ratio [capacity/sum(weights)]: 0.07 
Maximum value for profits & weights: 10000000000.0 
--------------------------------------------------------------------------------
--------------------------------------------------------------------------------
Number of qubits: 80 
Profits: [777883833772592665, 593964132645615663, 5732661785180074, 498648884996221087, 191162489002939618, 117172204924978165, 808815715477999977, 315619150888035871, 760664666992032747, 445957397705525487, 293614626458972038, 273715749075331721, 821178380456561023, 691772719126015827, 90408895704001210, 136523840070395821, 25628880933538091, 247805079385427192, 26614823868730817, 544734473933699328] 
Weights: [778694014958722457, 787073794584991011, 371491722466818746, 754865238446869871, 564832153714351983, 681209231884233359, 532648351602339146, 736652509609688836, 639804116384980978, 659051756452043535, 706328308791245522, 627276917083977934, 751704729207754015, 608378889677120592, 286580286328240262, 677475118300910295, 143619478756159034, 732745004098706270, 417505512398006500, 546161624190080513] 
Capacity: 802141742609476608 
Capacity ratio [capacity/sum(weights)]: 0.07 
Maximum value for profits & weights: 1e+18 
------------------------------------------------------------
Number of qubits: 80 
Profits: [817667376378503714, 488551956194658732, 415921490888445295, 617036097972867793, 26275014534666168, 407472959090512214, 32463376320817846, 994510261249817031, 853455299739415013, 864706995652861727, 186987632954564751, 77508444246802979, 687932983673098984, 68757677307116744, 90095366985505344, 847990335903802800, 538585481010522580, 849359104456332796, 236888613443424094, 662727615312567] 
Weights: [524453600048401883, 759578969138352392, 691581254982526723, 519986935933227449, 758929474901496983, 554373479197872374, 620794004024357918, 287145369024389842, 682842001105110394, 587451802259452211, 478358819042137574, 545225379584070886, 455735729163446340, 595853416591399693, 456329414924916530, 773397116078682579, 471054976619300496, 516674121512455193, 684013327070665312, 604234155353692432] 
Capacity: 773781163917675264 
Capacity ratio [capacity/sum(weights)]: 0.07 
Maximum value for profits & weights: 1e+18 
------------------------------------------------------------
Number of qubits: 80 
Profits: [142763502089804572, 946304781428074238, 204120685916640365, 345188990077693703, 809072975092229143, 978609835806802041, 346256112642325290, 121019733360138404, 798689666748436961, 122378138907884669, 204584169319975708, 915584914129400808, 816285458426125224, 387510759254009965, 554512797526698761, 213667230894327076, 65069305726071981, 113382090605376619, 45614995907086757, 974612522807889673] 
Weights: [668673123172843586, 649072414280937253, 614707939427628781, 364779050085028981, 738383412584754011, 314789979169859465, 679213306752632174, 415847292903631107, 633381835173467469, 139329168355586381, 612198273809816750, 621839756415065639, 720617669982532574, 658802718039881068, 364235700425549463, 496283622628557756, 571419176743181315, 684987573464154726, 545205437346472925, 431706390877037442] 
Capacity: 741739827138496256 
Capacity ratio [capacity/sum(weights)]: 0.07 
Maximum value for profits & weights: 1e+18 
------------------------------------------------------------
Number of qubits: 80 
Profits: [84101611576171947, 345242204380955111, 568584168938975485, 191660194194888816, 546878548067056455, 358896125894627171, 184187835540080810, 115018200028223797, 866675574059841923, 163521957840607066, 628381372516818714, 156758185665955934, 189781329157742105, 640702300533555911, 796394574607507714, 218722332805229296, 911945527740190574, 533039269941272831, 283808454184447055, 680588741834046610] 
Weights: [618922472450555294, 384770669398298761, 361644887574831973, 664495000248672094, 669519818958015909, 671424329102308996, 585212351670735810, 663062824768499615, 666147725797903893, 538763570121977965, 446348779564643831, 302827591482997715, 290533657297913570, 525619155312617948, 144758021151725860, 330507325900288509, 661140791340568452, 646884427798174599, 512332012881351265, 633777694229471391] 
Capacity: 678238754958245504 
Capacity ratio [capacity/sum(weights)]: 0.07 
Maximum value for profits & weights: 1e+18 
------------------------------------------------------------
Number of qubits: 80 
Profits: [851433469578743903, 351057062255452605, 987591247524439173, 605079488890664573, 716283669717949879, 840820337841260288, 198762515551375969, 177548755980060656, 467769784188235758, 184903266184928383, 943486031300746709, 362732910416068239, 736763392021918791, 614644834304685160, 873599826316613272, 332024530768043053, 371643822721256790, 85724443723165257, 982218342283856696, 852826574804305227] 
Weights: [438119414728528715, 660835188691853170, 717405023547787162, 660681063484697260, 591750239167926292, 234283729718460909, 465406776799212293, 687489418020976335, 737957039335583785, 738048031539881309, 120885986790211782, 357866212463813713, 620370681922427032, 673063765128586887, 654009209285284101, 322905780467784286, 667541430187513862, 746229085357260875, 645991800113101550, 216804736829048891] 
Capacity: 752932874222060288 
Capacity ratio [capacity/sum(weights)]: 0.07 
Maximum value for profits & weights: 1e+18 
