Number of qubits: 70 
Profits: [143, 987, 821, 876, 61, 791, 968, 873, 342, 142, 278, 654, 73, 139, 495, 368, 2, 476, 715, 125, 83, 223, 547, 729, 273, 188, 311, 664, 126, 139, 877, 186, 475, 486, 265, 543, 280, 892, 739, 494, 236, 445, 298, 321, 889, 775, 200, 969, 111, 537, 558, 392, 925, 385, 828, 98, 653, 968, 230, 644] 
Weights: [585, 459, 469, 372, 459, 488, 647, 520, 433, 559, 653, 583, 272, 379, 167, 367, 535, 641, 433, 525, 633, 690, 626, 437, 406, 398, 376, 514, 581, 159, 629, 276, 285, 303, 616, 577, 268, 463, 272, 522, 440, 160, 286, 675, 430, 335, 675, 430, 206, 355, 610, 394, 444, 421, 426, 495, 610, 416, 313, 364] 
Capacity: 693 
Capacity ratio [capacity/sum(weights)]: 0.026 
Maximum value for profits & weights: 1000.0 
--------------------------------------------------------------------------------------------------------------------------------------------
Number of qubits: 70 
Profits: [927, 280, 222, 721, 699, 829, 368, 613, 95, 993, 580, 613, 572, 865, 867, 783, 703, 679, 108, 586, 113, 795, 422, 443, 532, 606, 421, 605, 455, 903, 968, 820, 299, 956, 144, 101, 120, 181, 389, 811, 436, 793, 723, 378, 105, 568, 450, 955, 794, 307, 739, 713, 638, 218, 687, 246, 967, 819, 453, 745] 
Weights: [293, 506, 379, 437, 237, 293, 470, 657, 676, 559, 444, 622, 436, 516, 623, 651, 484, 330, 660, 591, 381, 516, 462, 514, 425, 486, 654, 296, 505, 236, 352, 535, 619, 417, 381, 288, 665, 267, 435, 450, 433, 229, 274, 367, 525, 510, 483, 410, 395, 599, 431, 412, 625, 256, 382, 371, 348, 503, 439, 421] 
Capacity: 694 
Capacity ratio [capacity/sum(weights)]: 0.026 
Maximum value for profits & weights: 1000.0 
--------------------------------------------------------------------------------------------------------------------------------------------
Number of qubits: 70 
Profits: [926, 594, 4, 797, 266, 124, 495, 580, 940, 149, 34, 951, 474, 178, 547, 154, 3, 618, 509, 309, 786, 560, 508, 454, 292, 343, 422, 77, 453, 133, 788, 94, 658, 600, 446, 380, 785, 544, 539, 59, 134, 160, 934, 984, 644, 642, 719, 515, 890, 439, 899, 523, 528, 466, 127, 553, 568, 612, 612, 259] 
Weights: [587, 435, 588, 250, 296, 331, 383, 562, 614, 733, 378, 135, 408, 745, 511, 506, 450, 415, 720, 365, 659, 692, 599, 401, 371, 283, 712, 692, 585, 729, 730, 309, 359, 708, 300, 379, 595, 527, 249, 583, 403, 532, 437, 577, 761, 276, 639, 578, 394, 266, 670, 291, 746, 672, 278, 495, 477, 416, 623, 710] 
Capacity: 764 
Capacity ratio [capacity/sum(weights)]: 0.026 
Maximum value for profits & weights: 1000.0 
--------------------------------------------------------------------------------------------------------------------------------------------
Number of qubits: 70 
Profits: [894, 452, 641, 250, 752, 599, 904, 76, 203, 797, 411, 550, 889, 744, 990, 362, 884, 226, 789, 633, 725, 491, 773, 546, 353, 430, 148, 801, 416, 832, 343, 810, 937, 977, 352, 797, 880, 67, 154, 49, 632, 120, 300, 14, 726, 35, 878, 742, 487, 510, 747, 66, 341, 657, 473, 585, 134, 303, 764, 604] 
Weights: [624, 511, 638, 366, 537, 145, 671, 565, 342, 553, 470, 299, 408, 566, 439, 581, 184, 426, 376, 696, 501, 500, 299, 395, 184, 637, 409, 671, 433, 435, 450, 650, 560, 495, 517, 458, 554, 553, 452, 290, 590, 423, 502, 694, 426, 509, 46, 497, 399, 689, 516, 373, 500, 591, 527, 296, 352, 650, 414, 541] 
Capacity: 723 
Capacity ratio [capacity/sum(weights)]: 0.026 
Maximum value for profits & weights: 1000.0 
--------------------------------------------------------------------------------------------------------------------------------------------
Number of qubits: 70 
Profits: [856, 974, 157, 260, 738, 967, 943, 214, 825, 278, 410, 692, 50, 105, 508, 37, 652, 816, 192, 126, 790, 73, 655, 568, 721, 478, 769, 609, 836, 72, 841, 837, 936, 78, 253, 137, 842, 546, 13, 867, 153, 977, 60, 746, 115, 887, 127, 365, 784, 37, 930, 306, 627, 640, 693, 843, 579, 179, 359, 717] 
Weights: [148, 719, 347, 683, 498, 589, 731, 499, 327, 689, 787, 321, 562, 688, 750, 712, 307, 720, 326, 639, 782, 785, 347, 510, 423, 752, 462, 484, 623, 213, 482, 565, 397, 476, 275, 680, 730, 183, 482, 333, 716, 786, 644, 241, 251, 406, 337, 670, 708, 261, 374, 172, 773, 206, 708, 724, 458, 358, 711, 702] 
Capacity: 793 
Capacity ratio [capacity/sum(weights)]: 0.026 
Maximum value for profits & weights: 1000.0 
----------------------------------------------------------------------------------------------------------------------------------------------------------------
----------------------------------------------------------------------------------------------------------------------------------------------------------------
Number of qubits: 73 
Profits: [6521, 832, 7326, 3969, 4429, 7572, 413, 1749, 1881, 6509, 2745, 8265, 2271, 3522, 2756, 4067, 8706, 3953, 7212, 5277, 2648, 2819, 2031, 8516, 3235, 7423, 4688, 3597, 150, 3711, 4935, 4580, 9894, 6631, 446, 4090, 3284, 2663, 6678, 3902, 6988, 1173, 3416, 4635, 3438, 2798, 6053, 7674, 670, 3561, 3093, 1987, 4617, 7544, 209, 2294, 4362, 750, 683, 1289] 
Weights: [3274, 1142, 3586, 1093, 6540, 5322, 6419, 3871, 5727, 5424, 5860, 6004, 1201, 3801, 6588, 6087, 5183, 2216, 6541, 4075, 1925, 3421, 2014, 6541, 4617, 7034, 4985, 3338, 5346, 4249, 4618, 4860, 1903, 7189, 1579, 3120, 5689, 7104, 6916, 6250, 3526, 4192, 1658, 5751, 3749, 6042, 6248, 5815, 3965, 5324, 6279, 6764, 6330, 6121, 6762, 3806, 5911, 6055, 2072, 4901] 
Capacity: 7259 
Capacity ratio [capacity/sum(weights)]: 0.026 
Maximum value for profits & weights: 10000.0 
--------------------------------------------------------------------------------------------------------------------------------------------
Number of qubits: 73 
Profits: [1471, 1002, 7028, 702, 2203, 8541, 7739, 3391, 6961, 8614, 7984, 3352, 1449, 2432, 4902, 7015, 2315, 324, 2204, 3307, 4835, 2515, 1548, 7705, 3052, 3374, 6872, 2062, 8956, 6334, 2623, 2288, 1598, 2773, 376, 5068, 3715, 7082, 9485, 7326, 7219, 6663, 7520, 5330, 2244, 6318, 2024, 3025, 1949, 4343, 2447, 4038, 7192, 4005, 7152, 6555, 7088, 8207, 5629, 6713] 
Weights: [3575, 6799, 4863, 6418, 5051, 4668, 3086, 5190, 4943, 6506, 7544, 2644, 4851, 2306, 6260, 7107, 6790, 2816, 7660, 1917, 5944, 6505, 7724, 5757, 6898, 5531, 5485, 5688, 3059, 5320, 5296, 5308, 6338, 3283, 4679, 4675, 7432, 5481, 2797, 4240, 3271, 4177, 3584, 5511, 7551, 5959, 3374, 7190, 3899, 4521, 5854, 3993, 3797, 6531, 5285, 3730, 1003, 5691, 5608, 5592] 
Capacity: 7779 
Capacity ratio [capacity/sum(weights)]: 0.026 
Maximum value for profits & weights: 10000.0 
--------------------------------------------------------------------------------------------------------------------------------------------
Number of qubits: 73 
Profits: [4732, 7171, 1251, 12, 3410, 7188, 3175, 782, 8307, 1119, 4707, 943, 587, 7249, 506, 59, 3800, 4057, 702, 7944, 1587, 6296, 5532, 4306, 6514, 5850, 7914, 1262, 4073, 7821, 836, 2270, 6160, 1598, 6231, 7035, 7083, 8065, 7810, 8073, 2411, 221, 3683, 1138, 7789, 2306, 550, 2575, 4918, 9488, 6001, 9279, 1677, 5547, 1242, 9188, 7949, 8692, 7583, 3940] 
Weights: [3918, 4722, 6747, 4869, 4631, 4540, 7447, 4712, 6503, 5115, 5579, 7200, 7325, 5332, 3532, 3042, 6289, 5406, 1763, 3909, 2049, 5169, 3538, 4744, 1824, 5107, 4381, 2457, 3973, 5745, 6428, 6265, 3772, 6511, 4180, 2683, 4694, 7550, 5461, 6712, 2520, 6550, 7508, 6850, 6730, 5263, 5559, 4245, 4257, 5365, 3496, 2102, 7096, 7559, 5375, 5542, 7458, 5873, 3225, 6086] 
Capacity: 7761 
Capacity ratio [capacity/sum(weights)]: 0.026 
Maximum value for profits & weights: 10000.0 
--------------------------------------------------------------------------------------------------------------------------------------------
Number of qubits: 73 
Profits: [3767, 7280, 2118, 2295, 7742, 93, 834, 1402, 5236, 73, 3054, 6179, 466, 2875, 7538, 7742, 5782, 273, 2092, 6244, 5116, 3768, 2709, 1571, 9185, 4869, 4001, 3577, 8691, 5348, 4110, 8509, 7468, 7112, 4972, 607, 4927, 3910, 4597, 8040, 8306, 3076, 8790, 2901, 7945, 9455, 2630, 4303, 9295, 9858, 4434, 9617, 2129, 585, 9267, 2350, 4170, 1197, 9921, 2694] 
Weights: [2655, 3880, 2909, 6545, 3847, 6677, 6903, 6689, 7894, 4129, 5886, 4072, 4377, 5238, 5255, 3833, 5125, 6029, 5767, 3471, 6820, 6238, 2225, 4912, 7639, 7826, 5018, 7296, 3798, 6700, 5374, 5290, 6480, 4072, 5652, 4962, 5653, 5541, 3547, 4010, 7296, 6551, 7111, 1423, 7764, 561, 4850, 1542, 2685, 6317, 7617, 4826, 5608, 3869, 4742, 6102, 6444, 7717, 4980, 917] 
Capacity: 8017 
Capacity ratio [capacity/sum(weights)]: 0.026 
Maximum value for profits & weights: 10000.0 
--------------------------------------------------------------------------------------------------------------------------------------------
Number of qubits: 73 
Profits: [4366, 5921, 6562, 117, 5971, 1770, 5361, 2367, 4440, 4043, 420, 7455, 1406, 469, 4520, 9548, 678, 6918, 9642, 4329, 5410, 8760, 6440, 7306, 682, 3499, 7050, 341, 9956, 1731, 2403, 1108, 9663, 9114, 4030, 23, 2523, 7684, 3390, 7922, 6177, 4329, 1634, 2767, 1273, 5157, 1322, 8736, 8870, 4480, 6404, 3470, 6360, 1406, 9001, 4607, 9353, 9612, 7646, 5322] 
Weights: [6082, 6306, 6385, 7512, 4400, 4016, 3295, 4939, 859, 6443, 6831, 5201, 4031, 5759, 7654, 5380, 7222, 4568, 6485, 3991, 4719, 4664, 5200, 2383, 3781, 2837, 4410, 2976, 4971, 6908, 7734, 2921, 3424, 3602, 3914, 7520, 6765, 959, 7416, 3565, 6660, 5970, 6990, 3717, 6401, 4043, 5266, 3600, 5616, 4121, 5062, 5627, 6801, 6649, 4727, 6275, 6735, 4543, 4593, 6440] 
Capacity: 7837 
Capacity ratio [capacity/sum(weights)]: 0.026 
Maximum value for profits & weights: 10000.0 
----------------------------------------------------------------------------------------------------------------------------------------------------------------
----------------------------------------------------------------------------------------------------------------------------------------------------------------
Number of qubits: 80 
Profits: [875231, 862299, 99909, 759844, 206329, 188985, 882439, 590579, 401315, 897546, 751548, 767297, 187272, 828622, 418624, 766071, 701311, 407869, 461547, 63061, 838483, 100219, 473713, 733227, 684538, 290567, 642257, 782406, 379560, 332628, 649913, 295622, 43610, 898829, 918495, 154510, 198977, 958083, 605161, 735361, 310203, 537935, 616723, 332302, 736416, 960394, 323476, 364513, 175845, 433978, 761318, 991915, 131799, 611464, 359687, 274615, 165841, 414337, 788583, 310794] 
Weights: [185052, 361495, 425339, 328120, 406057, 304434, 662788, 696546, 331511, 785935, 805154, 614727, 577034, 589222, 217797, 371258, 781706, 776792, 213990, 180186, 176995, 753264, 290525, 527657, 702623, 678116, 673311, 471998, 764618, 311341, 759490, 399770, 281446, 810230, 430226, 531930, 186216, 625968, 477172, 727898, 746148, 562875, 549585, 435850, 488093, 664979, 611161, 718939, 488580, 522305, 730604, 776316, 621335, 689097, 594053, 383993, 416670, 605907, 365084, 355552] 
Capacity: 810630 
Capacity ratio [capacity/sum(weights)]: 0.026 
Maximum value for profits & weights: 1000000.0 
--------------------------------------------------------------------------------------------------------------------------------------------
Number of qubits: 80 
Profits: [350380, 522188, 300643, 663722, 730759, 955308, 468955, 365383, 838860, 999243, 969641, 935467, 217236, 354033, 110231, 334318, 496523, 310433, 756903, 97319, 461604, 784736, 976974, 593674, 9807, 476202, 81351, 203162, 880198, 764162, 227591, 971492, 432125, 853140, 401715, 456368, 912860, 439100, 907141, 865002, 357086, 386434, 56577, 878945, 932695, 334636, 465109, 550000, 200995, 98596, 632277, 738641, 900032, 662743, 643329, 252663, 414073, 545014, 720354, 677521] 
Weights: [822348, 229329, 800167, 634127, 771037, 705783, 780565, 722723, 276454, 442474, 646582, 370025, 782000, 618119, 763816, 416193, 623903, 234906, 268486, 790433, 593995, 501404, 526126, 743181, 397011, 795593, 431849, 207737, 294992, 391492, 465989, 195789, 494663, 556168, 616880, 55175, 627736, 667537, 488388, 741921, 472880, 682701, 458133, 579350, 487717, 695860, 776014, 486990, 531131, 556802, 397581, 775117, 809755, 491533, 512525, 758377, 399318, 565080, 705517, 564285] 
Capacity: 848683 
Capacity ratio [capacity/sum(weights)]: 0.026 
Maximum value for profits & weights: 1000000.0 
--------------------------------------------------------------------------------------------------------------------------------------------
Number of qubits: 80 
Profits: [468163, 58798, 236272, 485605, 55219, 19204, 738823, 118814, 231545, 252687, 506418, 407554, 625319, 900994, 25454, 708262, 446373, 377187, 614431, 151832, 610270, 497435, 539896, 781905, 665913, 682540, 258528, 44522, 828602, 973017, 585864, 268275, 109948, 5604, 366265, 924255, 75166, 795409, 659890, 712948, 16587, 925883, 72488, 624024, 425191, 122993, 609268, 808317, 71901, 18165, 685019, 498300, 316371, 374935, 213477, 817068, 365754, 394134, 379122, 166346] 
Weights: [358683, 450630, 544181, 445170, 689993, 261412, 580828, 207623, 271262, 298932, 501341, 732356, 631174, 651696, 607962, 330191, 254792, 564554, 623269, 281984, 681425, 618513, 495369, 375912, 317632, 551306, 377558, 581097, 644629, 394985, 528734, 369564, 477947, 701852, 369857, 526757, 614680, 548821, 415033, 502616, 652861, 652868, 685646, 396303, 347971, 487739, 646366, 661358, 476548, 682309, 610244, 258481, 567753, 347377, 177278, 385855, 514622, 147466, 237246, 611564] 
Capacity: 736320 
Capacity ratio [capacity/sum(weights)]: 0.026 
Maximum value for profits & weights: 1000000.0 
--------------------------------------------------------------------------------------------------------------------------------------------
Number of qubits: 80 
Profits: [454792, 910924, 797734, 983762, 434099, 587075, 871365, 76208, 523985, 281609, 835659, 176883, 566929, 276345, 637551, 591810, 987689, 557741, 812906, 192957, 512597, 464228, 416916, 635921, 451698, 431619, 724898, 435571, 775353, 613732, 993566, 674849, 851901, 562892, 884899, 464563, 88844, 840199, 639963, 82658, 347820, 761469, 804691, 370516, 904359, 958779, 875180, 302498, 371264, 704043, 414456, 952731, 509324, 615964, 40643, 682160, 100169, 685412, 22057, 378765] 
Weights: [562858, 392065, 319507, 750935, 372208, 365955, 505631, 793135, 570340, 626792, 726406, 474825, 793834, 469789, 473311, 491651, 660827, 450030, 620400, 719332, 84407, 424101, 311992, 582145, 656642, 746942, 547061, 367302, 791248, 814269, 434226, 274998, 644115, 429951, 733394, 566172, 632983, 496299, 777897, 481564, 213685, 465169, 662871, 671539, 700975, 816815, 672272, 561132, 535210, 452586, 576270, 691940, 272749, 523435, 618558, 536610, 414443, 741656, 297831, 609804] 
Capacity: 841588 
Capacity ratio [capacity/sum(weights)]: 0.026 
Maximum value for profits & weights: 1000000.0 
--------------------------------------------------------------------------------------------------------------------------------------------
Number of qubits: 80 
Profits: [81776, 22831, 290979, 126456, 181844, 696145, 725730, 177692, 936507, 787904, 252291, 863754, 513373, 290752, 425353, 717153, 7309, 327857, 366468, 900324, 714619, 134989, 200555, 304347, 656490, 299242, 70772, 12789, 459499, 880767, 613372, 421795, 929948, 583793, 668265, 885616, 542718, 419764, 958423, 492214, 649940, 573468, 166801, 393201, 422342, 672758, 767800, 830704, 680200, 888265, 657706, 599649, 880182, 572114, 117093, 396171, 541679, 636826, 313500, 467754] 
Weights: [123346, 728738, 533518, 767733, 591139, 738345, 657761, 341197, 631659, 428997, 812910, 177581, 793262, 797281, 587708, 863307, 391466, 381056, 758196, 377756, 860156, 52161, 713636, 443713, 652587, 558700, 530855, 401416, 424837, 320854, 426215, 851277, 543397, 476000, 701946, 445988, 132969, 791568, 605865, 759477, 150544, 765809, 233275, 597190, 739941, 786979, 697287, 707076, 226230, 427388, 421045, 846859, 379874, 707512, 783668, 839515, 777019, 628934, 724320, 592330] 
Capacity: 874590 
Capacity ratio [capacity/sum(weights)]: 0.026 
Maximum value for profits & weights: 1000000.0 
----------------------------------------------------------------------------------------------------------------------------------------------------------------
----------------------------------------------------------------------------------------------------------------------------------------------------------------
Number of qubits: 93 
Profits: [4442453336, 4056146339, 1223242921, 2524086196, 7429503146, 5729914696, 4307501914, 9455251226, 9119917660, 6415420833, 2502928207, 5297101727, 3457319300, 9951090865, 9478908579, 1233216454, 1702421901, 8068391360, 6839428274, 4008823823, 7036828931, 8255600375, 5259499880, 2878308682, 4221486292, 2592200971, 1281785831, 5252601947, 1435174290, 1612200694, 3057278738, 6375750574, 1781426891, 1888409091, 9969356006, 3423352009, 1957981461, 7414910713, 1364449140, 8904506377, 3007103545, 7188263482, 2400264450, 5689427612, 1295958887, 6717774269, 1943745157, 8957559123, 3127869062, 3887387065, 5889875493, 4915618805, 7419854172, 2399918976, 3640462947, 4217856940, 6902483809, 4627135965, 6713312714, 5528452799] 
Weights: [7460333664, 4400747890, 4824981994, 7209285307, 4234607372, 5495369819, 3433768968, 2147991521, 3785999839, 6104636055, 4613138474, 6503757562, 4403749338, 2839190525, 3318732646, 4592699479, 5783193654, 3337525250, 6458709163, 1956573321, 5542806085, 3090514367, 4669196010, 2448802969, 6988461260, 3392115327, 4052545878, 3959137943, 5314435776, 3187040823, 7261534654, 6245905848, 5250498390, 7014205059, 4069900677, 6264959189, 4109127331, 1785971605, 4633632022, 4554876264, 6504721612, 6767098757, 6166162493, 1972826464, 5144359166, 4830884231, 7448476750, 2056726533, 3148068402, 6570567494, 6758917217, 4274306768, 3111939766, 6591096668, 7245625292, 7300605060, 3696935074, 4839977797, 5932357604, 2843776323] 
Capacity: 7467031121 
Capacity ratio [capacity/sum(weights)]: 0.026 
Maximum value for profits & weights: 10000000000.0 
--------------------------------------------------------------------------------------------------------------------------------------------
Number of qubits: 93 
Profits: [8734496303, 4368991962, 9421009928, 1685441815, 8175392653, 6699172182, 4383447313, 7553123905, 6844341721, 2047504290, 1295030782, 1524660392, 7613733462, 1732478837, 6867906792, 9731859071, 89411213, 7435448991, 6962256529, 8842815058, 9179988217, 4798690125, 5641327818, 5925019854, 1048465006, 945444389, 4776576501, 1447478728, 8818423098, 1703095225, 7167210534, 6188767181, 9189908445, 2609185707, 2364641976, 6826336671, 4882401661, 2338746980, 9073471545, 375134041, 2418375259, 5827235868, 1049737464, 2202394971, 8873487625, 9352380342, 353770530, 9938806470, 2550456051, 1103909892, 6782994553, 3747471322, 3248570792, 8137791182, 1459611516, 5837992266, 7249873341, 7644948103, 9981120603, 8298358657] 
Weights: [7409801217, 2781113300, 6159398950, 5661268932, 3120512053, 3145605940, 2649535396, 4781712202, 2876403705, 3670662358, 7191452938, 7558505261, 4749826694, 6494508633, 3246857140, 7658999433, 4187524171, 7379790122, 3842861741, 4096202150, 3883539822, 5979713413, 6164195675, 6040183271, 1900977637, 5789640286, 7278515265, 6429390400, 6869804776, 4366058036, 7116885169, 3371614641, 5400212170, 5308317383, 3217560402, 4107941449, 3822776784, 2532751008, 5500383725, 5709988363, 4371469818, 5547284657, 5797456201, 7124287256, 3459607181, 4875303154, 3436533250, 5470633193, 6759803468, 6088422824, 6198002532, 5011016376, 3150955287, 4349060139, 6841979427, 7768643994, 5050761834, 5396152687, 3426130484, 3086506557] 
Capacity: 7789568564 
Capacity ratio [capacity/sum(weights)]: 0.026 
Maximum value for profits & weights: 10000000000.0 
--------------------------------------------------------------------------------------------------------------------------------------------
Number of qubits: 93 
Profits: [9893644106, 3036058336, 8636010864, 2411197141, 8835864044, 1564290697, 3911126621, 1136468858, 6413683152, 5181982203, 4034839249, 7800676496, 5935190831, 1668245560, 1755038335, 8341950683, 2087107633, 9102476984, 921446313, 9024412067, 6781798272, 1988471178, 1425732344, 8566613811, 9725000071, 9156415505, 4486901665, 4991347733, 8638934560, 2803997922, 3218458235, 9908101112, 3151664927, 5726342312, 7756348876, 8894793343, 7961187613, 2749600221, 2097630706, 8517163540, 9944932375, 7038838012, 5488176961, 1702943316, 4033090474, 7387303831, 195547930, 4878637787, 9035795529, 3678285598, 2080792330, 1757298392, 8290104939, 3423693368, 2887775972, 4541136313, 9530535112, 7849461292, 6500660201, 6144012342] 
Weights: [7804196938, 7616376526, 6505669000, 3562543355, 6067034611, 7735531840, 5453771793, 6873979899, 3324858887, 6366009267, 2145269571, 5065324790, 6076892424, 3510005996, 6784566037, 4865809584, 3034105114, 4584144237, 6951465182, 6005453927, 7016285846, 3445680579, 1476241291, 5175221670, 2685566507, 7155896704, 1630516185, 2356115275, 5282805173, 5999370803, 3431050599, 7128086782, 4892568670, 6033654866, 3533995009, 2753161894, 6356279546, 4104709693, 7485842808, 3236084603, 5391532500, 3080257910, 7477555539, 7772010777, 4951216443, 5748863030, 2491316536, 7629633746, 2845503170, 5128570474, 1266048666, 3597183188, 4764945479, 6627249929, 7670887544, 7885383991, 4946262251, 5732842426, 7775261940, 3011371174] 
Capacity: 7912067136 
Capacity ratio [capacity/sum(weights)]: 0.026 
Maximum value for profits & weights: 10000000000.0 
--------------------------------------------------------------------------------------------------------------------------------------------
Number of qubits: 93 
Profits: [83571250, 1475496537, 6899755054, 9880910867, 7707213090, 7840236926, 5062009040, 2923109761, 6947267619, 4961272415, 5472101356, 2467631323, 6877239185, 6275841743, 6916858639, 3766341753, 5671574791, 485177171, 3964456950, 2302419006, 2314269465, 66856991, 6877787266, 7270235332, 9342730223, 7857012039, 3955803114, 6070486480, 6310413092, 5223920959, 88975267, 7346354368, 5596877647, 2502283547, 2134221067, 2095682330, 3051243747, 3319884405, 2384574364, 8325433342, 2960677508, 7415539072, 2048379560, 8612922265, 7628899171, 8113879890, 7995854613, 8025203248, 4015563473, 1112542189, 8233837818, 1368913986, 4783941184, 9310099561, 9975930636, 1839904465, 3342654110, 7402656797, 1660775557, 4489738056] 
Weights: [3854985581, 6437160882, 5188499273, 1508747279, 6298101737, 3820940260, 2135898240, 5155296651, 2781194657, 3957351621, 3621583192, 5190833601, 3538054114, 4919452577, 5094727831, 3766726966, 3421258262, 7008934829, 1529973756, 6615108955, 4715832367, 3661171844, 4133822693, 3506167650, 6050065548, 7113037776, 1945332421, 3804467563, 3505987087, 5465948706, 6060546786, 5765170796, 6698787237, 1770140322, 2400846561, 5261418594, 3648404680, 6594946860, 7353226765, 6954011231, 4675725416, 5129102312, 4111999418, 6354571549, 3244361863, 5777370142, 5906750658, 7225594836, 4016280212, 7291877844, 7098984740, 7023092192, 3040709961, 7201035719, 3482062586, 6574660161, 4689878269, 5647189619, 5760979005, 3924866588] 
Capacity: 7451717595 
Capacity ratio [capacity/sum(weights)]: 0.026 
Maximum value for profits & weights: 10000000000.0 
--------------------------------------------------------------------------------------------------------------------------------------------
Number of qubits: 93 
Profits: [549814357, 9173869375, 664740165, 8098794891, 9630804427, 7119489041, 7475554778, 7717902175, 6377118723, 2414842898, 4086749218, 7081934587, 422996904, 789154106, 5112211915, 8917343064, 1586903262, 4267607312, 8945723216, 7604244579, 7410182378, 592795357, 1159729566, 2476692292, 8719600600, 4498373047, 9490190035, 5889772055, 1031946091, 3758395569, 9094359382, 5154706245, 2786059036, 3211389371, 1418302910, 8519732367, 8040284072, 3102545240, 13499686, 7338792716, 1312284492, 8865205690, 5657938712, 2218767301, 5641789640, 4762349898, 9746681924, 1228002725, 3026684226, 961258071, 7935729969, 3291170694, 6279029648, 5975560242, 3185148625, 3918447407, 4123030523, 8913345174, 2857090640, 5662548304] 
Weights: [4018463525, 5346661985, 5325120882, 3915356080, 6087255508, 4851030997, 2997175260, 3693996538, 3088210824, 6131311637, 6807403288, 5933426942, 3386547266, 2869885086, 3901847806, 3364123540, 5549232378, 2569258827, 6108043926, 6536826079, 617385521, 5109975057, 3152109354, 5962274915, 7027953151, 4817922841, 4209541505, 4755240050, 3090882257, 6299624554, 5901430139, 4594451081, 6416331427, 6081355841, 2026008208, 6686907513, 4180206181, 6142674302, 4463017458, 6134442347, 7098145783, 2284833462, 4447605112, 3617282945, 6242667752, 6482200166, 6173647787, 5083723660, 2943261090, 1267115830, 5117544560, 5552950694, 6920645714, 2910631335, 4061286081, 6081184168, 3186028202, 3907490957, 2041483374, 3890371670] 
Capacity: 7167865329 
Capacity ratio [capacity/sum(weights)]: 0.026 
Maximum value for profits & weights: 10000000000.0 
----------------------------------------------------------------------------------------------------------------------------------------------------------------
----------------------------------------------------------------------------------------------------------------------------------------------------------------
Number of qubits: 120 
Profits: [364560642993476198, 702833176023776267, 613952563147855164, 100572154497724079, 91661734578655764, 937761411837020835, 119312194174053889, 501401111265493246, 344122138911419443, 328689376432272582, 971182494953665858, 393781153968395621, 459659189467006597, 449923627784239075, 237232074670253668, 338597841352213886, 117419286614054961, 958909327430954396, 455763885163643493, 614855822181053260, 282378025413362670, 486954595274764580, 686099996934994738, 88781684757946746, 854919275261994395, 416445832800532869, 996752603584423520, 861171183503701982, 852162556530628028, 159646486487612312, 908692156923368917, 449060515085599618, 984668407671861505, 437981721257444517, 140083745384626529, 882280280336307079, 641241099955051281, 163127602653117639, 34937879355616200, 588643367384136027, 166711697014651979, 165061690157635711, 482256221900114106, 346673043046179194, 10736518845437671, 303727595218664161, 72385995901760310, 230575006805639126, 879297766531299453, 73052190499757673, 607402452057077104, 558283735305770312, 858618187581331236, 959799612054493433, 1653064157849827, 984821281559310183, 9897396147908122, 993849459629302501, 643812517305147632, 992670527964338389] 
Weights: [431235471346527520, 442233945294228704, 543617957370695876, 338317626693474640, 457051748273533536, 335519867404759856, 591535541204253949, 415826801215017296, 695375569139317535, 381812618898451929, 396664483393740718, 694186147795539971, 202533057085025626, 448654570921794482, 661544409557391521, 268790739138260918, 326883655379976074, 554774156876621246, 596166155610604409, 442827805200054999, 538357331381097715, 557884868067436326, 333777262141140898, 362904321792900759, 536516555790497242, 462478424377222886, 677327643370266215, 423448737804712459, 705953044907721467, 680388376500565475, 690929291624366551, 155502780474926970, 472066966491403514, 106320553839031385, 712173965144873699, 515997942314430122, 182002055159860280, 575161706992955986, 462187877977950501, 633851979245335099, 287525336438912126, 490028665777242717, 595870824119435199, 612193717468137334, 330101073267391770, 594242485177041893, 470412295332281746, 654243546351468337, 527919571783861755, 565967917820643245, 534272498102302523, 562183382343801485, 178485346587650949, 722870375384706900, 605991490562415453, 464677181853081498, 145410429849757373, 493445417893923388, 485292020147900295, 695281000905465983] 
Capacity: 736709072861278080 
Capacity ratio [capacity/sum(weights)]: 0.026 
Maximum value for profits & weights: 1e+18 
--------------------------------------------------------------------------------------------------------------------------------------------
Number of qubits: 120 
Profits: [715477498366259263, 916120179402124827, 384568037556822031, 830976636735841312, 523492767918687938, 129474641816250154, 334549114726283585, 625948633587964728, 534220111955263790, 327076189614639933, 439368221133884977, 322986715353719325, 330793068674395489, 405130511892808054, 318077102277265851, 384242104796079820, 866275396175016413, 710264216223994337, 4546558394121732, 232938339300478629, 228314677948367565, 490338902486559608, 226401567194851280, 940056335251422306, 232040341297128359, 735542524569171093, 282181502903315307, 601284954030680055, 654046861703784894, 939090604268704260, 136316358143582876, 408073197305530686, 818107959606910040, 662155389539336054, 350900536379637846, 866967928996476253, 546081107037816021, 784653019058964060, 797831894944364645, 23700321723769184, 979120757529592871, 543412382335760969, 204321372761195998, 804484319142303504, 512402243462594968, 77503506529139412, 451827262907055350, 651086104103027773, 590315826499348625, 770104048317082127, 620036316089226533, 806794958729887973, 290417852396405410, 212371419045168633, 722997939000638676, 547835989179931112, 505128890790808227, 362176012197233115, 441019581971294497, 139706581608250791] 
Weights: [609690620123823067, 538399131948328642, 545877084282668345, 128247281015036552, 323695349017646645, 476850123753576687, 672219477405544673, 480311253649178652, 661702493869587621, 264625658344881028, 580982581047837915, 329990937287592207, 394809429999593444, 595371725098173223, 148893591272200604, 343467198600261051, 408603404518505370, 588968581444299094, 268927869825579093, 403908556900627066, 213866964839444168, 267834807285230711, 503481641910915432, 355724145706912845, 446770742822227224, 367260481063967294, 133965368784083805, 614259423401075679, 502632775259865187, 467034176993640890, 411281048787820833, 346465767107647873, 499016843471861210, 607089397483569804, 666427611810251858, 518572994182914770, 281979127767538732, 281219780676148740, 330508019879029959, 634896969011815744, 574220391019879133, 392123781981051500, 336557216736020329, 410150718355037596, 215648680309941565, 381703845810534437, 460842242359310289, 516749011156549591, 674979277912915886, 502368669915074175, 531847626925095951, 543029662210084972, 268503851180511656, 346924267177059030, 651859009278599560, 633265852942521959, 315375326250689561, 593860780205759240, 589939555319321168, 497568172657546886] 
Capacity: 680076085338832000 
Capacity ratio [capacity/sum(weights)]: 0.026 
Maximum value for profits & weights: 1e+18 
--------------------------------------------------------------------------------------------------------------------------------------------
Number of qubits: 120 
Profits: [711296049030492602, 401355138512716558, 496916981825683835, 880897731370251396, 47234254407821750, 389819866381255266, 495200322177905189, 874324283810481135, 870725812212246722, 111929238250149785, 703766704262562416, 373061601238876736, 517120388457216094, 815167659896833334, 350594037947310877, 610557862852688822, 253276745165555036, 298366220335925568, 851436948510798618, 817672518790681119, 890721105050607452, 875786784124784302, 457436498928038158, 15189916139245756, 330682638220806694, 309493428392846838, 244571286308818479, 443491722827121109, 661625425639328697, 212354086562840172, 645785693642556890, 591276982373724448, 215228740865203887, 312373786811850369, 442488538390284279, 88754662177482504, 606253022541044249, 132065363603607159, 749819139364526576, 785356433586138871, 162455046540649515, 963346629801296322, 95521097908227371, 562114139805187567, 950819436091419571, 732950974492210764, 386491698477960873, 831049777893713578, 637558919034923384, 362923855462974774, 887927517695413634, 859051084011190410, 356710306065390734, 633724780252277520, 964083761935484125, 132559896994763022, 308158451282113040, 468772387106067472, 744828928260636546, 72525474829288092] 
Weights: [544385324253588715, 370107331464011346, 529137669429949257, 434452783697461911, 580372269847473430, 629922293791759261, 317248359717069634, 568480723734337173, 302601232090937147, 264488529983244538, 389136920736567215, 600283693779588933, 473656138756246118, 461893108966812842, 671116165895234538, 640359745826903922, 352101358619643859, 654121593644441258, 254086801399082083, 294733624986526720, 444814396666345426, 107994731162601487, 561403009006715299, 419367978366474007, 547222639547932617, 391794013821208984, 262665662613094929, 561405745400802143, 407375304828681857, 662702304584481966, 234356613888572886, 311867780467495867, 499858945219379800, 501551862983585242, 518443976728398803, 733167542706219011, 628707144028126946, 533864914636138198, 661655146285320006, 548114586163650309, 616503399949638130, 337329107676116930, 565070263800606430, 489910543361168866, 510348592133153900, 694667453290173602, 745672323513821113, 354449537219283641, 253674726327183679, 674274559606512820, 739687453977514642, 622842202397830456, 393117928042454324, 312829471342509243, 648556525411420104, 621388505025315314, 677506506460299072, 393645824907931941, 304350476547255974, 548328771304837701] 
Capacity: 749721731371363584 
Capacity ratio [capacity/sum(weights)]: 0.026 
Maximum value for profits & weights: 1e+18 
--------------------------------------------------------------------------------------------------------------------------------------------
Number of qubits: 120 
Profits: [568707182863143142, 640853899013248535, 21922193557566485, 237339829963278490, 155511481636989476, 19007851708046889, 116226899778034372, 279777924593686831, 665206070946649152, 445718488573867240, 165042245083389963, 786566610899535188, 367985375880671582, 470802675636937654, 755028766574200659, 265891137000929536, 829990283600031447, 874709278566452238, 741898146928550124, 967243316721526690, 913979524913692447, 505151678983381131, 19302741576659187, 865066536189471993, 92743124748161463, 442122297859713929, 458093710209021058, 869197630539791698, 931355144758625587, 39443858334832465, 16166969607853516, 636382815907946655, 980781932870842468, 807454681748784535, 231561170059381613, 331756025006976382, 944798692437232611, 502162978461492872, 138940860030329953, 934464441929515534, 438509331671134999, 296665048982879740, 858817696498841222, 103112585176184189, 386740421374486000, 371550678509020911, 460905828382006056, 695613644269199174, 34517038602842637, 430111109883887312, 65459701624016106, 257752406036696776, 426260378242760170, 435000874516241867, 339239253069365878, 864305073878569201, 8130282026961256, 168052702627435519, 301504434817149747, 966193493550772557] 
Weights: [625296011449328872, 532707475710181701, 656897868848121602, 665406829209409401, 533607731831063993, 527821751233286655, 397766163382680049, 672432915663650177, 673652084431001885, 634471155164464760, 553183893621311279, 130672600889848057, 611839513829626276, 663123721308553039, 287532155260958153, 743522366900906267, 658582541097883563, 638771802612346024, 568381311243684468, 162315159971877838, 450037388749601509, 724516545070777625, 483482190964017339, 745906215462408152, 660732930634514847, 293930990818064208, 365886071647172629, 345612949017706392, 709220373305750429, 525457648316584260, 374756870386926468, 490033230373869271, 538184722846744106, 441830509074053941, 487880265320583371, 700523913010592027, 725243622441506965, 468066527429133050, 109132363116910193, 565468741425922942, 540991628776405691, 463443437243937283, 431455278024580671, 189208629296958135, 564461965915531022, 321661976135588256, 384642877050601344, 349492998866970511, 498680540542146906, 123641842611013357, 480652143713858288, 215070801592346893, 207642056273207310, 603856710384865779, 582774148321710292, 526603123901984355, 433391187764313856, 654102248207914224, 425631230079617562, 740147727008709353] 
Capacity: 757707425503474944 
Capacity ratio [capacity/sum(weights)]: 0.026 
Maximum value for profits & weights: 1e+18 
--------------------------------------------------------------------------------------------------------------------------------------------
Number of qubits: 120 
Profits: [901269128910472158, 836262403984303352, 98794186232670950, 534453319050795742, 657868835724014762, 48589529217477821, 25443461216276842, 897615758413322708, 468646722270645052, 852455022208800892, 102104401115637680, 648706281533128739, 931521630398650790, 669384067314264498, 430850061240982356, 788452958053559971, 487550302808919516, 24356284778336573, 159393839889473535, 738667561588702578, 850536784759557342, 806000460061631162, 175103836374585479, 888318358959308268, 592718572967564032, 294424157052331859, 941179064760088397, 812096294990909392, 994883209465397353, 90226117918370932, 597162314847584720, 28872733856195735, 559779405273088880, 791043362096422883, 636894480045446256, 746858634687931572, 675025745672195434, 246018538453890275, 580630327420415301, 34338200309773995, 494545995776261213, 392401687016805, 343022924615760664, 402552292239300712, 582128867291254455, 718617667971698298, 793796795205394806, 47693860036260608, 353938596950781588, 194380347446797010, 649822799080543960, 284800579451574655, 408434762203233680, 32667061694136045, 578679995715103335, 168882506107652565, 1117924093657988, 836884648421950168, 797573213199446506, 280505562846088288] 
Weights: [513624245400349668, 809434169559977347, 898060891383768144, 397573806832316621, 242006220260864730, 867352813839795605, 645769416802553976, 585567578051204130, 270752060597397679, 529952139616847966, 278297085933687190, 842884622540319500, 813212400707819176, 873093664883973704, 128776436153365531, 553239646937998141, 800318722984476362, 499851280070741668, 509014638828409980, 481243526737391402, 820794561506885408, 810989451853559253, 853157407749932670, 855871343325071106, 372889821746497551, 615112024741313350, 636541509645302339, 622164958895331447, 830100069475283476, 674192674375733710, 697133312105539436, 877438340687890840, 447734787242970396, 675933688428571616, 711337439030493679, 421792172330440875, 851236066365487195, 312332415291601723, 541371402481116869, 306679366136631633, 598138534916012500, 678080423295022304, 385250554932413521, 520185252287494221, 409732339428961444, 490254189642411138, 798499123243386513, 452107011677988287, 650363118735423728, 782252019211264288, 428469812140970597, 629492850749757029, 416213991941450588, 567506438975038496, 284437573011113792, 215605705693117635, 443083247357774892, 690219238286009489, 623661017348923100, 577762528129489808] 
Capacity: 898168406849115136 
Capacity ratio [capacity/sum(weights)]: 0.026 
Maximum value for profits & weights: 1e+18 
