Number of qubits: 46 
Profits: [54924, 18910, 672557, 771232, 418480, 589836, 315296, 955378, 405558, 148779, 970349, 657814, 431880, 169604, 599668, 284794, 270845, 613230, 785474, 466040, 213839, 829417, 200523, 456810, 877816, 429147] 
Weights: [366855, 838045, 282272, 345112, 283749, 187315, 812550, 331348, 513120, 254654, 595490, 93736, 794321, 421856, 593987, 661901, 209005, 241099, 778758, 652451, 750111, 790963, 214014, 346151, 802371, 213550] 
Capacity: 852741 
Capacity ratio [capacity/sum(weights)]: 0.07 
Maximum value for profits & weights: 1000000.0 
------------------------------------------------------------------------
Number of qubits: 46 
Profits: [871869, 931935, 799618, 260465, 338068, 876285, 313666, 620553, 154152, 883916, 811437, 183572, 431136, 938916, 668111, 617406, 793241, 38860, 545096, 425254, 57846, 188856, 594564, 735081, 677469, 690921] 
Weights: [218383, 362049, 349750, 529588, 109190, 177862, 549985, 136548, 408369, 143679, 280873, 498406, 570527, 345666, 319591, 350711, 156418, 671591, 610980, 520602, 504604, 555566, 491721, 360642, 365086, 376996] 
Capacity: 672114 
Capacity ratio [capacity/sum(weights)]: 0.07 
Maximum value for profits & weights: 1000000.0 
------------------------------------------------------------------------
Number of qubits: 46 
Profits: [639911, 127711, 107238, 478238, 53073, 283068, 577323, 88976, 596070, 130321, 539597, 287849, 737256, 310648, 379509, 446327, 790771, 624400, 60349, 441708, 813252, 828251, 221366, 436615, 579607, 597298] 
Weights: [47828, 787298, 632723, 876541, 91640, 1033538, 808815, 664970, 136931, 916474, 773204, 460667, 723771, 368009, 1010894, 672708, 376957, 556379, 630797, 857343, 1033023, 445851, 254181, 456035, 252714, 931186] 
Capacity: 1043264 
Capacity ratio [capacity/sum(weights)]: 0.07 
Maximum value for profits & weights: 1000000.0 
------------------------------------------------------------------------
Number of qubits: 46 
Profits: [255940, 14800, 725634, 904957, 350178, 259151, 958310, 805499, 653339, 24613, 438864, 72453, 930104, 670244, 734705, 963226, 89577, 132162, 475163, 801297, 603479, 152466, 650814, 483952, 952783, 536550] 
Weights: [133256, 51997, 605487, 603756, 431878, 526265, 644588, 608898, 454104, 597657, 536176, 536096, 644096, 90765, 756275, 751935, 96293, 680750, 475102, 421730, 524047, 169200, 107463, 521965, 178699, 114101] 
Capacity: 781206 
Capacity ratio [capacity/sum(weights)]: 0.07 
Maximum value for profits & weights: 1000000.0 
------------------------------------------------------------------------
Number of qubits: 46 
Profits: [321995, 714210, 368791, 641186, 966613, 491407, 919647, 497293, 849148, 807671, 194954, 402695, 493163, 34948, 94240, 66608, 107622, 115840, 48098, 802828, 550805, 494379, 157932, 538286, 682560, 804039] 
Weights: [244990, 476870, 782110, 808410, 619058, 613828, 576844, 228242, 358623, 193054, 432789, 236401, 226210, 535387, 634563, 260220, 829352, 428141, 634678, 564365, 589475, 296422, 792021, 362721, 386157, 351156] 
Capacity: 848503 
Capacity ratio [capacity/sum(weights)]: 0.07 
Maximum value for profits & weights: 1000000.0 
