Number of qubits: 50 
Profits: [125272, 171993, 917451, 196607, 333270, 465729, 781058, 917011, 408438, 593958, 43710, 705506, 482963, 313248, 359958, 978563, 872547, 656183, 250138, 581027, 153787, 906337, 543197, 560170, 991000, 364621, 297524, 13820, 520058, 610606] 
Weights: [553015, 574591, 567415, 507026, 70720, 167870, 210499, 601510, 271654, 41341, 792412, 101942, 77931, 674255, 334240, 592456, 863633, 646453, 582782, 814353, 228769, 195500, 189741, 132658, 917649, 873358, 729758, 678971, 126526, 390878] 
Capacity: 919213 
Capacity ratio [capacity/sum(weights)]: 0.07 
Maximum value for profits & weights: 1000000.0 
--------------------------------------------------------------------------------
Number of qubits: 50 
Profits: [586996, 41471, 5840, 54792, 257293, 253491, 848988, 68584, 589788, 390830, 320201, 996569, 171279, 766251, 135173, 17202, 791110, 949488, 250931, 178227, 89102, 602853, 184769, 274613, 201376, 538019, 87809, 273118, 255304, 691463] 
Weights: [658125, 253767, 619602, 676976, 360225, 571476, 793282, 848654, 127505, 361661, 264038, 399996, 492951, 72912, 758856, 675795, 843478, 785691, 468826, 453479, 849076, 646113, 111750, 197679, 911107, 195774, 79027, 945786, 437234, 64230] 
Capacity: 1040402 
Capacity ratio [capacity/sum(weights)]: 0.07 
Maximum value for profits & weights: 1000000.0 
--------------------------------------------------------------------------------
Number of qubits: 50 
Profits: [967743, 957777, 475252, 573322, 335433, 852566, 938036, 669567, 843009, 593700, 469661, 448395, 605612, 797036, 551980, 734868, 25311, 339454, 391574, 164106, 287570, 143316, 902959, 643398, 479661, 403185, 730729, 146793, 494615, 165871] 
Weights: [572464, 542869, 804730, 143939, 46988, 987930, 286790, 946224, 283015, 469855, 760400, 709502, 532943, 789450, 441891, 924569, 69711, 554147, 77035, 440540, 318148, 545499, 810009, 559231, 1020677, 223196, 133132, 695756, 255837, 787187] 
Capacity: 1048030 
Capacity ratio [capacity/sum(weights)]: 0.07 
Maximum value for profits & weights: 1000000.0 
--------------------------------------------------------------------------------
Number of qubits: 50 
Profits: [530360, 993526, 937829, 4481, 866357, 236103, 793381, 654343, 944368, 219987, 366559, 598503, 338618, 407460, 482102, 803049, 671467, 777535, 865119, 568831, 840756, 828360, 55694, 577983, 72351, 222209, 63465, 847139, 766304, 277718] 
Weights: [630850, 272932, 472132, 778105, 877454, 834889, 707082, 608426, 831610, 343341, 359621, 544226, 250055, 64906, 144993, 321319, 611046, 193497, 737909, 800135, 648737, 213473, 591277, 120392, 711391, 109006, 862816, 414946, 191682, 927047] 
Capacity: 998831 
Capacity ratio [capacity/sum(weights)]: 0.07 
Maximum value for profits & weights: 1000000.0 
--------------------------------------------------------------------------------
Number of qubits: 50 
Profits: [613423, 709929, 484364, 862516, 848701, 68798, 279866, 422253, 580943, 172558, 408004, 283520, 951688, 540669, 312542, 875297, 716784, 763296, 79483, 390388, 571090, 322566, 840952, 83966, 64567, 614014, 38226, 413035, 124838, 423733] 
Weights: [26061, 860236, 406587, 143037, 485146, 759342, 865899, 413866, 878798, 720380, 160114, 11720, 228723, 688279, 698644, 568358, 476377, 159615, 869764, 485151, 619340, 999787, 406165, 362440, 461288, 606270, 81782, 967174, 147183, 318030] 
Capacity: 1019743 
Capacity ratio [capacity/sum(weights)]: 0.07 
Maximum value for profits & weights: 1000000.0 
