Number of qubits: 75 
Profits: [418765067616, 864536094631, 377258907378, 732177141622, 262160529985, 507309808387, 807204461732, 883823701880, 128215738422, 469933363425, 693771067225, 409060024735, 622872017016, 576936832640, 804152937247, 325132621969, 574469705570, 571014475189, 955138158103, 826707944554, 342343100506, 607947175917, 30587280932, 983943282019, 571242066514, 742325052968, 335421250217, 744131112372, 158736904773, 211601031131, 94710813655, 830371665881, 11377658977, 113343290095, 349156316101] 
Weights: [447480485172, 632663969178, 597302679962, 596725178939, 523533451826, 322792069318, 475021382982, 532707645266, 597544212609, 470730879213, 473016763236, 340709563694, 163104620620, 559518953764, 345044330861, 494205060647, 577520084642, 551435444503, 582065707471, 556263651724, 583981801457, 535374457692, 586160867153, 633960205358, 530644198723, 593849336523, 535060210043, 316348685466, 607605416505, 241276645751, 598602554363, 540020275953, 476506971883, 506953669369, 575313167573] 
Capacity: 650878961700 
Capacity ratio [capacity/sum(weights)]: 0.038 
Maximum value for profits & weights: 1000000000000.0 
------------------------------------------------------------------------------------------
Number of qubits: 75 
Profits: [217954645369, 182574794362, 628624971438, 902183981728, 882656590736, 224049334114, 551698832018, 429426633296, 336278101280, 690933172538, 981338296491, 488250719292, 353884276683, 356932564102, 516036685017, 495171707234, 78835590780, 659564405854, 894965806520, 871058825230, 815520292736, 622765483685, 282764570745, 702818590397, 254529699079, 472922433219, 684094907518, 170007295251, 453636801105, 793407776078, 510459512566, 619637491803, 420963904183, 196415192943, 973620463442] 
Weights: [562557519096, 385938679133, 544538424683, 557234572574, 617557137940, 552184517953, 399462034163, 234516275373, 460810863537, 564874724281, 602146113619, 627390495951, 469483518073, 576002326892, 438768315011, 367219983671, 191780950219, 619829053395, 188422188506, 513127550866, 479610957786, 544513846158, 377893863325, 339244301317, 542866658747, 503351583704, 599436540988, 624760307675, 566061069659, 593763985843, 364508832262, 524940053097, 493860568126, 596143029555, 97820692878] 
Capacity: 631889836720 
Capacity ratio [capacity/sum(weights)]: 0.038 
Maximum value for profits & weights: 1000000000000.0 
------------------------------------------------------------------------------------------
Number of qubits: 75 
Profits: [311663827647, 378169703847, 494529563715, 543876750530, 225462961631, 661107178076, 239692164118, 593486972156, 394348199598, 324211015868, 20310912188, 687740890803, 934314591422, 911493417884, 84452607864, 419353439277, 30919557463, 892048704271, 481400928204, 749106659061, 596442006858, 512090716386, 14894099616, 769448441705, 98283672113, 167184684172, 37567186887, 300123979044, 669124504421, 101875654735, 411401528849, 109255702627, 771675780108, 11725224709, 41021568770] 
Weights: [623652856051, 446566571121, 619552969171, 691583456245, 588547376916, 509748041458, 624236488389, 628885794041, 634046338944, 432362977446, 109739883567, 615706221109, 540391129639, 701881663059, 602359994903, 318746623040, 278486255623, 691442126590, 658312702054, 658559841342, 602611617964, 694732193482, 484403730557, 649720321294, 602957945391, 601243416279, 405793125339, 515899275886, 171151289827, 643401038170, 588999912297, 549206910226, 667751050371, 341575275319, 589492780111] 
Capacity: 703486032554 
Capacity ratio [capacity/sum(weights)]: 0.038 
Maximum value for profits & weights: 1000000000000.0 
------------------------------------------------------------------------------------------
Number of qubits: 75 
Profits: [978435859827, 871716152361, 827066761498, 88387743493, 635841004363, 22395018262, 799330045121, 541854318660, 544405903986, 684622153712, 914369496353, 690480111265, 955116518596, 344487203503, 722969124417, 613140546039, 886395472999, 297012747125, 536138829057, 932122592274, 444397839689, 600128289055, 517007363544, 121392237381, 342294297070, 900204261862, 456507438376, 976172777772, 997948948163, 486220567254, 742448594180, 723257487181, 757824749340, 606347438559, 772659258705] 
Weights: [546640799234, 468726294722, 139181394114, 401321732523, 491403676054, 482583899523, 556199432963, 539246177330, 515566736245, 439298343869, 425693333544, 398503918791, 530035712281, 512624675459, 353373001896, 527183467456, 196602925786, 463474252394, 371932587983, 535550805167, 113464588732, 350754713493, 385672566615, 445234663483, 239532601560, 440232978474, 479585557129, 556510629836, 541182066710, 541696531214, 508642704431, 548032788412, 468277770993, 269650492696, 513464043534] 
Capacity: 561981471476 
Capacity ratio [capacity/sum(weights)]: 0.038 
Maximum value for profits & weights: 1000000000000.0 
------------------------------------------------------------------------------------------
Number of qubits: 75 
Profits: [553681029064, 902157839887, 279215387402, 435517967067, 971419092778, 355471234292, 947065841460, 230909812744, 375608810331, 866823493094, 660887912814, 744079630623, 515991195658, 203831154773, 86307912152, 230588865765, 801585761453, 961492325170, 931925296558, 483365619994, 750139943189, 787228438349, 745866499433, 591755037741, 301172564123, 597622206487, 589173832434, 74487301265, 413460864965, 269140871779, 277145522368, 561680991539, 469537716307, 793283675448, 913349857824] 
Weights: [662352697681, 630495018454, 623743462056, 632321592103, 678600081603, 490918055767, 555522982280, 642591948153, 431455428425, 574386573780, 137139143796, 675243668305, 233236284261, 680851275975, 660992067497, 368631631529, 414561195564, 539109207537, 603145722474, 634513096528, 615006563766, 593233819291, 484601518179, 654482198123, 371528985865, 477133217101, 539043073291, 390830396707, 229398332954, 660310309213, 169058061612, 634113917232, 641948602882, 625791625378, 229937870831] 
Capacity: 682414651204 
Capacity ratio [capacity/sum(weights)]: 0.038 
Maximum value for profits & weights: 1000000000000.0 
