Number of qubits: 40 
Profits: [402951, 906547, 632592, 201855, 239940, 800233, 67867, 606654, 862501, 932391, 341178, 925585, 869621, 720964, 152067, 814568, 237667, 521301, 932253, 908529] 
Weights: [500733, 497825, 327208, 386865, 789289, 266203, 804894, 731401, 640011, 681726, 387144, 827790, 678253, 698095, 498487, 664746, 518018, 420665, 215959, 449608] 
Capacity: 845278 
Capacity ratio [capacity/sum(weights)]: 0.08 
Maximum value for profits & weights: 1000000.0 
------------------------------------------------------------
Number of qubits: 40 
Profits: [434395, 55316, 979967, 137869, 689348, 606665, 373222, 970239, 827721, 550206, 579066, 757243, 684060, 450934, 578593, 629504, 222254, 341914, 989714, 972437] 
Weights: [834235, 701030, 583356, 283329, 572635, 631973, 562921, 264066, 671340, 357609, 636325, 836198, 647369, 593305, 355657, 845147, 474271, 215801, 765359, 798387] 
Capacity: 868564 
Capacity ratio [capacity/sum(weights)]: 0.08 
Maximum value for profits & weights: 1000000.0 
------------------------------------------------------------
Number of qubits: 40 
Profits: [585418, 284057, 1003, 387998, 220378, 397577, 537213, 982118, 752101, 360727, 20831, 457997, 479685, 515259, 390849, 377803, 51372, 450453, 3225, 396511] 
Weights: [440420, 681202, 98351, 405217, 482657, 574915, 379604, 766531, 777301, 722128, 548988, 685803, 411400, 174369, 596394, 694814, 449060, 502771, 490179, 670478] 
Capacity: 791474 
Capacity ratio [capacity/sum(weights)]: 0.08 
Maximum value for profits & weights: 1000000.0 
------------------------------------------------------------
Number of qubits: 40 
Profits: [790688, 564209, 155345, 286439, 142758, 66673, 531744, 575949, 386004, 464679, 592628, 247063, 92356, 190991, 966903, 253767, 177929, 890670, 609387, 956540] 
Weights: [354823, 772798, 635801, 446337, 736762, 460450, 817878, 587204, 761560, 717514, 522125, 640071, 395334, 509246, 362947, 505001, 881240, 347489, 748621, 796039] 
Capacity: 897384 
Capacity ratio [capacity/sum(weights)]: 0.08 
Maximum value for profits & weights: 1000000.0 
------------------------------------------------------------
Number of qubits: 40 
Profits: [91433, 553989, 670315, 632551, 994497, 556363, 676429, 584194, 700612, 325027, 434686, 960204, 166833, 240260, 307383, 714955, 586068, 497492, 882158, 408942] 
Weights: [793240, 862715, 717062, 765858, 833761, 650338, 541456, 344053, 772619, 704849, 396102, 182488, 581055, 859879, 749214, 224796, 323468, 426602, 689753, 887309] 
Capacity: 916076 
Capacity ratio [capacity/sum(weights)]: 0.08 
Maximum value for profits & weights: 1000000.0 
------------------------------------------------------------
Number of qubits: 40 
Profits: [234462, 91527, 413118, 22571, 490712, 938414, 954580, 630111, 729765, 203657, 175761, 502151, 186904, 341032, 232873, 483725, 938855, 632489, 755603, 322361] 
Weights: [359600, 639024, 387114, 415330, 672914, 581195, 692209, 498040, 595809, 693668, 816513, 371227, 87816, 647978, 634374, 808026, 767652, 583295, 591880, 552434] 
Capacity: 871209 
Capacity ratio [capacity/sum(weights)]: 0.08 
Maximum value for profits & weights: 1000000.0 
------------------------------------------------------------
Number of qubits: 40 
Profits: [116541, 470590, 354103, 693343, 295549, 683438, 681289, 120121, 605391, 868744, 709288, 159478, 136174, 432651, 631221, 648126, 820216, 206498, 884845, 696643] 
Weights: [454355, 723643, 559950, 637676, 823204, 738381, 395807, 714302, 744276, 392953, 308888, 743876, 712903, 133099, 579010, 319059, 457927, 737727, 691065, 570531] 
Capacity: 877055 
Capacity ratio [capacity/sum(weights)]: 0.08 
Maximum value for profits & weights: 1000000.0 
------------------------------------------------------------
Number of qubits: 40 
Profits: [103566, 909630, 889736, 227171, 37397, 181558, 801626, 212846, 855558, 531326, 198940, 683008, 830520, 268534, 217067, 360134, 270426, 977487, 186261, 124867] 
Weights: [553070, 552197, 397214, 634931, 527890, 555381, 566173, 410548, 497865, 270351, 625930, 703290, 523319, 239065, 412986, 368858, 472515, 531658, 451761, 555977] 
Capacity: 744251 
Capacity ratio [capacity/sum(weights)]: 0.08 
Maximum value for profits & weights: 1000000.0 
------------------------------------------------------------
Number of qubits: 40 
Profits: [862732, 573591, 393538, 649567, 278756, 41296, 512835, 400810, 566414, 609020, 3533, 663103, 699469, 444434, 990704, 501416, 792506, 838974, 719859, 465902] 
Weights: [558552, 510955, 607188, 490014, 587791, 762623, 632973, 387824, 399635, 730280, 375986, 429180, 639281, 683274, 130696, 724875, 343274, 522551, 575957, 490279] 
Capacity: 808666 
Capacity ratio [capacity/sum(weights)]: 0.08 
Maximum value for profits & weights: 1000000.0 
------------------------------------------------------------
Number of qubits: 40 
Profits: [135939, 802902, 318629, 622596, 914165, 766800, 893936, 913469, 175932, 741928, 474850, 37080, 475090, 759218, 374789, 914154, 566791, 612350, 233324, 914561] 
Weights: [630466, 357316, 689622, 605901, 432914, 334403, 466115, 424464, 471106, 575653, 53729, 635594, 595187, 191215, 331996, 505742, 712686, 564041, 463998, 417977] 
Capacity: 726319 
Capacity ratio [capacity/sum(weights)]: 0.08 
Maximum value for profits & weights: 1000000.0 
