Number of qubits: 48 
Profits: [3288483, 64333, 3947115, 1962851, 134610, 654986, 2407363, 1674798, 1967982, 2520183, 7442947, 7447612, 5435737, 5756376, 2279399, 4517081, 6113037, 4317494, 8492284, 5348720, 9711104, 8019872, 5748431, 469473, 1704544] 
Weights: [7110346, 833260, 4153202, 5074847, 5905703, 7152593, 2728715, 7100059, 6076445, 4083871, 7039225, 1885235, 2040037, 3327720, 2299835, 5127914, 6738199, 6422310, 1870478, 3572262, 2140972, 5690882, 4437149, 7729756, 5607594] 
Capacity: 7743990 
Capacity ratio [capacity/sum(weights)]: 0.07 
Maximum value for profits & weights: 10000000.0 
----------------------------------------------------------------------
Number of qubits: 49 
Profits: [7433441, 1700074, 5758478, 1430730, 5100563, 26802, 3518696, 7238399, 8836835, 6647487, 3352873, 6789101, 3006659, 6160602, 9607657, 4411511, 8413391, 1419675, 288220, 9675086, 2933831, 1806131, 1655599, 9148737, 7126641] 
Weights: [3254583, 1682568, 2558477, 1610589, 4139091, 8884573, 5306821, 6506286, 8245966, 8057054, 8139531, 8497032, 4958874, 5302646, 3458701, 1469696, 4920238, 7686159, 8280113, 8969396, 6688481, 8559103, 3065708, 9551797, 5972896] 
Capacity: 9812003 
Capacity ratio [capacity/sum(weights)]: 0.07 
Maximum value for profits & weights: 10000000.0 
----------------------------------------------------------------------
Number of qubits: 49 
Profits: [6148476, 6216642, 7960806, 3267986, 3324573, 3807607, 6934507, 670924, 6661858, 2822574, 239962, 146607, 4394779, 5813235, 9753358, 6106017, 1964355, 4674364, 6817991, 9735684, 1185618, 8289933, 1206778, 878796, 1019082] 
Weights: [3215586, 2886998, 6060512, 6067309, 1342692, 5115594, 6801715, 7527910, 4720867, 3352037, 7434666, 5837922, 8298790, 6474763, 8381133, 1058002, 6582272, 5972048, 1283570, 2199016, 4322412, 1940874, 8402782, 5428869, 6389276] 
Capacity: 8483155 
Capacity ratio [capacity/sum(weights)]: 0.07 
Maximum value for profits & weights: 10000000.0 
----------------------------------------------------------------------
Number of qubits: 48 
Profits: [5120387, 2401912, 1906051, 1257461, 8140736, 1663818, 3460833, 1230010, 5689981, 6488012, 8665092, 635418, 1227859, 5012736, 1887370, 2429024, 581650, 2210758, 1976786, 2937368, 9187131, 7177703, 7720501, 8248322, 1468658] 
Weights: [8198663, 1923982, 1871600, 2576910, 1827059, 7394966, 7609933, 5209788, 6312100, 5725837, 4928367, 5444818, 1230390, 3902259, 8175901, 4706960, 1972011, 4302380, 4426160, 8162517, 7780840, 6987379, 2026467, 6729115, 1402542] 
Capacity: 8365672 
Capacity ratio [capacity/sum(weights)]: 0.07 
Maximum value for profits & weights: 10000000.0 
----------------------------------------------------------------------
Number of qubits: 49 
Profits: [2385708, 1253376, 486239, 1796420, 1814633, 8117021, 8506566, 3217447, 4801965, 4460455, 9359752, 1570765, 4675297, 2431518, 7605099, 2723355, 6759313, 7039784, 1862241, 3434771, 9034959, 9934461, 5895348, 824532, 4951760] 
Weights: [4167013, 6086706, 6644551, 6299729, 6692199, 3504945, 8980819, 4579216, 7822997, 3143641, 8322628, 9411121, 8080885, 6404694, 2366512, 1313097, 10077106, 4983743, 7968636, 7529898, 7771722, 9010679, 6388806, 1922774, 4311738] 
Capacity: 10474796 
Capacity ratio [capacity/sum(weights)]: 0.07 
Maximum value for profits & weights: 10000000.0 
----------------------------------------------------------------------
Number of qubits: 49 
Profits: [1565576, 5855879, 4481624, 551591, 1222260, 4602020, 9319312, 8317581, 6435622, 1612027, 9265577, 2631088, 5831599, 5788015, 9777667, 8906013, 9557855, 8137985, 3921363, 7662460, 3749333, 8905169, 6994167, 6073249, 2264303] 
Weights: [7848706, 2336070, 2075914, 8660292, 6134736, 3363113, 8399859, 4815013, 6284295, 7452928, 3145388, 7878408, 5265973, 4939893, 5487445, 4011885, 7975775, 4240931, 8068871, 697338, 2908493, 1453706, 7639238, 2645382, 8172833] 
Capacity: 8685535 
Capacity ratio [capacity/sum(weights)]: 0.07 
Maximum value for profits & weights: 10000000.0 
----------------------------------------------------------------------
Number of qubits: 48 
Profits: [7447347, 862912, 3321008, 6990674, 8039312, 1945983, 6062739, 1610106, 5731456, 2405418, 619575, 3772634, 651624, 6798922, 3893901, 8123441, 9671046, 6222701, 1881620, 639719, 7022803, 7785157, 6419152, 9705737, 6445555] 
Weights: [6014704, 6850718, 6840390, 4655511, 5648886, 5758080, 5418630, 2719514, 3178079, 1565828, 4648503, 3540049, 4364628, 4931547, 2446094, 5882503, 2758480, 3177655, 2468087, 1935489, 1801977, 6557377, 2129241, 5892739, 5141823] 
Capacity: 7100600 
Capacity ratio [capacity/sum(weights)]: 0.07 
Maximum value for profits & weights: 10000000.0 
----------------------------------------------------------------------
Number of qubits: 48 
Profits: [9021585, 1454375, 3463381, 1312144, 7457238, 273589, 4232405, 7588720, 7733587, 9215012, 6711317, 9840012, 761255, 6137276, 3918874, 1301178, 845324, 8167007, 3214477, 3635655, 7396554, 3270280, 1711027, 3560169, 8854656] 
Weights: [4818587, 6036725, 1479409, 3246420, 4680983, 4658140, 5446264, 4284304, 3978029, 3491226, 418170, 2934117, 2750225, 6584208, 4954474, 4942821, 5788328, 5555210, 5459587, 3214787, 5941988, 2433104, 6286577, 1796339, 2766217] 
Capacity: 7103820 
Capacity ratio [capacity/sum(weights)]: 0.07 
Maximum value for profits & weights: 10000000.0 
----------------------------------------------------------------------
Number of qubits: 48 
Profits: [1791433, 9318122, 868624, 9441682, 5771131, 877659, 8663935, 6363686, 2188451, 1238832, 2170594, 4477895, 5909772, 1833887, 4122857, 8744454, 3850199, 9468505, 7026625, 5924211, 8067485, 849883, 5146512, 979586, 7883002] 
Weights: [7027901, 3161251, 3066213, 5099050, 2371873, 4880625, 3905876, 1848729, 2492995, 6761269, 6802754, 2446520, 3874794, 4409671, 3175711, 6717890, 2658812, 1524254, 6793122, 5536786, 6721744, 2768066, 5259534, 4919572, 5286213] 
Capacity: 7341125 
Capacity ratio [capacity/sum(weights)]: 0.07 
Maximum value for profits & weights: 10000000.0 
----------------------------------------------------------------------
Number of qubits: 49 
Profits: [7286860, 2815112, 3885176, 2218553, 3621450, 188943, 4855359, 1576790, 7495487, 1196277, 9209584, 1170244, 628410, 7087086, 3621305, 5461645, 4190639, 9011750, 9607129, 2408794, 9125102, 3078154, 7627679, 3328941, 7805411] 
Weights: [7129569, 4852459, 5088407, 3816647, 5832209, 1937663, 2100843, 3725927, 6667486, 6169081, 7302420, 4252736, 4974642, 7455885, 6617105, 6673858, 4038115, 2929430, 4429640, 8012678, 6424704, 3384148, 6246371, 4637528, 2347352] 
Capacity: 8738393 
Capacity ratio [capacity/sum(weights)]: 0.07 
Maximum value for profits & weights: 10000000.0 
