Number of qubits: 69 
Profits: [2971912730, 125247997, 3970711957, 409762890, 9320984377, 9550390021, 3202108679, 9571392259, 7300324140, 7533490538, 2759673474, 8596317064, 9273623342, 7386328081, 4985043232, 3827365924, 9497311638, 3581060058, 5568915072, 565328266, 6536482828, 3809835215, 4780398781, 49963720, 3407316991, 6209479378, 2913997711, 6297436049, 2534756955, 7978700276, 8807145181, 7480045734, 8491557234, 9834994471, 2036737] 
Weights: [4102230041, 5524423084, 2083855061, 1255072904, 4631752471, 4344789948, 8401310947, 6753337336, 6816949719, 6801256525, 6505937213, 8543715769, 754365679, 5052049217, 8797889548, 6990656174, 4125759400, 5912344446, 9218059057, 1854371981, 3922377918, 6414835086, 3359697488, 8281095974, 2473376205, 5561879314, 4389143890, 3947346898, 6612169899, 8188011623, 9055844121, 8775328381, 1995643332, 3347493810, 4232444512] 
Capacity: 9244619608 
Capacity ratio [capacity/sum(weights)]: 0.05 
Maximum value for profits & weights: 10000000000.0 
------------------------------------------------------------------------------------------
Number of qubits: 69 
Profits: [7957440090, 5803629688, 7358913229, 1469135761, 2339172405, 9085345287, 7188458400, 4238366724, 4131888980, 501324920, 1575712545, 1833942996, 9617687163, 7265231730, 2893418611, 5870144549, 2497271571, 240057666, 2267821463, 8569882975, 5582349455, 4556087778, 1961275922, 9999600596, 9690857079, 7134014138, 6576102932, 6786170191, 1392701826, 5809786473, 5732052452, 5367085229, 8463578064, 1768454058, 3549340309] 
Weights: [7609035422, 8111207519, 2030972957, 6742436256, 5969884548, 3131017976, 7525081300, 6897341786, 5577883911, 3760907152, 4560891768, 3985561164, 4388043422, 5358765373, 8056429767, 2928753153, 3036200413, 6149201330, 7805990975, 3474308732, 2316289926, 6493092248, 956482286, 4264229506, 6818124972, 2989555108, 5538593382, 4464958519, 3429225914, 4610458072, 8060005430, 5842452650, 5677265981, 8099527828, 5147641848] 
Capacity: 8840048044 
Capacity ratio [capacity/sum(weights)]: 0.05 
Maximum value for profits & weights: 10000000000.0 
------------------------------------------------------------------------------------------
Number of qubits: 68 
Profits: [9756393247, 8286163895, 5588416949, 7387420810, 6101336968, 6680117856, 8047341304, 2407704716, 7437898789, 7720115146, 7269163204, 2611209873, 338906330, 1614624623, 7164191948, 8123289694, 7566311343, 3603475072, 4595302405, 2917529178, 4636602497, 7974602272, 6581757680, 1200510197, 9835404682, 9117313877, 2773666051, 7621480693, 4489558288, 9031492513, 990351310, 6381595857, 8402938298, 2334491113, 694737936] 
Weights: [6815499371, 5269727822, 3572266745, 6979336937, 2026746583, 2636278166, 6552672170, 5738025435, 4535883805, 6215207206, 4247012535, 3005289302, 4437879402, 6107895691, 5024497332, 5533260444, 2555306489, 1404130787, 1418925239, 2665095205, 4558290147, 7007615810, 2753331781, 2385881821, 4780057622, 6884584805, 6525717746, 1351140993, 2670362429, 4429320820, 3355045253, 1647309686, 4545471818, 1555602909, 672014776] 
Capacity: 7082804752 
Capacity ratio [capacity/sum(weights)]: 0.05 
Maximum value for profits & weights: 10000000000.0 
------------------------------------------------------------------------------------------
Number of qubits: 69 
Profits: [5019237683, 306353086, 9634511409, 2815155904, 2226215523, 869971478, 9876197003, 6296995450, 6555257290, 9638444258, 4919284374, 4213101333, 9877966326, 6289831108, 9840472346, 4474505882, 2541554768, 824841868, 3651824993, 8574293930, 7461803981, 2934615061, 8823130253, 5694426915, 730090795, 8966607984, 954458381, 6913274565, 7363992313, 9104713028, 2881472588, 230020151, 8110222720, 1759811811, 643629536] 
Weights: [5264211319, 4802078838, 1194660776, 6339933173, 5555637729, 5268048935, 8627670221, 4289461732, 8465266347, 4602191344, 8176572893, 3855472071, 4738530681, 918810353, 8228479102, 1126671420, 2648440311, 5103033376, 5658081165, 5824230736, 3181071843, 6151850308, 8710386227, 3883345541, 4083415210, 3813727020, 2630015042, 6471681170, 7581571520, 7747270777, 7355679812, 3639555156, 540135459, 8196801320, 4359817254] 
Capacity: 8734395703 
Capacity ratio [capacity/sum(weights)]: 0.05 
Maximum value for profits & weights: 10000000000.0 
------------------------------------------------------------------------------------------
Number of qubits: 68 
Profits: [5725944202, 6791194373, 247844457, 1058364626, 590094307, 7185668881, 5108844609, 6636230730, 4997860992, 5529180350, 2928429767, 7440612616, 1922834913, 597104126, 4034155112, 8111740586, 5066801914, 6941507883, 6874448551, 7312284446, 6366804289, 3719119449, 6974261761, 3611804145, 9293509259, 2561948221, 7771928106, 1437986764, 7842518083, 942545552, 4967430897, 725968546, 4035396855, 4804651132, 2029477820] 
Weights: [6902529714, 5056323551, 7541478071, 4620533856, 6701416582, 6647774683, 1503658749, 7915956866, 4481172150, 3530345318, 2153694559, 7621927748, 5722120251, 7792153189, 6687675094, 3088215726, 2626349334, 3469878979, 7772191614, 4697629750, 2980675841, 7761157276, 5205667769, 5024064725, 2421679970, 3873772815, 2100019589, 8244178447, 6971500623, 3309774851, 4533756335, 3162800925, 6782145087, 2060086011, 7762958324] 
Capacity: 8559581491 
Capacity ratio [capacity/sum(weights)]: 0.05 
Maximum value for profits & weights: 10000000000.0 
------------------------------------------------------------------------------------------
Number of qubits: 68 
Profits: [9750644258, 5864023858, 7096394148, 1335453592, 343215928, 1970098484, 637464440, 705547575, 8898918488, 7253638590, 8062960153, 5501488963, 1442066992, 206321056, 2251685361, 4661030603, 5478284045, 8845518820, 7170197488, 1680326226, 9882839162, 5966666865, 5159172690, 2119644936, 2825142774, 8592696591, 4017153219, 4975269450, 493496397, 467524285, 6309559455, 7298552485, 7152007037, 5895111327, 8581133072] 
Weights: [2710542710, 6051477330, 2878451913, 2051357342, 6327741411, 6601230800, 2423696102, 2829939141, 5986607848, 2790646613, 4112678694, 7800908396, 6573404204, 4884267077, 7941847470, 6939959887, 5643987932, 4580166722, 2334349320, 6318815582, 677112917, 7247352899, 4558990194, 2735301902, 4009297035, 4946073814, 819802330, 6791722931, 2665735942, 3719342620, 5372142342, 4748888502, 6761630192, 7864614139, 4339156962] 
Capacity: 8039737157 
Capacity ratio [capacity/sum(weights)]: 0.05 
Maximum value for profits & weights: 10000000000.0 
------------------------------------------------------------------------------------------
Number of qubits: 68 
Profits: [4493358236, 2865790593, 1668649191, 7718966753, 4302915004, 1996245881, 6201045529, 3231222751, 8115381251, 6897143978, 8919716854, 6772230901, 3779763963, 8246939130, 7396988219, 1825925610, 9017412454, 9708366931, 8320986569, 9924702387, 7085619390, 5756413322, 4712228114, 4149994957, 7154785580, 7619447597, 8647466183, 6199366917, 4990383626, 4657929269, 2933829711, 2134897051, 1031013522, 6010904891, 153534270] 
Weights: [2286269476, 3369054266, 2927131723, 3774457191, 4560855430, 3801025481, 3786503603, 4165813951, 5165225087, 6325338055, 2601790185, 668904129, 5773151551, 4198060225, 5246681817, 4940532685, 6514133914, 2822003186, 3994650724, 5379643503, 4923925932, 5104332373, 4966787118, 2232510291, 1523671849, 6303717526, 3680505609, 5832741773, 3427282940, 4025642411, 4959582088, 2453860850, 2696741717, 6484408414, 1678299342] 
Capacity: 7049440419 
Capacity ratio [capacity/sum(weights)]: 0.05 
Maximum value for profits & weights: 10000000000.0 
------------------------------------------------------------------------------------------
Number of qubits: 69 
Profits: [2833056024, 4147752297, 8553415995, 3932028211, 1925426136, 2139538429, 3447262198, 7718226782, 9238221427, 2335927869, 2531594756, 4512489924, 3267595289, 6952704381, 8546557438, 3672525176, 6520157478, 2880436106, 4883986783, 6088447370, 6539182639, 2763997857, 8462020530, 3710799336, 3307052731, 4999792763, 5200242335, 6531798404, 4839203977, 942527243, 5725367895, 7736547896, 4230609824, 5999736540, 5111386660] 
Weights: [2665940517, 6267285116, 1808864187, 8207329540, 5503645373, 6044359391, 6833779191, 2866579174, 4625544582, 8841028841, 5794094030, 9225994244, 6731465885, 7425420297, 8316198362, 8322615540, 7996978626, 2892684713, 7897410256, 2894073738, 5095247947, 4121765659, 4871644475, 6960018778, 6708344730, 3131519940, 2755543177, 8300701666, 4410054449, 5317211368, 3955561162, 1667259743, 2623889654, 3995302255, 4640549323] 
Capacity: 9263596529 
Capacity ratio [capacity/sum(weights)]: 0.05 
Maximum value for profits & weights: 10000000000.0 
------------------------------------------------------------------------------------------
Number of qubits: 69 
Profits: [9133004569, 3260398270, 6384768065, 9078240409, 1189023037, 4602495815, 1311789458, 1453025564, 6269286446, 7966840973, 7174935477, 5352047041, 5527259873, 8266843641, 7520151780, 2596974740, 7590038176, 7514871213, 6482098695, 9688657674, 8225392202, 9060909642, 6144412091, 2192644959, 579555267, 7561341732, 5952798609, 2735385463, 8615560640, 79336911, 8218482449, 1257154349, 5887904971, 9660109855, 1700476382] 
Weights: [4337865900, 3705814615, 2841297031, 3558880217, 8433318642, 6070475724, 5760197982, 7885936951, 6194804174, 4847344613, 1133613856, 7478555492, 4240095799, 4518510631, 2875852953, 6300393405, 2893121449, 4430928719, 6365588777, 6814805547, 3023817869, 6884012162, 4944135454, 7756579077, 5217474012, 8729841690, 8916241455, 8084326316, 1999280444, 5624200036, 3478254739, 7773390572, 3298812193, 4514573703, 2668887633] 
Capacity: 9047325823 
Capacity ratio [capacity/sum(weights)]: 0.05 
Maximum value for profits & weights: 10000000000.0 
------------------------------------------------------------------------------------------
Number of qubits: 68 
Profits: [3877570205, 139177427, 6518800492, 7430464636, 2336510428, 6826191187, 2777898032, 8439177103, 6575276737, 6551027381, 5839945929, 3518947898, 8886853465, 8462817783, 8061973432, 714318880, 8451569900, 4021956789, 5051056162, 9967662751, 4783445480, 847676875, 9442056179, 1973391305, 2649805571, 6514398706, 1204058570, 4970081515, 499567271, 5292708263, 8819501268, 7597108871, 1511387821, 1172079615, 7171829056] 
Weights: [2303110499, 8099719288, 6754069026, 3892076136, 3745684741, 3125433497, 5853272683, 5225567181, 3129541645, 7126540483, 5562736906, 1442173606, 2471592077, 8048989243, 1237409949, 6813530299, 1393572487, 2652406408, 6084907977, 7731955073, 6504649608, 5824695362, 5696467395, 7233413637, 5738350941, 4682447122, 2285236237, 5736539378, 7492846559, 5532006513, 1890361245, 7698087722, 5842437669, 5573173950, 7296209169] 
Capacity: 8527077351 
Capacity ratio [capacity/sum(weights)]: 0.05 
Maximum value for profits & weights: 10000000000.0 
