Number of qubits: 108 
Profits: [2696028869298137, 808518130205639, 2186301692270532, 6378705304886572, 3935245288716386, 3049543636482213, 313060519338445, 7110819051645773, 24789144383113, 3350131324587901, 3280191851802188, 5986461750982823, 660570617095307, 3590936886819024, 1969864390333526, 8566099250331635, 4567138277419693, 6809784062366809, 9679795954347036, 1353116915044656, 5092330649651937, 4936763880917136, 4159575188547778, 8324076103224859, 2587606976895894, 2198212064300102, 9258464516698949, 356599695437346, 2891613876429888, 62705823400068, 665870784085693, 9547143605007149, 9522094411009906, 1877666197963834, 3394337984541235, 4464055928345932, 8112816674418137, 3098769561873312, 1480650626773245, 1242534453306810, 8246359021613072, 3016144323834510, 1898112073841437, 2948910949888569, 1870777307634797, 2716480136848819, 9446836600634229, 7843587586490408, 7698995716182629, 9576906890542142, 9535145740760467, 9576448094116795, 1007108308987106, 147569840222791, 9546638751748503] 
Weights: [4700003493109602, 2804408189758774, 2859046886453796, 4867730140363890, 5909251239983537, 5332300332546724, 2520440388292692, 3870400944720103, 5475065376666344, 7099212889047850, 4921513247201346, 2147983420779603, 5699015235116241, 6785668931504271, 4165991426329709, 4445041934318497, 2848875340290243, 5690808169886455, 6043479855709786, 6343086678046184, 7175640819991290, 7111501147330095, 4649984442315443, 4755762000839604, 4397350801427671, 3204986444812599, 6294487239011500, 6024642751565991, 6882609327579243, 3244510725327655, 2194894983088099, 4149286008025469, 5186529141063286, 5583161762379464, 4326427676055863, 2900551827788100, 2453369759506463, 6953652324984640, 5682370937648496, 800614823065843, 2342334522304503, 5753111992911201, 3707084766406217, 2604842060818406, 6193404357666059, 2487977761883344, 6115923050396316, 5933740265499607, 2306114644155849, 3269793364632272, 3929801549335289, 7087250166550301, 5765125750036196, 6265618643766783, 5046064504609276] 
Capacity: 7256747421497842 
Capacity ratio [capacity/sum(weights)]: 0.02875 
Maximum value for profits & weights: 1e+16 
----------------------------------------------------------------------------------------------------------------------------------
Number of qubits: 108 
Profits: [8905586442749129, 7151989631517853, 4663090885752014, 6271570378082015, 2165603203922156, 8371888278073596, 630720221538659, 8953788920816001, 7139160846717786, 2256560104553251, 7762726009040389, 9150840793247698, 9056973780435725, 8645242916219788, 4400804520946529, 6892275169031799, 194253677494571, 6242282984613509, 7477322236702314, 9210333958335227, 8835251435474654, 630958470642249, 880284538397862, 5128627587676609, 4184870622606222, 5653378641744289, 3307760416763522, 7428740304231747, 2027856283376473, 7932547895845859, 8777376122825347, 4473965245676362, 3702988801683019, 9144462109070176, 7062681889653978, 3028729545771066, 9751082455619709, 5908438577410783, 5191756408143049, 2756572006740405, 7248753795981003, 2117404621437482, 940196417069386, 5708294069814254, 1202282402269659, 2746919632528247, 2291320241667637, 8502828202564979, 7234904166424137, 8892759045699752, 4251261768897571, 6502482992015311, 9076687862708775, 2908088800085631, 725048537632193] 
Weights: [3134181700824827, 6860676670115980, 7796054606942768, 1692772044221035, 4781678674494455, 7855445053431636, 2166069112739995, 6997315365128064, 2196752769216177, 3563347667024169, 5747396383517181, 2630810232613770, 6296594743132243, 5902200826661215, 1855180666260944, 3466548504516877, 2696283108348961, 6706350065731038, 3137117900329418, 2222013222925229, 7463822427082802, 4085066873531308, 4980075350528089, 7571902777247600, 6770219210341540, 2114962145745310, 6259706682480369, 4210795616794718, 5822161457664615, 6998504208661560, 7170525401963455, 7205044898064770, 6422870509769971, 6959240012594519, 6071121087294318, 7492908370495852, 7855723278155853, 6853477480894711, 6269145370262982, 2981554340457025, 1507465451689158, 3208642491474356, 5861152337113806, 7468507391171017, 4399064649454362, 3207458960154297, 6353508259545339, 1708224607751420, 7900023300376383, 2823114740933517, 5846704894127815, 6959370554500855, 6788990257548420, 2043883787821889, 2821658451515130] 
Capacity: 7916513941814400 
Capacity ratio [capacity/sum(weights)]: 0.02875 
Maximum value for profits & weights: 1e+16 
----------------------------------------------------------------------------------------------------------------------------------
Number of qubits: 108 
Profits: [9513155551377333, 2342727385804385, 9167841822492875, 297522475460940, 5478753463002881, 3877591810213455, 2452869736612556, 4165071990045746, 4750114523751518, 135735982663595, 3896261189507255, 9300311478107850, 1461348356472705, 677053234595312, 984563885971709, 9418903658485004, 8985483214813526, 1212482013332148, 3764491533102127, 9769854415729247, 8507951511523066, 6539028017378262, 1644200326433688, 8364386614599039, 77742583850863, 8144851844875141, 1519685196708343, 6665554711048548, 4923830200796292, 8183656043597111, 5813436393820805, 2268177325339548, 480459162644124, 2528402584221123, 6605306837889017, 7624646760288668, 2540626000889053, 8770863326198652, 3460229072523448, 3186589837562145, 6257850824813382, 8764919866383196, 9543594170536606, 5451416390082310, 6648887127886689, 2689955861921716, 8089636697803447, 5473067130404413, 3886218369499822, 5639096467877238, 241996388050089, 6560651214485063, 7733480521071366, 4676476962920051, 6049323994154641] 
Weights: [3489282330192909, 5322279036015190, 2630568169036460, 4242457624322935, 3694203561214353, 5285012999790459, 7369467054353259, 5429363208845098, 7631095342175849, 3119029867474895, 3348796786149378, 3024508546975288, 6911953645197607, 2820445842468587, 1320495645578675, 5203874205035577, 3315389239435009, 4576384728522831, 4329224154268614, 7400654023101392, 6522745901879195, 3103277360244293, 7519350761009497, 3640891542074053, 5816223743835463, 4069703738767257, 7739081267310379, 7523257603935804, 4237143453368164, 1587778368503498, 3974437142350501, 7187503915623280, 6900815380510510, 4975151281257687, 2625678566018030, 3727760891892248, 5586242506514124, 7622846046154363, 4810806910038443, 3021286210660635, 4170247924243250, 6921456222576749, 4253462867544950, 2748605303406737, 7639351807216018, 6252198173924319, 7247952042331705, 7539365209225152, 2753624642048737, 3218510591913788, 5859767495273220, 3552359591981390, 7721873349396292, 6822164707505478, 4603939658867390] 
Capacity: 7745878967795805 
Capacity ratio [capacity/sum(weights)]: 0.02875 
Maximum value for profits & weights: 1e+16 
----------------------------------------------------------------------------------------------------------------------------------
Number of qubits: 108 
Profits: [2967993715125870, 386043700646340, 5318992760030484, 5301931772862991, 9148960216252194, 6468538437568645, 756683373063712, 6205463343517563, 7151818011842478, 8735391005670705, 8571963377747268, 9945934556088306, 3721394554491212, 3424565141988168, 9243437230782079, 4853631795191118, 7289733613212774, 7969539106651951, 9820488970982408, 5743553797013755, 7170318783422350, 6371151224060874, 8805566251020276, 4180342643597428, 229896395709762, 4975999079489792, 750350460514838, 1975781826280105, 302735043595972, 365697935910988, 6070125278051842, 3027384197662053, 2937962265467334, 6343385683233872, 1441835665656272, 8293770419069401, 350646243931399, 8191254413888135, 2127180320830049, 9587332960967207, 8180977597435680, 3158021851637359, 3046983226097818, 2604981198788883, 8128435669937976, 7211880863880913, 3771427176065900, 5694188661931183, 8458674786647428, 5116147643405819, 3924314599664440, 1718479805092151, 1811254468574852, 2830554502391071, 8345212904659981] 
Weights: [3543320735787358, 2588370705508919, 7455926132734270, 5372597827806957, 2470084094470943, 7259548157562179, 6186961462059611, 2180198443384367, 5193219113030431, 7070972829186566, 2655275778162602, 5559292952249695, 2803166042696593, 4083814169563875, 4064348659397525, 2181360866600630, 7088771429465359, 2547103391821579, 6586397455798621, 3679543920418303, 6480131925448526, 5879124307659290, 6882809231890494, 7855924453878353, 7916430642154957, 3443668827396139, 7403666759694851, 4418489373527478, 2736900759466162, 6183083761977357, 8018847545822215, 761636423723986, 6407129582993544, 3302571377685929, 6781821096924175, 7338648031468998, 7298984059510894, 6129410135079637, 6664770361354728, 4616633867757356, 6050881807384671, 6232008790900865, 3897667589451271, 7609845193586043, 3147983242970975, 4778778455943725, 5922019294299161, 7341790839236494, 3603139504531733, 7078663059111510, 2573574581310100, 6285198378325631, 7432511494567795, 3452608789097830, 5417769266868542] 
Capacity: 8129751990758555 
Capacity ratio [capacity/sum(weights)]: 0.02875 
Maximum value for profits & weights: 1e+16 
----------------------------------------------------------------------------------------------------------------------------------
Number of qubits: 108 
Profits: [378440013452037, 4236910163813363, 4317747509250241, 2273327044679302, 1040327396269840, 7257770712622373, 829137780539918, 1054103494635775, 7046929080877094, 9450502424254536, 1274578260281194, 1601441650892655, 2858725464097049, 4660599594824102, 740737906935865, 1454243109272273, 5590528456308682, 2716460242222153, 8297768563641224, 22798826696281, 3335008169727601, 4375140185696971, 3475487994463929, 2795466195115939, 1052695281990330, 6285052309558484, 1005034918468527, 7972576681376210, 8420497908178608, 7797411955422341, 7668278457359972, 9621772669298868, 5858008619959356, 479464033530103, 6056787096081046, 7039200510104812, 822277068509399, 1333435123138901, 9371356830058527, 6410599543969340, 3673587097715223, 1060868517656329, 4406371621490077, 7233541318636147, 3754045257930690, 1653399194442502, 863787241201120, 6129711793320220, 8156445858072858, 3560435304701018, 7606877246123459, 9520618205866317, 1039586417381826, 483351617849152, 4844837172966468] 
Weights: [6496185993643947, 4955022819538653, 3327442864544906, 4630899476846194, 7008526569603462, 5068854225763027, 5723377785232729, 6744841951266049, 6555315233186671, 4003444653925552, 6383765397731501, 2516162485906681, 6476642624715854, 6458322124563059, 4137589335973214, 6428040325109149, 3434819591904237, 3909983220264675, 3654595775880505, 6241581276519878, 3390763827624353, 5619189174180668, 4173364050367648, 2588029291595722, 3012748711235496, 3567039993120391, 3803060319506725, 3267321531700087, 7272548780048619, 5311643587041009, 4609812822935608, 2429712555573141, 5198200285727500, 4977819513722475, 6228298363839177, 5193346354302212, 3999418953862463, 6743974248601185, 5875843937641482, 3865797670652986, 2342481665507437, 6171616595026174, 5157838763014027, 2491022943877543, 1955093005799240, 4546632743515651, 7143356725075176, 952747302011400, 7046922313521033, 7430379330393168, 1519489010265304, 6786843780495396, 6677082710732921, 4068544677826679, 3823532859103584] 
Capacity: 7465434409593544 
Capacity ratio [capacity/sum(weights)]: 0.02875 
Maximum value for profits & weights: 1e+16 
----------------------------------------------------------------------------------------------------------------------------------
Number of qubits: 108 
Profits: [6913572299205983, 7708762337047664, 7957874938824715, 5315701600724821, 172907294884955, 6754236898782204, 402968367161408, 3454396254197372, 6330098614317476, 2165517141445608, 6924036881218140, 6935464246544886, 1449628915526475, 6221025555334822, 3143528888195795, 8451987611189784, 329858212178627, 1061456439249261, 4068302476706149, 3121928148564947, 615753331255951, 2547827522198490, 2474438815655395, 8423841912716706, 5630263331625121, 7218342794971594, 8019467078457155, 2038202989481735, 3314777861600508, 9535413817603338, 9219292847655516, 9185597701608873, 145586492244862, 2045216228814593, 5947901185706028, 6558519585564332, 4639830614731962, 5700779220322685, 2166365646191457, 1188125996571592, 9595917124851201, 2759889062515783, 4130480801372604, 8914252739972909, 7102252207831127, 2629976086889801, 9630093890823221, 2678286601178640, 6331576640329632, 5061165424740490, 9441147868250144, 9000748089109578, 943003616608217, 9528532153451087, 8283846874908981] 
Weights: [6055391618040935, 6114626766755067, 5970324439233056, 5291062723717569, 7034532335840245, 5773820880291569, 4666935174239295, 6708806949626079, 5126405621751911, 5325862193419661, 6995206678746446, 6295666612887748, 3421013895001358, 6484251925342953, 3756598223642242, 7584940077723983, 7503887739812676, 2416111584956430, 4537261753288690, 6219735743049992, 5964897577258262, 7119924194231504, 7222109876954958, 7506598827205902, 7758423812296551, 7026557439328672, 5488681653088465, 2556241793455422, 3789812650125683, 4585119605011293, 4421588696796123, 1954149777336375, 2116852024313076, 5302490408427610, 6515851078378913, 2532138945590667, 4721044851518748, 5226677405059114, 4794938482628384, 4520827990291962, 2399214253596984, 4914541250876807, 1068186416990324, 3116443001827778, 4872798875499742, 5158272522838844, 4696807281791007, 3334312774336112, 5959262492179376, 5693899289610161, 5894636284062370, 5996724570364905, 7334702437041803, 2307440649834526, 2392061179467188] 
Capacity: 7970100617451164 
Capacity ratio [capacity/sum(weights)]: 0.02875 
Maximum value for profits & weights: 1e+16 
----------------------------------------------------------------------------------------------------------------------------------
Number of qubits: 108 
Profits: [9091845213398686, 9156089899854953, 7222385265428048, 8903640186780538, 7644836474927527, 2859609163525317, 5141416876673417, 3006464758053701, 8195260447253791, 9728876741736796, 548501678952498, 975031726154697, 8569204538751901, 3152239217829517, 2001607271942403, 8674289506018913, 483622010498388, 2721972992671687, 1420981475557368, 6862458824314061, 2432682543755065, 6494425300970631, 4162648026082814, 6050280283059701, 9533312271574162, 5188276592790842, 3390127288450655, 2694944957355803, 26294903169191, 3735033212421838, 6245631748684108, 1460778794768270, 1433056878627171, 8143007366866768, 2242089430292138, 3761792025197764, 2528654106558069, 9746578834570359, 5021749078450686, 4174969570155776, 6777367004585081, 5344775807641630, 5347199343297637, 8866816065818744, 6284912072428236, 9970092112592038, 8536748359173163, 8920325172317391, 5795911898697887, 3023054427987691, 6615964485446473, 5322308467314158, 3523778178054864, 6004180589878115, 3311153643456542] 
Weights: [5795987408452830, 1661128865597269, 3992881355742705, 4039165734102165, 3032424828494692, 3448259429754357, 4251602868104177, 3382567820132024, 3021160628393708, 3792518264179399, 3214978189135998, 3950065524981928, 5460870349762727, 3852999446039475, 3036108268338390, 3492038935910432, 4591863897366900, 3827559901411726, 6331046483676332, 5738141963454297, 3846473602810680, 3180679818019721, 5884579265862410, 5418304202031330, 887736850776721, 5977363747465377, 3257660927005198, 4252826293961323, 6315086799689761, 3091586220590888, 3301818029766936, 920236858821355, 4599595184141442, 4050287638373796, 5370267737185416, 4460126176495489, 4733450235580781, 4808064290659432, 1231053857552016, 4686943144153165, 5593049632023869, 2251074749936921, 2945518730318018, 5064413292649184, 6373245241835583, 6272452393134507, 2860387755325423, 3792398910184596, 4716553446729957, 3011280640662320, 4803489276064874, 5394029219246185, 4933940934393170, 4697848935887394, 5656053351847273] 
Capacity: 6410148951886331 
Capacity ratio [capacity/sum(weights)]: 0.02875 
Maximum value for profits & weights: 1e+16 
----------------------------------------------------------------------------------------------------------------------------------
Number of qubits: 108 
Profits: [4477898019057806, 5430146974518118, 8376651001598568, 6611813825069339, 1821876753112876, 8602018351146163, 4286599108421421, 4676077511007637, 6229760092337360, 5487492163701835, 7773842997077026, 6602547252467081, 6306654498875383, 1525511832228336, 1858800351611471, 2412286501557278, 7995140705036648, 4519999491232765, 28014146214347, 3716718524201674, 2976283809257293, 9134246678076424, 8621545362420587, 4182910818967880, 3312486055452787, 7289062897098804, 3196712790973218, 1160881340024962, 8420088426241376, 1388127609679679, 1996039284025438, 5115506703769620, 3090376520060016, 9445997073465855, 9569026977832148, 6420636937080372, 3147909500829608, 7985847388103904, 8823788761456191, 7357491729964080, 9848055417509124, 5454331838985697, 513058222140202, 1149287849195768, 8155535020854704, 1731511890855075, 5463380780499652, 8543561321425950, 4163250394957740, 2094419472753373, 5251797292909690, 983900750210495, 1379098303772378, 3600455946370897, 6899138297439875] 
Weights: [5200545462303075, 6853300174382139, 6783587802663905, 1668696863014409, 6785464075215269, 5134561732303334, 4641309283727411, 2888831846686217, 4320440543651002, 2546829829396279, 5134478570987572, 4124695743319416, 2886465580149252, 5979326870174573, 1309481507093189, 5879484773308464, 6162188890084772, 6676342198556031, 6520138283981176, 6411238527182664, 3073769692048241, 4173992650744117, 6160702210235070, 5211222573576755, 2434186736917515, 6794179238547445, 2355597667552880, 4366564314299254, 7088053480323192, 5939116833061920, 6347108987476490, 4830436547111325, 5130351708012904, 4121970131577695, 3587860584444281, 6536508608950443, 4588614674680221, 3528981499488853, 6579172696019355, 4714677674636130, 1846073592358394, 7071038401044508, 2499046314855345, 4355076747672299, 5929994724166900, 2061508568190068, 3630422879765235, 3222194841793363, 5792781032083037, 6603333590117172, 4512554737164885, 2134679766069306, 3331869584666290, 5272175950630649, 4149800284191038] 
Capacity: 7302446254260229 
Capacity ratio [capacity/sum(weights)]: 0.02875 
Maximum value for profits & weights: 1e+16 
----------------------------------------------------------------------------------------------------------------------------------
Number of qubits: 108 
Profits: [8971401034951175, 1848403384321769, 6615217642053369, 8720354677334156, 1305593169705415, 5992230876947935, 5763016482011386, 843631851933367, 6385310804611228, 141366864631986, 4819272232610445, 2743117671676967, 9854582462880168, 3178220708667509, 7511318198568674, 5937598627426695, 456954134661367, 2603010045728244, 5235575489814703, 1900450055778441, 2469536798099863, 86083763275969, 8675044434010030, 6190389247586588, 6586013475586599, 328012802440976, 3829739596671930, 4527716470353148, 4741681169451969, 7613815921608175, 632555622071377, 1284882563628816, 1533112410079308, 9087947975692880, 8569669206067378, 4419584477214886, 9775519052277250, 1099660670785097, 1941619649648140, 690732088661604, 3582937872801620, 3279249889526252, 3479759275843827, 9084272670308312, 1304252824570509, 1535576617238939, 5850660107612292, 7910089902242075, 1812065941686063, 1257996344641271, 4552726040053769, 232884102580429, 8344726644505337, 9865430727768577, 388624202734556] 
Weights: [2218434361682506, 2960748064382302, 4586407322251641, 6444416003014545, 4490265573150946, 3635241055029980, 5899067360056425, 7163027529860368, 6931037708712856, 4912289929256394, 5675393392655794, 7511908771498894, 2871346165399451, 6973028108411052, 6829680214570017, 6532967083591417, 4907059931359283, 7080244852569127, 4941715664976632, 4684294098529549, 7181399274021648, 2845537726573928, 2504070733297198, 5375877628504901, 6525878226383240, 6028554789248819, 6434960780360602, 6508720321985578, 2135853414281033, 6009398639195146, 2549715636914018, 2355095294285630, 4086923041227158, 6450032430898879, 5957217371736240, 3754461735397876, 6059621959596585, 7045510660998689, 2492427920773985, 5160853079667438, 2733356951066902, 541582961621455, 5313952656923143, 2032223078944408, 3384792398231556, 4048678738469424, 3579437136179214, 4710668286241515, 6882414736798278, 7166445389885336, 6544705913965739, 3049935135560192, 3253758034376584, 5006016147830817, 2852926436562107] 
Capacity: 7563939424941689 
Capacity ratio [capacity/sum(weights)]: 0.02875 
Maximum value for profits & weights: 1e+16 
----------------------------------------------------------------------------------------------------------------------------------
Number of qubits: 108 
Profits: [4712752032948414, 2514036550972788, 9633366267824414, 7727837343547836, 666241377557298, 1778253409585002, 1628586853855410, 6722322906394672, 8228644502519488, 3540462981138171, 7180155424316835, 9387296523100500, 1139451832278665, 8194302011572264, 5995862718892868, 3651349006835990, 2627996521483419, 9345314068324207, 3053635077651281, 3535626637407882, 2168293051276899, 3695609592239317, 4820199332054196, 3580972203062579, 3847426755080020, 4860469492303420, 5441928719184825, 495433335856203, 7071523516584618, 4073512595524048, 1798667017522467, 9809205642387687, 408213051359890, 5094101607231400, 1207847423967959, 9461780495023921, 4007669179016579, 5109896863010736, 1965995097866912, 8820100169162230, 1981179695713436, 8821111518837605, 8150597554036473, 3442916564277918, 662683993135141, 9327131593262342, 6659208752604829, 2295214984583267, 6943955028963678, 1454313255456643, 2901716560283674, 7426374201616124, 1065966095214210, 5331623800253304, 4255296047784385] 
Weights: [3548215666357664, 6742111928597528, 2874001374795143, 5918874003557130, 8100849199227341, 5758067434161468, 5000959137815234, 1073050852120601, 6515782151280213, 4969296773993284, 6307381998399549, 3939208709917930, 7951682322952290, 4290015777382368, 7200782595433441, 4316832556213679, 4072456863453729, 7220609892189842, 1399626223333530, 7870484524717995, 8140977676663146, 6938959634390276, 8310633299009173, 6523244666148416, 7071690089797675, 5313117303202647, 7697330347016935, 2920627723556821, 3198878687445942, 6080298626405234, 5756305471916309, 7303279543554277, 2733409547210117, 3135137051740498, 5066263431591931, 4369406096954457, 5693984174662981, 4611714478099825, 4997411534040042, 3966161241171278, 7987249037492572, 4628168605095596, 5136970729424248, 6228580277935705, 3724226615086823, 4788177874877631, 3500960088081453, 6761412288660021, 7389313984064379, 7242173857997133, 4496447041726087, 4175286917798048, 7257998454207032, 6251746859121334, 5326149931847837] 
Capacity: 8467890078347324 
Capacity ratio [capacity/sum(weights)]: 0.02875 
Maximum value for profits & weights: 1e+16 
