Number of qubits: 120 
Profits: [427208874751244647, 155687741820708649, 621921071159891536, 144644325130795227, 632952110465408278, 988082446255440953, 667321264198754283, 720024106963052460, 708180575718699624, 186166124636751967, 5176269758666449, 526707716598998116, 630511552781171200, 8946992289810447, 928266620912880101, 194706411361887387, 314156880770890555, 341025812097060193, 534298867716531035, 44152942255611810, 855687950724163519, 207921359374502944, 539065980208510413, 779032532575553602, 835720530146666066, 929087047251161231, 471331145812714946, 899264765778839303, 328145234850305201, 948531431017147266, 196433515899864189, 905946434641654972, 533122256157460279, 905745186463500560, 466100687082626198, 512559463592744160, 151018624752008584, 241266170459795398, 271828442475622200, 593385533241948968, 997374971863641494, 157525972997514609, 917313223822743973, 40960732696495154, 94308462185408746, 209204785633777755, 998520380481758115, 136737061452304275, 16642943426096181, 885341168768811591, 528854465224862044, 938622001258453670, 559146220607986164, 95963736767205667, 268855088570222502, 55723893780605012, 864990190212424812, 134993051488492232, 123173748667653775, 887590009639697120] 
Weights: [271773329342532663, 572404545704664149, 655209467075886741, 647988894625749171, 573655792456502956, 573432808987386412, 627130181734241323, 473914477664320811, 244344244426947351, 539605414537006990, 242306587831195214, 565786950249166561, 617477497838044441, 365035310177054446, 367184269666456169, 336476612610082548, 405411221721009528, 379945120339553543, 457889063770227850, 508803541992120929, 496494650730372986, 435365775196419368, 384630499867928093, 374175039066870428, 455815474386821827, 491087297224282248, 523329721866972151, 495421511014272559, 378600156023810011, 359231703772174518, 282277680362151245, 541810636526241802, 381907478401483720, 591057154522195268, 372838491609367745, 626206349418760982, 650081244325464641, 434395157294722869, 663503171436345893, 358727389252894123, 503272349879952512, 102240717404081690, 329973923975513689, 558665766214748428, 391618379498431179, 377764315406146792, 327190446077614192, 505828289778649304, 374816187569451476, 477476852627021963, 577637419775973316, 515044652004016788, 178940878295460615, 450696542392248739, 624834108401236826, 307583290487913797, 283773807962066993, 357219932722521925, 662245153557740841, 376820170921386449] 
Capacity: 665794266626474240 
Capacity ratio [capacity/sum(weights)]: 0.025 
Maximum value for profits & weights: 1e+18 
--------------------------------------------------------------------------------------------------------------------------------------------
Number of qubits: 120 
Profits: [128044300938258737, 344795798638058807, 84038458062002510, 708628247737890750, 919600315180903667, 617642580948906047, 864041187751302679, 601422599390517986, 846210497290211783, 505065003288337456, 480983249189027632, 338585476930473989, 832681615815002285, 66821297311342058, 535132005331444630, 311193506216270825, 330934273917268289, 317760975531963170, 936603112324857767, 916486194551237679, 374830806497183249, 842969786204951820, 336328763165079173, 46088776856288151, 25831544437222039, 300670064913182962, 510292813704840552, 708028898271890762, 551275550028990317, 688813106820211372, 576426820718534552, 760927768526402791, 686012515816333421, 605494056425240665, 791512653310608425, 180565922302758324, 212677339284579829, 717241935995113072, 988114214654826279, 653683230349089760, 161978749265015677, 291949543549750683, 33758878416445892, 134750093792415873, 233351577078325378, 405098354849131109, 709482261220756878, 609026338809970777, 601072093154223609, 151881778525448454, 916280483223909637, 118125939894361052, 319795935394406858, 131344346683487410, 538777691492271656, 20581915309771225, 458875636178425363, 950555269435003680, 507288656610517145, 585011927750914903] 
Weights: [651828820409446574, 461833252842896079, 692611070347100892, 354656723644200844, 536810192820442524, 752581750982112988, 774083704487240137, 230685554317954946, 593030751025017316, 580123248155083017, 662084369334591812, 581222444925781695, 717753961314983660, 750368804763759890, 614045011963938246, 315671200548289392, 645719853012618349, 678562719161079694, 115794528384939897, 466341849781391053, 672338484383002914, 489818601419232503, 619467746760683481, 399734741859048779, 200329309749745994, 260955120817621711, 403152650591061475, 465155905471027387, 224251789371313947, 357018181231979201, 684083314389612611, 593267115829139789, 627971761498636391, 490364024321717251, 742210196091202921, 702566840848670404, 542756663479066288, 488850646143308027, 737921301072018750, 775083539086520981, 286981006991083157, 322217588617852102, 655485268978018181, 772011294554733844, 313856706168126637, 414348948795209313, 280361768176242045, 647923788141845391, 733865207075132259, 694407933136845879, 106786517257230934, 638807847904482628, 493023093343843611, 741640884318306346, 387230233841911624, 490445350301278192, 761235033161400179, 469315402028915194, 449924181815001118, 497329867692220266] 
Capacity: 782957889928866560 
Capacity ratio [capacity/sum(weights)]: 0.025 
Maximum value for profits & weights: 1e+18 
--------------------------------------------------------------------------------------------------------------------------------------------
Number of qubits: 120 
Profits: [275630973148925139, 749034512611000138, 361920059582846119, 756716119048193513, 426403679836581792, 677675427400053140, 705568851412432801, 348524047423029229, 499672785266514118, 847132682868141380, 509306166633086127, 40825849483678453, 500739445869298652, 921903445611286617, 667590640204667200, 270779197228135392, 618524722005425419, 711729530476809576, 63350932352429342, 127730460964778100, 543827117430841372, 571668959229020365, 311611679418975630, 164606537381564494, 207432862577581361, 159724881525013576, 415638464197626781, 426269397538034353, 36431544416783996, 868360906985836126, 634028476245101326, 153971324720162555, 371810602135139655, 875086595674517652, 970977843064144147, 459029481981398117, 858154155231996098, 218556148826719151, 543355245807877665, 593174959645985895, 536139977939312234, 494061004784279029, 98749408375736532, 575489798737276243, 80652054124985776, 616431590462213711, 853732227194279253, 505785136415787463, 815495609777169301, 236124362243898200, 427688087855020872, 795588480371518028, 131493676355039949, 341314488899430472, 147879832609772389, 37656163622156347, 58612525009378432, 111823395809735016, 896693723323787151, 754583379073101525] 
Weights: [502112877009987224, 543715787067192076, 607575649280295907, 496265507251551090, 309086489517639110, 338717084684346868, 499168882775222732, 617125207150477641, 206411809402270499, 619863905039648857, 678539418608552956, 547726770332935866, 638836274240525706, 703437404504988937, 483320534255144572, 456783974086011617, 583713766454408308, 511085343325967508, 712945288884996036, 255398944599304772, 614132091553654592, 714973792731990997, 638504468985157581, 383837301948151389, 641597733607432868, 529775003540919430, 433098674803531004, 536459584977926047, 450571093047011391, 355408970730252987, 438706655559958742, 425915286344790584, 515794158219942798, 448587334641990285, 501041252164142139, 400677904072079326, 663836229381834073, 146096471352129301, 565859835973153038, 490238839359534017, 666704115042620457, 513184825495380668, 288838433309121912, 240783354717292459, 435494817383406683, 446408437364337271, 567404855472605743, 193156909164591028, 324014017819806610, 320491958206269978, 517599107094159072, 430489028260975492, 566769672416953479, 571950745190895034, 672859781120085536, 488918707240566875, 657454662830745991, 260009208570526383, 652395711082036400, 514739979102030276] 
Capacity: 725751898921966592 
Capacity ratio [capacity/sum(weights)]: 0.025 
Maximum value for profits & weights: 1e+18 
--------------------------------------------------------------------------------------------------------------------------------------------
Number of qubits: 120 
Profits: [714854956767846265, 841989170697575818, 464265816646338953, 208846161345584976, 855085520107660594, 104994234959151489, 669967730478633963, 585961184177119137, 717930862256584228, 986379021302018467, 344698532805501884, 594078572309218625, 268392731062371241, 542733971231863621, 533296654484906089, 191988477105483658, 824368811078669695, 840474292794432988, 393606517466290752, 193171287680823638, 809530891921145401, 679734675311387314, 72916237600864295, 52438725336530727, 177103387696761163, 716619023209087436, 802970348416624772, 136132934465012555, 22963938772509632, 851608830851036777, 321488384716829116, 745442040730992473, 307353007423516242, 459044809532083848, 466281509178912945, 136805197587452337, 437705870288802497, 896465614275889792, 52066123484522491, 738501066898450499, 8592493796705584, 40631690863912097, 135068987773409067, 268537022622487395, 301552621387032135, 983316237638285681, 250668801862391676, 832284491641807708, 268134734315473616, 927917607272041178, 935788298327757993, 125048731702698503, 456522716578035174, 684725487847632188, 38756198508334320, 357248902864257596, 18005745335027220, 677039070907594073, 658622848930366006, 995802232001885661] 
Weights: [311271952155261088, 628162652857209630, 511330459852079599, 587145910432461276, 183472322910266340, 626850289769614826, 410910114153123147, 537316118557370585, 553768107443977804, 682676187448420406, 368946229089161484, 438968924740809339, 738434962582184809, 300629495266419986, 542242729220254318, 315632594682939819, 464522898381215138, 327151307621793004, 331091745488133132, 539653559250815764, 373348420731788275, 390915808494766755, 598055727731622195, 368627242186340500, 206474742432310744, 577804798230349143, 241726512668586573, 657574185753443041, 650586741090709410, 419257625912974014, 566700874596298266, 622226782978101187, 290717475780702747, 661096386551452267, 488269900271638392, 718016807451393704, 571505988582095439, 667624531398810296, 488006518800896630, 513250520504542084, 89252686865691968, 583205593578528023, 461894597054940162, 675869195146857219, 491712324996129898, 557120481175413009, 484410848316449453, 725652212674148993, 495826599985977940, 404413138845859310, 715977226360222405, 486138626047495896, 731136365747772094, 495881334288212396, 682363346559568853, 525838622445553904, 640845191103680737, 656486546164432034, 402004338690523288, 550682383540505109] 
Capacity: 744696394501676288 
Capacity ratio [capacity/sum(weights)]: 0.025 
Maximum value for profits & weights: 1e+18 
--------------------------------------------------------------------------------------------------------------------------------------------
Number of qubits: 120 
Profits: [52981923511648808, 885141633171138018, 113827226440811379, 273135398098171682, 837394074665887304, 287156763504328874, 779225452014180061, 94376214502115282, 270362122494727257, 335545868762220943, 616366351549069286, 797736786173890567, 904207026354932297, 166812568132248162, 866404745095723140, 30867225861522744, 93096241270282834, 719710233131420971, 879907305717316299, 17094060495394141, 650740300925212623, 659125388640519507, 894920926579922240, 322195849680282783, 10335532199665829, 439739858681397177, 870100027714491427, 922088680255882436, 619826351391027199, 22032431826979234, 868188271957659353, 961967920240263292, 63549022631288786, 784281642765609377, 841334482813824915, 212998530147995470, 606157375639343549, 6805430910572947, 195435299480163160, 575671207625280666, 432819270325705003, 773346839608859716, 909571868974987133, 825759040647069710, 747834201552427672, 125197139151789910, 913998930819813113, 184452080920656060, 550761210503021912, 408358167551267019, 941935745947425605, 802253899934715853, 840891530190200154, 506316403804357943, 723715209778734313, 275840634189032930, 39046589146139455, 475386397428894824, 619668384255512890, 960538559564804287] 
Weights: [688019139476247499, 636984835984257577, 669701187448103420, 527218329754449040, 280438346940692569, 675470815297152925, 281740018496580534, 714539914644043391, 576650028766067257, 455361459705049175, 578331259686677339, 523921115932433462, 555088626098087869, 267670910856202967, 682585508671697477, 572301966313024386, 463375935899819309, 369241775558763442, 660602357518657213, 528369029623199062, 519369186905104641, 510051171478216634, 515701639939644064, 644399383512781752, 433435259757257766, 158369867212294605, 399296573720058957, 319660875788679482, 498582481317352839, 716149171194741202, 558102304712003145, 586813753381351887, 562362779833002841, 378265047584647540, 363721354922109480, 437679960962590585, 559236381117018766, 458009383852231131, 259401991801969631, 650245969249520271, 716827172363149702, 332333571536933942, 326932306821538594, 166121619103298565, 387808949664239551, 632905197408059005, 717128437317112197, 582963164582969377, 184418842907342277, 320200743393770723, 307658783532186015, 610221038416584221, 667950144901503100, 236089455446718468, 441459239191028986, 534046724963629525, 336178898707517842, 531694363554466206, 437447695699903135, 613007251440559697] 
Capacity: 717832562606932096 
Capacity ratio [capacity/sum(weights)]: 0.025 
Maximum value for profits & weights: 1e+18 
--------------------------------------------------------------------------------------------------------------------------------------------
Number of qubits: 120 
Profits: [131860122788191495, 810027060540089640, 481116821258457831, 780097891342306995, 371462422410107103, 741378664931862933, 734794588746503152, 656057422417361072, 690171610775039110, 950347642398432595, 272726124385013935, 770189363838149571, 202282004080427268, 425775902227241637, 436329667137769747, 316110699874076378, 309604329699825596, 998190069521329886, 729234469031478198, 779947166504889507, 46022149152562152, 881130429065878810, 508342790753688840, 768142332223424102, 982442141296327737, 866873008126977912, 555620115720073443, 281457109607370576, 818732441873858452, 523944289084714291, 505571270913143299, 245381923035472943, 158905942724809993, 675889414948203143, 285279772103775059, 640500521147415104, 222969426602806971, 3310029874111612, 277394594980812002, 798677190044719763, 431082063049663184, 607122685052472399, 307058466430622616, 522759658548429188, 303226571992794972, 141509666046256696, 818902309364378251, 127556531056722447, 97394465202189809, 368843987256175016, 18174367033001850, 90463426687918169, 499644129852185323, 424869333489740421, 527077900730687627, 480970536378101159, 508029457988629868, 118573798918433292, 885579316537272438, 64757120777747357] 
Weights: [640325506589798332, 660071208400583997, 517474946297385544, 661755255005409845, 365852187241114015, 275473060867279112, 509940135787118631, 253026554749810434, 485479776801590560, 722450691436835169, 692901231934158430, 706705219082542163, 525593592807471952, 448914314633646046, 530035601060940219, 664256293377222267, 772342994320905583, 621704911692809196, 422217807453446596, 472534241630722011, 685246029828888829, 488963983125785629, 526369750398173641, 645526342486045564, 287632287105998870, 608428568249616337, 769287762937393076, 451572975403274211, 410140493007077216, 668014245672857060, 379332950601521960, 364045510880510476, 382433503037308099, 749688795340782919, 651410634608464057, 601212814483605176, 348941960835300664, 615760859437595863, 297062867633257518, 341818354942847226, 358795749130594926, 707815617178900736, 562810945775444196, 602069932839578197, 773862001034020181, 705685148829697554, 203746739108330795, 454249611798929219, 448479935483951614, 440572007417440620, 514282288287039602, 195139653827204392, 500867125871613358, 782313823890085682, 505946201172153957, 160828731232745207, 706194705972112651, 753813999325623860, 777723275840364495, 112541877737703921] 
Capacity: 785056856480721536 
Capacity ratio [capacity/sum(weights)]: 0.025 
Maximum value for profits & weights: 1e+18 
--------------------------------------------------------------------------------------------------------------------------------------------
Number of qubits: 120 
Profits: [950232654269338931, 344160014695854237, 511551358561813900, 897266919871520983, 174216426641216104, 617249492724959247, 878190516708071645, 950555371958542049, 111759824586195139, 669603365896313510, 305948419576959587, 713869365191947654, 574639197527644755, 787610703028522012, 690505094319117847, 710343517042776712, 821812571652544716, 639805094461185145, 693962019621484583, 180304544235823940, 571724101491300076, 12506810918434422, 306130003646937688, 451285991054261026, 880302161208695606, 23672254673405355, 564135019785794007, 503240371291009277, 360447152901549340, 654524379241908872, 314950982235028799, 434468533980331137, 408892695205510050, 535112417541089823, 428176729873912193, 316409743364564177, 280324792393648552, 762245154676975060, 743179562139152329, 633721471350876344, 22425380115071217, 115683920072229354, 326023294247369727, 254057874229370473, 959822055925226827, 301125839385911925, 8674903358232122, 322800766063746526, 36222810906012136, 224233050942941577, 652485134066638157, 389657777131361294, 737839451818707800, 204698378780956742, 734998351450762773, 8922550720507222, 929487323348124163, 980553125956036887, 875730002732918643, 443064281023586482] 
Weights: [440122897270605030, 592284113542048226, 720582207185153556, 591261438005493571, 437640423479475074, 521154563578795915, 617653183628396979, 405476139212257917, 694994763698480216, 608834981101878646, 379725080265285484, 711039427994518796, 570441053249463422, 493261786030483922, 122601974890610154, 609236347682292631, 761538216658624278, 492758283616885795, 612505222476477459, 723914338302918128, 661598513445382715, 420731268898339891, 718987518769858198, 125174155410444720, 557398949542319126, 616038892918059074, 595241144269715449, 459988833805580617, 430955870761694118, 576887428873119381, 587745040981857420, 636566485894741819, 181591377658464381, 425958076992159343, 484809434709926586, 230623711386386646, 169368525693018588, 551690318606183550, 625237293637466454, 656264187720926684, 599832194939855836, 115621088766209509, 417887567860402136, 634907059224749509, 516650483204475321, 755033392383456699, 527498125066878866, 578291848282054024, 357889558306748274, 479121347645488853, 415328794214214207, 760373687692833608, 629575619986781817, 625719548415670209, 655493319409309924, 636178705772798815, 157108944858090458, 539791068826870189, 403269379209808457, 401003035624370286] 
Capacity: 765871182618200448 
Capacity ratio [capacity/sum(weights)]: 0.025 
Maximum value for profits & weights: 1e+18 
--------------------------------------------------------------------------------------------------------------------------------------------
Number of qubits: 120 
Profits: [506696621955469875, 141340103609966430, 109635135914437796, 123580542132030363, 916504913763225275, 991193787458895304, 135423043657093559, 793817922439445829, 368648632301729043, 994835499944310209, 580679358652711025, 934825101742851790, 924405803349841947, 811887703867913401, 910548588239393461, 602885077659956972, 776764410707058973, 322334193288949423, 773438181132065450, 772706989227652222, 662952566836859898, 343692920718349022, 238863459227710945, 280986144327611936, 79429292161819614, 348281160951690882, 3890034423766216, 389726146043976880, 905715637729359318, 533773460926190978, 830873801664424664, 673905061828372875, 267433684265717721, 187945387934466464, 18801618688291426, 634314545921265308, 717312446041861538, 74846152051596295, 227210880352943929, 424230887556270552, 23108158148441999, 300437374145480990, 828401063018708798, 418186832618667568, 873456596981275978, 196231852956464379, 410081245700022854, 51689459727569045, 376217182592023418, 343041985861034768, 352415583858545308, 130497105813078497, 675485640767766148, 196492116651767835, 393841081158010370, 85448046837059749, 243975209289643563, 982326588095516745, 701991236754361988, 163102461267902116] 
Weights: [697318543469847524, 584188061705717974, 633211235557746970, 641555230354232100, 704880828477649513, 568574539786956209, 424125805856090692, 623377229631577214, 329071926702565311, 387490491129999666, 155165535098130558, 543456209491433927, 410196265159376658, 524994587116323264, 611391556198351393, 730286526111370973, 718897743037210876, 366802078061850416, 716898830879681896, 620776096086194642, 668619484613747194, 477425475972890447, 628420954013085583, 255475821195683434, 766218837227767041, 438503748314267111, 666823779828743402, 516567505632614756, 306331462593248937, 259218584265656926, 721145350809023441, 356540326058522049, 651347080705931968, 590522614864697850, 622821570751867985, 470396310888745431, 673371700938608321, 383081753049059990, 550469505483534686, 444147203138832202, 446733268746327647, 435470134658616917, 452068522890416151, 681285244247721072, 371956561025152811, 520425620343131391, 450266911849119428, 703456722942709156, 252730872070245989, 350810730832624617, 737219272786406292, 428782960564389876, 751384119401105717, 694550785112750131, 334602479940052446, 475693804560348952, 734755894901716778, 542754584667780049, 605160986460314355, 780558543901719834] 
Capacity: 785322229474769920 
Capacity ratio [capacity/sum(weights)]: 0.025 
Maximum value for profits & weights: 1e+18 
--------------------------------------------------------------------------------------------------------------------------------------------
Number of qubits: 120 
Profits: [323533618375891113, 948133305879110495, 1035154996406456, 446615479926558620, 523381254844814735, 90282308914131068, 798772867517238340, 500196419745108635, 839339714133902809, 420623463884371530, 386661557276879574, 646611912161897836, 696602478832498699, 675336067745058893, 886632490687922611, 657886450342605881, 772679936231757165, 765276632372015633, 884133433942562849, 117701305685650678, 915871978056859464, 800260458934828139, 186676429750215436, 756590455426760466, 755723217487640640, 719737885937221637, 57128265129921964, 239227733063186754, 221498581236498380, 64726961813602071, 330155731915054666, 509758245112853883, 492279483482191660, 453010041701898270, 336372601172382285, 132205044120611423, 657341661767939964, 992693401303196643, 635412155380333793, 803020156277463696, 477583800600746222, 94351794474465109, 597678340536174095, 892776135115743146, 289753622907334549, 746179623633027900, 596445622227899040, 685281967063139664, 964421872360079198, 591368162314056667, 233020092338422487, 80269426707632054, 897664417357293067, 534706910323221233, 729450417707624610, 570661732616560551, 879298347833729506, 855256148796229145, 745852476272918800, 131475949030014899] 
Weights: [434123644067972554, 630542417532560294, 445246113597024582, 139387551433838241, 415542437634441533, 235756162270327826, 247124461266986438, 530910078260811749, 162338966524724020, 476732644031060553, 472410854776755788, 680368248449079323, 520756448740996700, 442111521251354595, 395179770517364809, 240695935512038111, 426784554921267716, 543341270927670801, 659046288173953244, 280928170378064216, 337423357458363990, 562911923893823387, 189683854966791930, 498715073577056461, 606532095096607050, 496852578894801513, 525343209354979409, 438002411315277301, 436966504362240319, 441615950367024558, 301023120635961974, 628223254955565525, 477409286656964666, 663663908076429919, 636968711791628915, 496584555055503704, 626895949095063119, 432794301967932851, 504465126581204614, 422524014248119358, 306417639442146581, 438227330691461254, 497674151187668388, 659098341662309089, 314935613494858945, 463127060141024292, 460376031098316874, 575908820132086566, 520827058624548730, 312419733154396417, 484035973973792212, 567349939378888413, 621181721657336693, 649531407750313641, 269977454946133211, 682898002027233709, 346316307260583935, 407140134210656967, 628172934437850670, 622708620740433121] 
Capacity: 682906674866309760 
Capacity ratio [capacity/sum(weights)]: 0.025 
Maximum value for profits & weights: 1e+18 
--------------------------------------------------------------------------------------------------------------------------------------------
Number of qubits: 120 
Profits: [297262567835988967, 951569803707264367, 588390232369567686, 70736106704456470, 139742886233158990, 358837331243581997, 940560024713956087, 988630126997743949, 880775928256170681, 64793719788066565, 318859724679251573, 613695808389909931, 938107308905393936, 62736848326068525, 28914079985256439, 532511956263988566, 566623725942194297, 968043673452832630, 594355009516119543, 500098744180135846, 767133456035495382, 47008107650592861, 733364588421568834, 552999806528024858, 283388557177455218, 278300934581303006, 550007359318388117, 930769038883521366, 562427200880817509, 844006820209229516, 853360453840235192, 642852831257603237, 53544598898983502, 147211792642959289, 207893920662977251, 210311645070984512, 889641970580064829, 612437454408475143, 945371160529733077, 795383112778800300, 120171697006391019, 619608462280746459, 357999113088907988, 398778620482823061, 246632688847860212, 485553489221387591, 871378431894889734, 595504965844200582, 262146352431553726, 50072902065748429, 891751182390282849, 12373560092069356, 211239652470698274, 475991676624851774, 863760794282798029, 466247975194133863, 179157529576171388, 802034596361519620, 650267473865332412, 640168807907207936] 
Weights: [374909971647218198, 694610300785540585, 505092178181435393, 767995739303650858, 407064266074392219, 682614746365555569, 326137811796415954, 549387494357227944, 548946248690219275, 530509261656627006, 739744861822851268, 671387204172338299, 521049256148554020, 472670144558505226, 505129687747135427, 577830676081822317, 523677744206878358, 767073610990591217, 576041503768745101, 688382802533808614, 684232968787310254, 223217032259385113, 240846236578814371, 741437019539541520, 650679410791552559, 306202888584832199, 290624245346279528, 522672934350574443, 275993758056916560, 364510349016217230, 411965192185320604, 262307608101353492, 633285520195697492, 495686568769115126, 753043610358233562, 543445100730451123, 189161925201420334, 628498279493561616, 730457591266672952, 437297279276887597, 486287680415226406, 228102043720701546, 624106173753281524, 769687476772376802, 758713853274987152, 581902437296671228, 638580825541773897, 723733995749380669, 595266621942615925, 737155761116536557, 669643561888424644, 279341713471965001, 310186104216051022, 542299874736681485, 507770506484669392, 122007257800033909, 486745072656856664, 462779955221848721, 507085403453907400, 249587957670082604] 
Capacity: 771230847531283200 
Capacity ratio [capacity/sum(weights)]: 0.025 
Maximum value for profits & weights: 1e+18 
