Number of qubits: 69 
Profits: [6319410737, 9822742342, 5433168243, 3563094982, 3461941287, 675119994, 2261255928, 958614116, 667109612, 2534571931, 6984230551, 4137854575, 7788032744, 5871344054, 8735049199, 1013717008, 2503989664, 5889223022, 4146979281, 6976172449, 5793065679, 1531495569, 9504110141, 9938977897, 4585817515, 5090473043, 334217510, 5886845609, 8650037158, 2227655793, 745031106, 8163779654, 7292964288, 6450180182, 193657910] 
Weights: [8464789866, 3669327786, 2939506848, 3665781092, 6530687917, 6120823183, 5297654252, 5231279727, 7335889495, 4370231765, 6992374423, 6138535780, 8751804165, 3124236143, 6603158015, 7341332286, 3613425515, 4975932825, 5453526037, 5629958885, 5285616543, 4154559061, 7098968354, 4760153383, 5299963803, 7173356401, 1750030503, 4255003951, 7664115021, 4724635944, 364559811, 4057891777, 4066388638, 6302945527, 8442781083] 
Capacity: 8973561152 
Capacity ratio [capacity/sum(weights)]: 0.05 
Maximum value for profits & weights: 10000000000.0 
------------------------------------------------------------------------------------------
Number of qubits: 69 
Profits: [7430756803, 8840059326, 669866845, 1831608369, 6656142275, 516962178, 1682174067, 261765865, 9987784489, 3804099681, 209294881, 3495866445, 1675985217, 5125680156, 44807778, 8652793194, 7231658199, 9143006185, 9909118873, 8953714972, 5155590548, 9715058777, 1379899514, 6573906670, 9828943723, 8872259314, 8113583667, 9951124639, 2314479142, 103580167, 678582164, 11731923, 8141885064, 3731823408, 3282649410] 
Weights: [5346892176, 5915197701, 7541152748, 1705787317, 2684003002, 8386690736, 6093250949, 2094107773, 5580285831, 4004149676, 3358877325, 4593908281, 4612776024, 6467566861, 8370133490, 8421761764, 3561723851, 5633694371, 6272559197, 4455284966, 5647021166, 6773612682, 5357168411, 7130803248, 7754602475, 7040580681, 6403050162, 6826124076, 4046908718, 5523649263, 5154030013, 8936493728, 3665876272, 2385700764, 4988209764] 
Capacity: 9393017566 
Capacity ratio [capacity/sum(weights)]: 0.05 
Maximum value for profits & weights: 10000000000.0 
------------------------------------------------------------------------------------------
Number of qubits: 69 
Profits: [3206494336, 569230287, 8232682017, 2237729448, 8885964934, 2389150673, 6802273958, 5679097254, 7397394308, 5780628766, 5723096534, 7787497244, 8555348442, 4035555355, 6969720551, 1067969312, 6524895608, 1518966103, 5679614856, 4264034306, 8131368694, 5206350962, 6450367907, 3569542893, 9065453034, 8218327038, 4718612850, 4290313222, 5102450018, 814060567, 5948406398, 3001469782, 1928643111, 3300223414, 4359172715] 
Weights: [6070143993, 6950646835, 6487427792, 5559347036, 4752594054, 4252960023, 8773368471, 4893982957, 4280188727, 7543058283, 5461493367, 2829563702, 2894342367, 2875564955, 4133621229, 6401230946, 7251251618, 3501163738, 8100923305, 5841020157, 3238482518, 3131433382, 4188718609, 6206656394, 4637240725, 1796255192, 5753836091, 3989670433, 8325057630, 6340848246, 5185303353, 6119904636, 3162850948, 7857904846, 5570641432] 
Capacity: 8947959155 
Capacity ratio [capacity/sum(weights)]: 0.05 
Maximum value for profits & weights: 10000000000.0 
------------------------------------------------------------------------------------------
Number of qubits: 69 
Profits: [214767356, 3081024346, 4145802040, 8495253171, 248026840, 8010349928, 4281889581, 846619364, 1882914241, 321330755, 2329397546, 3217672656, 902667, 9969312758, 483415230, 1031944186, 2972220490, 7837631749, 2275644613, 5560397715, 8536631661, 6768874152, 248147962, 3021858745, 2816850929, 5777740101, 213020555, 2198435067, 183770846, 1571883329, 6598538383, 7270492651, 2640611777, 1921360354, 1749383561] 
Weights: [8767285138, 9232479562, 1750009793, 8180297205, 7229583475, 291395516, 6233475413, 4637514989, 5037676779, 4060775214, 7027187736, 8360925580, 3482186766, 7467525304, 8346620024, 1114986138, 6243992871, 6809892807, 8035884852, 7346119811, 3623738761, 5008853952, 2989196106, 8330144794, 4961494877, 670607835, 4860979547, 4724297928, 6146644242, 6696171303, 4955170831, 187655598, 9004468004, 4287706013, 5573284282] 
Capacity: 9313580168 
Capacity ratio [capacity/sum(weights)]: 0.05 
Maximum value for profits & weights: 10000000000.0 
------------------------------------------------------------------------------------------
Number of qubits: 69 
Profits: [9068714697, 3445126143, 846168218, 5420614090, 773365636, 5585331168, 6873378612, 208722892, 2846674000, 4451338975, 8575896238, 7439787341, 7093622819, 5391671839, 7888013530, 7755268043, 4326548805, 4600501287, 1917850010, 1933110980, 3252218653, 1921601684, 7679531033, 6065709081, 8121336696, 3988081582, 307680999, 7270746243, 1534692380, 8027888741, 7919832731, 3005511207, 6596708396, 5975589568, 9528142590] 
Weights: [4673206820, 6785362352, 3361253115, 6833368453, 8042644146, 2396819397, 4476887740, 2587825208, 8836031669, 3672025762, 4024857851, 6581023719, 3621188018, 6593899482, 7216549078, 7321887184, 7403857021, 6913668551, 4292176162, 8409589587, 6273856757, 5617891353, 3628878455, 7208395706, 3545337872, 7739216873, 4187270172, 4558634942, 7985388480, 2501974473, 3196797322, 3164829975, 4157471175, 3681508951, 8257002085] 
Capacity: 9079137956 
Capacity ratio [capacity/sum(weights)]: 0.05 
Maximum value for profits & weights: 10000000000.0 
------------------------------------------------------------------------------------------
Number of qubits: 69 
Profits: [8583914693, 9360395695, 5325195279, 1695254454, 7431016020, 5988777394, 6009226721, 5975245184, 4814922448, 1690767393, 8750545936, 9488434527, 3425915061, 4193205827, 9428954756, 508449691, 9896023478, 8610793344, 2014170630, 5040477264, 1452303622, 8389509383, 3596713091, 6623157767, 1102098061, 4590431791, 572371051, 8600212500, 400549593, 9073653833, 8208498605, 723033592, 5538162003, 8887744268, 8444168720] 
Weights: [3215661168, 3667536736, 5141689807, 8006768834, 3018715107, 2812329857, 7019596812, 688627622, 8333139259, 5770081081, 7812105833, 6226285440, 7697606027, 9453822979, 5064576475, 4606180524, 3763297496, 7640834004, 7037398508, 8154204463, 7789809167, 8878747183, 7757142449, 6984366492, 8491383958, 2694314906, 8033315039, 3712407907, 9747991556, 3060870105, 2896981274, 4999809178, 3503339368, 3102084672, 307273019] 
Capacity: 9849976705 
Capacity ratio [capacity/sum(weights)]: 0.05 
Maximum value for profits & weights: 10000000000.0 
------------------------------------------------------------------------------------------
Number of qubits: 68 
Profits: [5440112142, 1303041900, 7546111538, 7226095540, 6282317705, 3682458986, 9271506733, 7222121537, 4430216497, 7243046974, 2035455965, 8709781455, 5587175735, 129669170, 5237778014, 8392908849, 8600615364, 7206405018, 917955959, 2997388497, 2584676809, 7845949319, 2340759991, 3976534178, 8804027946, 1063664582, 9444481929, 9084899360, 1421549766, 4942554402, 5898266298, 628643365, 1046507382, 694830143, 1098474390] 
Weights: [7060616196, 6331043144, 3914681081, 5904993165, 4768433909, 5870951933, 5799960978, 4419724964, 3743393011, 2260270942, 4727559465, 2768481904, 6523111618, 3012040877, 2557725264, 6669536704, 6077324930, 7750176715, 4497467609, 5389077872, 3171578979, 2517234652, 5927935107, 5759175867, 5458164860, 4153231360, 4624793853, 3067526491, 3905086151, 3202599369, 5986003296, 4455222331, 2646034700, 2376030415, 7080510373] 
Capacity: 7871740885 
Capacity ratio [capacity/sum(weights)]: 0.05 
Maximum value for profits & weights: 10000000000.0 
------------------------------------------------------------------------------------------
Number of qubits: 68 
Profits: [836205350, 1790359752, 2859191705, 9543047921, 3394789117, 8196405217, 554204934, 555885702, 9476542073, 7393059375, 9599961546, 4140841682, 2856720456, 9028720344, 4406941247, 1163643270, 5305499691, 3203038857, 5006545971, 5676515457, 3543135448, 9521938146, 7678264443, 8828531346, 5075066787, 6982641225, 3805928611, 7752135465, 5671328889, 9881371000, 9809599475, 2728217948, 4333228795, 7908148553, 8113531958] 
Weights: [4893494088, 5525551751, 4615046030, 3778596169, 7004133645, 3619354487, 2830202322, 5196776437, 2796655564, 4800439986, 4837289965, 5940316433, 2540275345, 3338551476, 4144394082, 5814440850, 7324242592, 2500413093, 3048447323, 3629473420, 4614132927, 5452712693, 4293083415, 7725750165, 3995233650, 5353569301, 4752890923, 3718434764, 1316503085, 7538523463, 7163700620, 3539615553, 5934626782, 5346938814, 4330047894] 
Capacity: 7951006931 
Capacity ratio [capacity/sum(weights)]: 0.05 
Maximum value for profits & weights: 10000000000.0 
------------------------------------------------------------------------------------------
Number of qubits: 69 
Profits: [7849976485, 7097438316, 1229523501, 6478355151, 9544375942, 5153441105, 3272414546, 9239238529, 3976331413, 5363759023, 8427058323, 3021277981, 9846834536, 3774145368, 2238548601, 5975203976, 3662792047, 7185580262, 5852800136, 9223896505, 9968872692, 4363913973, 9068978666, 3946289267, 3722892904, 5481334520, 3161461055, 2948973320, 7707298676, 7763888753, 7851632750, 4228545103, 64723675, 5056014224, 3605937899] 
Weights: [3516569349, 8471818727, 3865134828, 8058453284, 5449129134, 7964070087, 5043441834, 2587134188, 3331797841, 5092215171, 2529448841, 8723856060, 5707704807, 5791972324, 6571070488, 4791575369, 6979633616, 5120377360, 4809491814, 7477159537, 3750547078, 6773699775, 3361112045, 3282074759, 3249847450, 8488295060, 897037444, 5019293479, 3304525782, 8484790882, 3496833303, 7090897205, 2971663698, 5011449223, 4245771020] 
Capacity: 8885532822 
Capacity ratio [capacity/sum(weights)]: 0.05 
Maximum value for profits & weights: 10000000000.0 
------------------------------------------------------------------------------------------
Number of qubits: 69 
Profits: [9585923750, 4965041076, 8053438671, 2882950593, 4817477832, 7594644908, 2095616527, 6483267946, 1382864879, 8348755695, 2680857636, 6712288190, 7362082947, 2960053504, 9217731297, 1070228512, 9443427125, 9877300846, 945838117, 2475759967, 1538493491, 9985911712, 2084190384, 5510039828, 4486418376, 1293920661, 5629493844, 6780248536, 4922937635, 6891686034, 1533371025, 788816665, 8615999853, 5865865348, 1734260079] 
Weights: [4609555792, 5648498049, 4015562016, 5812152602, 6599117352, 3833501761, 5007858055, 8524222585, 7032807183, 9086366619, 4068360005, 2991131412, 3446252322, 5015147963, 4819692795, 1148802581, 9182396379, 7388696044, 5556363460, 3294648159, 7945153359, 3847228212, 8678488041, 9003724367, 3003604360, 7333513004, 5297453567, 9796108497, 3856515060, 6431269833, 6594264742, 1240456120, 7379614864, 9225362353, 2869220199] 
Capacity: 9843488754 
Capacity ratio [capacity/sum(weights)]: 0.05 
Maximum value for profits & weights: 10000000000.0 
Number of qubits: 68 
Profits: [2714309293, 7342705681, 3332588009, 494458085, 6519040513, 3236392880, 8299659855, 33308336, 7430332424, 9569948894, 888224785, 8964859521, 2677809286, 3136845640, 9575033698, 7389406207, 2507417772, 1968115908, 7444497852, 5346399949, 6581131328, 6883633583, 4416660950, 7543281775, 2595669442, 1544958321, 1300583371, 7987550573, 6010867370, 3788324789, 6285989306, 3645396974, 6439729340, 1530221838, 6102172830] 
Weights: [7119335658, 4811123098, 4959625732, 4567943670, 5059938862, 7056364112, 7734097941, 2646838204, 3530791814, 2745592230, 6887270722, 5649826367, 3041601933, 4504236917, 3349387798, 2270788823, 1578535236, 3207250501, 2912679573, 3159176837, 3768465320, 5557908187, 3519033206, 3810567140, 1818067929, 7739836657, 5935904480, 6722298377, 7072796571, 6535474236, 5989455861, 2453028335, 4601398712, 2772831125, 5234774188] 
Capacity: 7770402451 
Capacity ratio [capacity/sum(weights)]: 0.05 
Maximum value for profits & weights: 10000000000.0 
------------------------------------------------------------------------------------------
Number of qubits: 68 
Profits: [20628441, 6221006442, 8924401398, 4714972936, 736323419, 8132451278, 3258544164, 1346251809, 8914472581, 1557540071, 529763905, 5280036398, 9917752263, 9172470605, 7998967675, 5824961728, 9732770310, 4535934306, 4561308525, 2405798405, 1545396959, 5958661811, 7738845553, 1741532401, 477042293, 8655209521, 6852500514, 6871211192, 4219466447, 6210938114, 9973568498, 2729235159, 7295835783, 7295724707, 9398719234] 
Weights: [7766921184, 4826586090, 881290514, 2379099517, 7263875793, 7224516849, 8110584028, 2815760223, 7810733458, 4057195712, 7523403229, 3257687245, 1186253574, 4761889531, 7099562939, 2755027760, 2801435279, 8159745415, 1721675165, 6087479937, 1947395307, 2936599646, 6225523718, 3279106348, 8119068738, 1960116808, 6453908190, 6259362825, 4906715450, 7022535596, 923267540, 5890539358, 7604945788, 964491720, 977988541] 
Capacity: 8160473292 
Capacity ratio [capacity/sum(weights)]: 0.05 
Maximum value for profits & weights: 10000000000.0 
------------------------------------------------------------------------------------------
Number of qubits: 68 
Profits: [6988849104, 7619035142, 9609972403, 152401734, 9462899525, 2994664873, 7720092212, 3473128573, 614543462, 2456015321, 6185528713, 6080435537, 735053363, 1886752212, 6635842382, 7942271936, 3022598498, 4080388235, 9449028487, 7509026083, 2528281365, 3507734405, 6813317235, 7816374458, 7433659476, 6240148017, 4041109187, 1232787850, 246282639, 4235696174, 5971928593, 5472367119, 7281243677, 4176096289, 5652075795] 
Weights: [3706888782, 7439129123, 4704595664, 3212535556, 7404505930, 8052554691, 5874124008, 7145104270, 3855530942, 5159998173, 5172215777, 1299455699, 3110963293, 3788619510, 6994085526, 1666726070, 5133085139, 2773947049, 5466785981, 7890484961, 4243508548, 6777816045, 6025848830, 3464341248, 7004933406, 4233144592, 4441462057, 6790361308, 3715343599, 4966203124, 2387415231, 2013079070, 6679116908, 4734451502, 7293495880] 
Capacity: 8382069425 
Capacity ratio [capacity/sum(weights)]: 0.05 
Maximum value for profits & weights: 10000000000.0 
------------------------------------------------------------------------------------------
Number of qubits: 68 
Profits: [5397319616, 3673333231, 9514863175, 6014620850, 8593515304, 9189120315, 6435607767, 6014033243, 9927694478, 2056519021, 7273105898, 2112594462, 2705493922, 7467101718, 1409870401, 4469225293, 5724392176, 4166820333, 6801941675, 353233843, 5502055691, 735911972, 3543826289, 6168197879, 6458163900, 6161054608, 19536289, 3113685938, 5225982230, 714115525, 6479630377, 900819781, 3862637750, 5563191528, 3999365442] 
Weights: [7697467615, 4243251803, 2054137882, 3582317465, 2639613454, 1664199563, 6119796565, 4456970645, 1605595978, 7205738242, 4906044687, 7639980841, 3255298469, 5958703842, 1941551722, 3356186183, 4969205205, 1534457373, 4649389682, 1667511456, 7968631883, 7831552863, 7316479977, 3099738733, 3079716819, 7249022564, 7268965292, 1548158172, 7370440921, 6757078360, 5544960629, 5164554262, 7915355830, 4243171762, 3600188098] 
Capacity: 8182454685 
Capacity ratio [capacity/sum(weights)]: 0.05 
Maximum value for profits & weights: 10000000000.0 
------------------------------------------------------------------------------------------
Number of qubits: 69 
Profits: [388500674, 8767655430, 2929258016, 3630003534, 5609468704, 34039447, 5862310860, 5427678877, 8308497521, 3570963775, 3047798357, 8669543128, 6269724326, 9519869596, 3090466418, 105317474, 8844498041, 559884025, 4722722328, 8245154096, 3699497724, 7204513641, 1135629310, 7825293071, 7374922331, 2817008386, 3855653772, 6712102631, 2756181651, 7812738754, 9113011573, 485025216, 2693100825, 8564797849, 3616108224] 
Weights: [6287968183, 3801695058, 6136829557, 2720654627, 8181795297, 8053339154, 8886962887, 3548545664, 8947167200, 9103570864, 4388368861, 3701583419, 4994287515, 1761688709, 7412127148, 5608963987, 3054155230, 8522193278, 4507956600, 7179920150, 6537218725, 5132255292, 8530206928, 5911474030, 2141695416, 3152546709, 3015928428, 2009919615, 2183827439, 4540298928, 3158513858, 4797673306, 8924127927, 6433608502, 1088921517] 
Capacity: 9166144409 
Capacity ratio [capacity/sum(weights)]: 0.05 
Maximum value for profits & weights: 10000000000.0 
------------------------------------------------------------------------------------------
Number of qubits: 69 
Profits: [6994961987, 7247914785, 2699317853, 1186819717, 6981215392, 3541338426, 4201376128, 7771658184, 6410527938, 4023482398, 8277907496, 3909124929, 8392559864, 7272050849, 3362162219, 9896293474, 6306806086, 4647969309, 238059877, 1221755729, 9705955458, 3842085765, 4204104330, 9386925367, 9706667569, 2241632261, 5029755508, 6214412749, 7364225948, 9971264856, 4808430834, 4976260153, 6347806697, 5108469574, 3530360162] 
Weights: [2472780689, 5424945446, 6859437171, 5209033869, 7580047210, 8359334679, 8618173933, 8139437203, 7421105535, 3187548700, 6030454093, 4652096907, 3478734261, 8513927979, 7448299012, 5863529988, 2279053095, 1588473303, 2278078069, 1986217318, 6595494952, 3049632973, 7549780200, 5355044599, 3781951617, 6304256546, 8096873018, 7888570506, 1999374429, 7974669130, 4135433860, 4107969592, 2159935842, 2035689326, 4106216165] 
Capacity: 8927405383 
Capacity ratio [capacity/sum(weights)]: 0.05 
Maximum value for profits & weights: 10000000000.0 
------------------------------------------------------------------------------------------
Number of qubits: 69 
Profits: [558263510, 1467200046, 9488851791, 9677267156, 3300743309, 4924148526, 1633711582, 6375546141, 6710099769, 151216693, 1992850891, 9649160147, 8630032546, 9187580382, 5091931145, 7823654998, 6638566500, 3795543054, 1072115771, 4461805549, 3821731463, 8215393085, 9706202435, 8720350046, 7386028470, 5657469569, 2061258629, 9436873537, 4444327712, 34230475, 8540230323, 6278054777, 9075088889, 3127044781, 1585779283] 
Weights: [8224645493, 1266501435, 8834791239, 1953576154, 9037603334, 2370846952, 1816816578, 1753793928, 7376370842, 2415115697, 6003237072, 7970646771, 5148630517, 8115665353, 8871175454, 9321139119, 9197088572, 8948615310, 5262971027, 6872409241, 8278397446, 1902429763, 3135334300, 8768052912, 2834443930, 2106541225, 6972295358, 6787499764, 1810655852, 2729972901, 6540267055, 8534024190, 2108378956, 9391252962, 5080530193] 
Capacity: 9647189822 
Capacity ratio [capacity/sum(weights)]: 0.05 
Maximum value for profits & weights: 10000000000.0 
------------------------------------------------------------------------------------------
Number of qubits: 69 
Profits: [5290066099, 8470114379, 583841557, 1365226858, 2249579003, 2761267844, 4335654286, 9367089151, 5975814935, 4546197109, 5689561464, 1158447352, 2454732636, 7280301126, 4274519227, 2817235862, 2685290594, 8255039999, 4406644358, 2798072582, 2914320882, 3663647482, 7351955377, 7358946705, 6591124145, 3945860067, 6236972615, 2003828036, 9311455769, 9293210836, 3831001267, 3002779075, 9863051118, 8405693100, 7493675514] 
Weights: [1933121675, 6646564239, 5886126818, 3861229639, 2657679513, 6598739727, 3568443224, 5503613780, 7567182366, 6056408593, 3185482644, 8850336829, 5455433629, 9347515060, 3415423183, 6550338629, 8577621668, 6455842061, 2419652432, 5383651507, 3162661821, 3916429969, 8374626457, 4983901746, 7343989781, 2603611674, 8762967410, 8057619269, 3140333233, 4669147697, 7470762502, 7571483723, 5832660105, 2356906799, 3428054783] 
Capacity: 9418526509 
Capacity ratio [capacity/sum(weights)]: 0.05 
Maximum value for profits & weights: 10000000000.0 
------------------------------------------------------------------------------------------
Number of qubits: 69 
Profits: [5906607985, 5028766337, 1806715147, 309147815, 2189949820, 8990056181, 8513553768, 9757471380, 780394956, 3096043333, 2007696380, 4447118682, 9285584016, 1239166190, 4936547437, 8871301611, 3871029965, 3453515199, 4033849060, 4030473718, 5960822315, 2435078134, 9850584569, 9663390649, 7646740840, 5365578475, 4977292591, 5936357699, 3125116877, 1890671462, 4944348551, 5870920748, 3051490470, 3047742932, 5253650873] 
Weights: [4270275348, 4071364749, 5782638947, 2725510297, 9623004552, 8755953985, 4251444833, 5324101136, 6896219493, 9477789092, 1628366270, 8934465854, 10199352829, 7117650011, 7265041734, 7448542577, 4163687309, 5515887134, 2232498351, 1365213730, 10054909923, 9758054551, 4532380452, 9233497093, 7487129989, 9698366746, 3299829586, 7891786130, 9502205746, 10221831643, 4023101334, 5872147098, 7218648191, 1720596398, 10113026185] 
Capacity: 10892220524 
Capacity ratio [capacity/sum(weights)]: 0.05 
Maximum value for profits & weights: 10000000000.0 
------------------------------------------------------------------------------------------
Number of qubits: 69 
Profits: [3234380964, 125979391, 5037469028, 2856867461, 4130514274, 3474440058, 2337380842, 7729876649, 7205578523, 2991637209, 5693902512, 3415516632, 973720518, 5274510516, 4283531975, 6957964569, 2142605498, 2494114900, 6139623706, 9728999349, 2908331290, 7623919787, 9615165906, 6050638746, 4399120264, 6835302651, 5067722038, 4179086493, 343871958, 7601252547, 2591598587, 1221767757, 4627579733, 5774182763, 6454091283] 
Weights: [7147487993, 6510037799, 5831401015, 3017230760, 1502414147, 2694793163, 5076959625, 1332310185, 3658426998, 1649158940, 6176851930, 8525368325, 1412330272, 4689753128, 3910145393, 3990947534, 7956942936, 9184810459, 5111274853, 7781746229, 7845409299, 8128814037, 3219034449, 7235050466, 4737646498, 8964057180, 8923150142, 6263018381, 3700212044, 6578145086, 5614177105, 8245055762, 8599107980, 889973513, 6083508052] 
Capacity: 9305536878 
Capacity ratio [capacity/sum(weights)]: 0.05 
Maximum value for profits & weights: 10000000000.0 
