Number of qubits: 40 
Profits: [894894, 725831, 104775, 555739, 514615, 337875, 790212, 729301, 764102, 249197, 977764, 378664, 257624, 569503, 187456, 245386, 971205, 454042, 843871, 11797] 
Weights: [188884, 517679, 377497, 501425, 363513, 420096, 304381, 517907, 244292, 331017, 417010, 620143, 240440, 615595, 287758, 541571, 518278, 495540, 405849, 219589] 
Capacity: 636752 
Capacity ratio [capacity/sum(weights)]: 0.08 
Maximum value for profits & weights: 1000000.0 
------------------------------------------------------------
Number of qubits: 40 
Profits: [936525, 708565, 832658, 223734, 394761, 338637, 940668, 1011, 336358, 49456, 360146, 593871, 53310, 857526, 692116, 450023, 668510, 724651, 853920, 293685] 
Weights: [586360, 523485, 407268, 325893, 537841, 586096, 348659, 736947, 784691, 689094, 490851, 307502, 776405, 323260, 656851, 622991, 352291, 573251, 383757, 499963] 
Capacity: 802712 
Capacity ratio [capacity/sum(weights)]: 0.08 
Maximum value for profits & weights: 1000000.0 
------------------------------------------------------------
Number of qubits: 40 
Profits: [622938, 465926, 538902, 964508, 527532, 620201, 395362, 376378, 332242, 316488, 214160, 201527, 470603, 852375, 69556, 240096, 493798, 562033, 123415, 835165] 
Weights: [232982, 485020, 728931, 207665, 449139, 639039, 109630, 728854, 354534, 694814, 801947, 520649, 747421, 642288, 653030, 772754, 419906, 726106, 516936, 632017] 
Capacity: 837620 
Capacity ratio [capacity/sum(weights)]: 0.08 
Maximum value for profits & weights: 1000000.0 
------------------------------------------------------------
Number of qubits: 40 
Profits: [158934, 988595, 776857, 51028, 170918, 516107, 841083, 187685, 553785, 317232, 825546, 718066, 764710, 938700, 372773, 852036, 233131, 896395, 285651, 322268] 
Weights: [758542, 538475, 302797, 385734, 536097, 710377, 414700, 306325, 466618, 719683, 510600, 576566, 159741, 460460, 661042, 552955, 512567, 545080, 486700, 92520] 
Capacity: 773921 
Capacity ratio [capacity/sum(weights)]: 0.08 
Maximum value for profits & weights: 1000000.0 
------------------------------------------------------------
Number of qubits: 40 
Profits: [703304, 158998, 374492, 212783, 694070, 91652, 144558, 423919, 732762, 775185, 794361, 317333, 549085, 277445, 202274, 436588, 2502, 777257, 841069, 428560] 
Weights: [126418, 449559, 595086, 617436, 753850, 661483, 547848, 675297, 481102, 73372, 604901, 500934, 786478, 751354, 427065, 423349, 650115, 675396, 268703, 218080] 
Capacity: 808951 
Capacity ratio [capacity/sum(weights)]: 0.08 
Maximum value for profits & weights: 1000000.0 
------------------------------------------------------------
Number of qubits: 40 
Profits: [687526, 830309, 978263, 606651, 366297, 615230, 238213, 549841, 102219, 757090, 879632, 648043, 264086, 913108, 318648, 404458, 431451, 369310, 55775, 612023] 
Weights: [283908, 547035, 540538, 650985, 308901, 268931, 304106, 290761, 351761, 622120, 371862, 499510, 489990, 578306, 362408, 337568, 643425, 278789, 524392, 62703] 
Capacity: 661716 
Capacity ratio [capacity/sum(weights)]: 0.08 
Maximum value for profits & weights: 1000000.0 
------------------------------------------------------------
Number of qubits: 40 
Profits: [318580, 916767, 242577, 933055, 406321, 868725, 296589, 771744, 699099, 602104, 313453, 839369, 184772, 204075, 663597, 59756, 37314, 337494, 401153, 722260] 
Weights: [344615, 162680, 542730, 558252, 365963, 255836, 550624, 408220, 236490, 202311, 223285, 342994, 535954, 544318, 218566, 135048, 518942, 554055, 543572, 210724] 
Capacity: 590058 
Capacity ratio [capacity/sum(weights)]: 0.08 
Maximum value for profits & weights: 1000000.0 
------------------------------------------------------------
Number of qubits: 40 
Profits: [875191, 618780, 230319, 903498, 551282, 187945, 360754, 448266, 262851, 62945, 631160, 92246, 12133, 463775, 288544, 413205, 301438, 524603, 723381, 31012] 
Weights: [481542, 319057, 698626, 333666, 371688, 428343, 323949, 581626, 672014, 597328, 429626, 512204, 732867, 560380, 644871, 185394, 343071, 662072, 430864, 378561] 
Capacity: 745854 
Capacity ratio [capacity/sum(weights)]: 0.08 
Maximum value for profits & weights: 1000000.0 
------------------------------------------------------------
Number of qubits: 40 
Profits: [770731, 12196, 495718, 631722, 430516, 386409, 346946, 15286, 495336, 602229, 324472, 4379, 38145, 324377, 479795, 584369, 130649, 27414, 697765, 145490] 
Weights: [664216, 511687, 299019, 281293, 680557, 494711, 550127, 236783, 531196, 166434, 352563, 449232, 525078, 279431, 662281, 611056, 420554, 127047, 667513, 491497] 
Capacity: 681741 
Capacity ratio [capacity/sum(weights)]: 0.08 
Maximum value for profits & weights: 1000000.0 
------------------------------------------------------------
Number of qubits: 40 
Profits: [334496, 678820, 910902, 2467, 146279, 935410, 695580, 525507, 444533, 670681, 929669, 506756, 658323, 8202, 669302, 412948, 96215, 169924, 646701, 310108] 
Weights: [173641, 475995, 406534, 681718, 598092, 634657, 529119, 283355, 259176, 646577, 569375, 447457, 583390, 456357, 738205, 759198, 667829, 386365, 253526, 238723] 
Capacity: 766370 
Capacity ratio [capacity/sum(weights)]: 0.08 
Maximum value for profits & weights: 1000000.0 
