Number of qubits: 60 
Profits: [268783073, 648851527, 416298876, 243212666, 783839156, 753264752, 329960786, 972849176, 530537062, 821188284, 700589151, 684475074, 987789521, 261542203, 143994422, 660558114, 965763697, 941250137, 362108519, 357628736, 947080412, 617168615, 15175376, 716741901, 559776595, 224797675, 692824926, 884802628, 825674236, 40518505] 
Weights: [780857463, 468594526, 785825637, 654036886, 670513806, 477501529, 424903781, 831148110, 615477243, 626711973, 843321713, 213422240, 57512941, 493678676, 627902949, 703854515, 750523673, 121801009, 77799795, 598937024, 691655366, 138454350, 853299709, 643383792, 57432508, 434414572, 253482223, 843805750, 75319250, 468588966] 
Capacity: 892101602 
Capacity ratio [capacity/sum(weights)]: 0.06 
Maximum value for profits & weights: 1000000000.0 
--------------------------------------------------------------------------------
Number of qubits: 60 
Profits: [831352046, 813765904, 188816622, 602049807, 262799691, 420025777, 647233288, 202718255, 981023394, 873093415, 12675323, 813417602, 94700056, 903714154, 978753585, 761305447, 58775348, 391231281, 840311280, 459718918, 288736021, 343588835, 565623381, 186481994, 887596616, 460415700, 178292017, 396519508, 711609223, 256613635] 
Weights: [504508423, 835150470, 391062938, 286025018, 775201486, 881997536, 495863412, 593887989, 624149954, 893802947, 531842247, 316086552, 306001204, 957204548, 531396918, 562291938, 896052274, 240758418, 369825594, 236363274, 411779635, 665687042, 366277287, 509349832, 544953739, 781799299, 485090906, 714447316, 411142282, 399803634] 
Capacity: 968516677 
Capacity ratio [capacity/sum(weights)]: 0.06 
Maximum value for profits & weights: 1000000000.0 
--------------------------------------------------------------------------------
Number of qubits: 60 
Profits: [275626989, 461779904, 954628912, 770501667, 7762582, 724260416, 90442760, 987845970, 506613061, 722495747, 684284219, 292330802, 250510085, 669577848, 668951629, 940787931, 564009846, 774081428, 805639470, 357570063, 76280642, 883502350, 31957455, 444176490, 385549638, 488846482, 385929481, 695699946, 568513358, 380833979] 
Weights: [798341737, 225598613, 166595210, 861642491, 297223424, 523918260, 305315700, 583392777, 584071369, 433396070, 508393972, 650459232, 551730716, 124002953, 479823619, 533526439, 428078852, 589883824, 719320490, 598500343, 203765957, 221957551, 722598616, 788023783, 795832396, 484776178, 848396679, 217949920, 841929421, 778916369] 
Capacity: 906964036 
Capacity ratio [capacity/sum(weights)]: 0.06 
Maximum value for profits & weights: 1000000000.0 
--------------------------------------------------------------------------------
Number of qubits: 60 
Profits: [901495952, 538356274, 743063230, 751439655, 664351780, 816792476, 863680852, 691276088, 362851393, 667761583, 82684357, 33802361, 535204094, 882815563, 528407252, 402930276, 7282974, 869685385, 768839860, 197457766, 948603168, 896906893, 964472662, 479727854, 558285008, 480305156, 575579634, 433068179, 704449229, 68315120] 
Weights: [640963109, 630033179, 807801921, 607684367, 558613527, 725745541, 759725726, 142003992, 529341595, 898990166, 237938040, 197018985, 292409665, 495530943, 703675617, 118958867, 572854273, 484314495, 473098501, 639340901, 568538517, 345608250, 769769054, 548362336, 874822937, 113468135, 686116087, 893837594, 185921422, 732545343] 
Capacity: 931014617 
Capacity ratio [capacity/sum(weights)]: 0.06 
Maximum value for profits & weights: 1000000000.0 
--------------------------------------------------------------------------------
Number of qubits: 60 
Profits: [709985693, 488023742, 966410009, 564591486, 851763472, 662257853, 888598546, 595947737, 698244099, 613426664, 239858178, 690392271, 677202620, 474782333, 550755328, 705116442, 681871804, 210776134, 112627422, 647183422, 848996313, 549864089, 878973216, 390248864, 495911493, 852387263, 549111443, 354007084, 869656539, 56807508] 
Weights: [669185795, 195912613, 524643337, 759057687, 547081036, 442622741, 354164495, 546574341, 616611675, 366526037, 498871901, 536934731, 762617825, 261029667, 342414658, 510569758, 406552703, 587292841, 556396975, 344221038, 176559409, 430198024, 129791974, 276077210, 771043285, 339139817, 404996524, 295515558, 215646734, 388379907] 
Capacity: 772949417 
Capacity ratio [capacity/sum(weights)]: 0.06 
Maximum value for profits & weights: 1000000000.0 
--------------------------------------------------------------------------------
Number of qubits: 60 
Profits: [396717029, 827688291, 22654358, 438183079, 91921019, 871418131, 433357113, 483498454, 321213914, 94150217, 929556004, 963047991, 671977544, 651248740, 190656185, 937915265, 101190979, 775402166, 818185898, 756832084, 724531834, 147162048, 456600115, 332348433, 774487166, 183792432, 474874595, 948067235, 756405047, 359561008] 
Weights: [396757054, 413864502, 217860681, 559174602, 580517711, 803900833, 811320461, 252517071, 670951859, 829643424, 218228112, 732179672, 397412682, 676436866, 184294368, 350872308, 597328035, 865348336, 491666233, 501486112, 251985458, 544508244, 338941756, 249259025, 411299730, 529500311, 785000732, 859481712, 442089311, 602227728] 
Capacity: 898890492 
Capacity ratio [capacity/sum(weights)]: 0.06 
Maximum value for profits & weights: 1000000000.0 
--------------------------------------------------------------------------------
Number of qubits: 60 
Profits: [810138838, 758600295, 493866145, 171458163, 400419967, 378989127, 644606726, 184598591, 974599903, 969888236, 658544888, 309994987, 56360784, 215553320, 29445735, 669015231, 535016802, 247233539, 753731533, 316446873, 377554277, 389093444, 608550696, 100202543, 28039139, 974543563, 786630617, 398177368, 264834554, 891778725] 
Weights: [221066830, 452799503, 508645209, 174354080, 874486448, 323132004, 612774558, 478649836, 562317708, 492637051, 357163054, 655619373, 410528158, 369440758, 675261182, 377658177, 535430655, 213632738, 818712098, 700161299, 833824511, 565684852, 378302577, 238492953, 809246497, 613259016, 128524269, 490311593, 811487806, 260580813] 
Capacity: 882650763 
Capacity ratio [capacity/sum(weights)]: 0.06 
Maximum value for profits & weights: 1000000000.0 
--------------------------------------------------------------------------------
Number of qubits: 60 
Profits: [65286859, 831882304, 624133320, 680316388, 48503137, 483051757, 752230287, 421691312, 842396033, 667734357, 679654013, 817753832, 503715788, 757062547, 372836011, 342437362, 645090864, 191976084, 403835280, 271799438, 726770545, 912151805, 26210100, 89462058, 993214759, 969302846, 404426850, 899736572, 619159236, 539746783] 
Weights: [698835674, 336070885, 424253086, 583686260, 301194246, 588569995, 708137017, 568797248, 278331897, 321195820, 339681559, 236018543, 555886170, 279499323, 324918954, 612064726, 492267583, 610194803, 553719492, 301667228, 421576795, 746557836, 595552640, 479566757, 195058871, 774008486, 808201464, 128606962, 430109790, 125747016] 
Capacity: 821693116 
Capacity ratio [capacity/sum(weights)]: 0.06 
Maximum value for profits & weights: 1000000000.0 
--------------------------------------------------------------------------------
Number of qubits: 60 
Profits: [989624608, 995026323, 87530675, 227649571, 236461893, 568551133, 926477038, 593259494, 389575344, 500199180, 558596752, 151258684, 314061544, 485207676, 589274930, 622019217, 895012730, 177951474, 104785040, 201712826, 996717094, 51172361, 555010534, 268739856, 647936494, 715091635, 700551979, 337361119, 162914115, 909277275] 
Weights: [414636483, 556499153, 718400257, 788803968, 419942448, 780746302, 689130468, 666764339, 335201031, 465487843, 213769407, 706202695, 289559157, 233914964, 159221876, 569410912, 302066247, 582534368, 780372807, 405912104, 693677322, 150906768, 202395256, 228354449, 799649776, 78609578, 758210400, 353249616, 283903943, 761884481] 
Capacity: 820963125 
Capacity ratio [capacity/sum(weights)]: 0.06 
Maximum value for profits & weights: 1000000000.0 
--------------------------------------------------------------------------------
Number of qubits: 60 
Profits: [326391052, 82941931, 576975303, 967181325, 751704271, 398879959, 68805646, 231102720, 611607987, 28409835, 114846990, 453958175, 166481843, 894714905, 40715367, 484375318, 801488071, 499312307, 406011248, 523629357, 607236014, 95862002, 567758427, 418107945, 259451355, 129875862, 596897897, 283135973, 331998171, 723465219] 
Weights: [313401651, 637383972, 790239138, 326395579, 422927021, 783487234, 241885955, 303633018, 230006148, 571855115, 895116537, 673719823, 113537314, 645906131, 214753157, 683001037, 233301396, 279325639, 795022169, 653672665, 808461213, 424305467, 614066522, 599092129, 319926315, 675250160, 741067608, 716066387, 212766316, 70684873] 
Capacity: 896208757 
Capacity ratio [capacity/sum(weights)]: 0.06 
Maximum value for profits & weights: 1000000000.0 
