Number of qubits: 120 
Profits: [955713165555673107, 583732008465691415, 277041291274680386, 877142243945375443, 627088123256069010, 519282034600475648, 206026390976624887, 715582617948114031, 439889752468430819, 580984495558733391, 495637476991032700, 194221798799165368, 383734578929712905, 148789613873128786, 631849446378778270, 379697817325206923, 326466561974690860, 100582752461452087, 605569940280762001, 407327983382427117, 777807047187335221, 314623277303924973, 655264867908605544, 791824898823649142, 566766054904132804, 969757885359517862, 499919200690323458, 508629645378203062, 781005408493824154, 627795038140226697, 413088344422948010, 771453373638413356, 359098805628474382, 258149902517938879, 918012451709387818, 985088635406643268, 674775434311880936, 948814863728697149, 746328734751825982, 222388658641899018, 303185854249195763, 160239348974902191, 476517036223468405, 65409640447159957, 624765848982307878, 729147124163698467, 183181832172607416, 389331563041453702, 223007725261808369, 746484621302234006, 15309639039438138, 390300389387734455, 78802016780230273, 548553925833250539, 405200547978763249, 849255183205012844, 508342447122997128, 974605736317428402, 957541449056325972, 5505361879490774] 
Weights: [593506517451150724, 202664660923844192, 670367263442887058, 548382448631524569, 555379300331113657, 491803357133290375, 597170353995492713, 523138255278489187, 693869882439591214, 585351467674994783, 450067874680410951, 337500995017728488, 432603276667439147, 206260441698845997, 429388300754999027, 499987116136715719, 637846072999093797, 593642252118950369, 601653296408280465, 383206946281896906, 610017758374559939, 405810125057460851, 438295494537822420, 540062063210411604, 645421875118055322, 702454649880357016, 482308080158027985, 274631105984978738, 529363417667217339, 542683490125151188, 412332804652608908, 500827832583859262, 535711601180175595, 480896523911030361, 476653947078138799, 164988702939216604, 444969817930730081, 417991497531114767, 693916061039207677, 486809207953295077, 508101540006845716, 416649831156243046, 594199320066293786, 240784744057724104, 449952252892145207, 259275833474762473, 552693732346889402, 161654049668026375, 376257917627408346, 614818601153241480, 491170532588408019, 575174244684032625, 188862477229839091, 637177170402305664, 660699513442365233, 367678360147096528, 499648023386778977, 673606764893816278, 497505439938619809, 400232330181763927] 
Capacity: 714781061625379456 
Capacity ratio [capacity/sum(weights)]: 0.025 
Maximum value for profits & weights: 1e+18 
--------------------------------------------------------------------------------------------------------------------------------------------
Number of qubits: 120 
Profits: [430473459959292584, 186035286062042155, 242463697831352498, 760788553430233550, 602196925652833756, 256294298493915840, 838656772962486222, 241858039498259366, 282335003573526162, 728341860998038525, 948716341028290656, 852611131193601899, 862673933434544981, 361697830796055881, 175896448991040664, 637527320685079322, 135312941255325766, 389502086454526754, 398149060910320498, 310427764724598780, 17207121166191952, 242264327760291967, 730774142893505020, 205273688274488153, 699483891317381163, 590025525331636406, 122509716813401712, 381460625050218082, 526940038488303928, 697444702396304509, 239937229908733860, 719496049746244466, 60822829904953669, 383497743337080455, 707761418589386358, 108973902169545475, 333409108399983543, 672079089431350523, 500440519256840164, 687107583874107379, 934815444755744498, 593632008701990201, 925882208867605901, 699483014653062166, 714474126289257894, 878486773859022654, 940322753312308519, 630246878874920513, 174512066898246085, 985822642472822532, 10921317656261781, 563335533259018955, 460729241196236857, 773045965060853802, 119686101022631553, 890800132133280160, 683500768846566207, 966128398381123056, 869825260059373562, 79172763242375675] 
Weights: [184885462097949597, 564507596571790132, 620637520223036899, 560639378071866502, 730485757416751610, 649683408395500456, 517230211320259741, 295470352787404380, 567912215468579941, 385248294810853708, 668055415116729448, 409115489080620023, 547333242132688949, 773216243987191702, 634172738411578516, 605637828265871522, 776906941979119491, 766854211393337304, 747732191204098845, 424084272004480526, 661188403101405805, 654680884269621823, 760386153660996821, 651759067186231493, 608253460642355086, 509239455376951280, 361480320650425010, 589155647573853107, 518742175532182236, 241553734969644035, 393454263269083651, 641996440269731486, 436950269177945971, 194460041320554348, 676194507481549895, 244804270187129479, 398570753462587580, 513202517624284442, 353258614563008207, 678508713148474840, 587964288546879181, 478181203455162744, 694212396544954701, 490044910708554996, 751175121341043725, 681445615533996454, 625643219183487447, 560334936099973666, 221362593833028639, 387736318505892366, 414396020126523906, 538791112201827477, 722620983036322565, 468766696787520186, 171775817582082149, 142425588860283279, 642591975929264138, 673581495517957712, 432647079123522594, 564955431268956117] 
Capacity: 780398253151791744 
Capacity ratio [capacity/sum(weights)]: 0.025 
Maximum value for profits & weights: 1e+18 
--------------------------------------------------------------------------------------------------------------------------------------------
Number of qubits: 120 
Profits: [936372683361354429, 576575117536512656, 83415149857289746, 684932793461305241, 710540260231978913, 591672972498863892, 964847456223096533, 249702973056031696, 303616026206494863, 908657103235745921, 921267074208817100, 577283522481482432, 576201643925141869, 117968541149015999, 557247873152786001, 776579913069772918, 928112564620411226, 737151697646691796, 925996590482965995, 327783093198935177, 813823467412536215, 990018953168395022, 340069769920405091, 692665652352975032, 849712826550084692, 983699452778333169, 391925498419808278, 773388200424928957, 642019163718226834, 125253071482676102, 84858858056683365, 401032728813463503, 476830887152093997, 307737661389559477, 663757976739465356, 306852946717282855, 485264427769644647, 169827112109173118, 572401641964377909, 464088970032527792, 442079514928565027, 408210402635058483, 370759868338785715, 977301509989147844, 228659647626638115, 503160955152532944, 159305660341006864, 761994197675990245, 207310731742910985, 74317912563522016, 699731610721320773, 762146030229180612, 615971202309835814, 571410540925019113, 81976668147932997, 512473731112907426, 709502786955025441, 898391721430959255, 660025464422778005, 440572347693500203] 
Weights: [574302925839746489, 258111321038454801, 611469621771275510, 733475746249574234, 736134791658499071, 465999134357539211, 371200926413921162, 595041628891933156, 301197612555547824, 264970844047894868, 597610427530292967, 437026620587250147, 740621284855544702, 387646304677367809, 731496950926947293, 740262748640103529, 697166090054004506, 602144100362771132, 643553967435693904, 479725991281184448, 599421395256300155, 668041443050347346, 631712162165173736, 364728983398929922, 738257364200751605, 707121245642302707, 320807281585957616, 482282804175771224, 517500273224717043, 477736334348728580, 558106251616790047, 278147169981233233, 240046827647604411, 338618981589223492, 702519340168326383, 608347654996014560, 400416245790083807, 280204666734183095, 563421183821980644, 540553667956738180, 421760929476419202, 187400622034460578, 718911168899548529, 633360346297881925, 427398451846571253, 711587926531536849, 281436788500184878, 761228692956111318, 765921719785408291, 614283642581732333, 583885234416935946, 495682891479720668, 620183977026127168, 688633595300903959, 331679103649626326, 463102366623949391, 688885970942862053, 210772857649178209, 255690080236315044, 448136031041443642] 
Capacity: 771475765876521984 
Capacity ratio [capacity/sum(weights)]: 0.025 
Maximum value for profits & weights: 1e+18 
--------------------------------------------------------------------------------------------------------------------------------------------
Number of qubits: 120 
Profits: [146833687317286606, 748931494083863158, 347801668681256988, 810090707575961539, 2587147486181197, 821305795331923684, 630955991225361063, 950249154855200602, 797888114252686711, 685215730843228644, 472643813867497258, 668928371000302604, 177951678211192681, 607595758014337279, 563589019584217910, 681135795404329964, 222880378032648171, 460929597482121730, 454501230818355671, 537085888045025474, 792183233395345578, 291027877000140601, 288980352710632573, 562741713125594133, 36999549002437545, 190272103850980648, 887143212554254314, 812178875493362427, 937737140995545819, 482548643073517255, 130118461863182396, 726728576176104031, 372311025352234867, 975597339522910648, 465043163903788071, 970841693108260394, 967146028120703583, 298047554315096323, 223081394907036444, 588662235946827634, 621147894783607422, 180689309919147326, 91199377355562657, 112845103285727402, 641416497093501366, 804303299824018675, 87459249054578050, 596211395579104876, 36536751849271745, 658432479117609934, 637839026368852055, 883741496024497675, 303269322447009343, 270509623228405631, 885130586926206430, 31765422747102883, 318097033503167267, 833119272235691945, 159041916967640686, 428207925923467449] 
Weights: [765357051106718529, 674600728375991216, 277751596202820471, 296538400715457863, 144884798168167313, 456497888965492300, 198912462396126314, 335047844168309587, 747423845533497870, 633233779923589403, 505508256664625671, 409400168566514767, 306883786449314423, 664762395246167069, 454814131352069224, 403630139044150881, 292115262243844505, 585789805340447647, 749575411359243566, 594499246579509052, 349483910767432792, 238218184593953089, 712408376131018219, 214775555283754790, 509217170418326523, 594465156549063682, 600375896171874115, 757377166113486133, 733573842828664364, 773264626617801768, 731532917141595612, 744143320664832985, 758564045317305610, 719692101102692230, 727287353543903041, 203112537630770492, 667210579128696289, 539068744822654927, 609503020393558234, 305458228541968462, 720792624652102349, 463966425179581314, 723078233941316864, 474767078267473343, 177821824699822055, 685671678074931658, 361593623570057181, 590707922380393119, 578791081383536144, 564347054727682747, 709162611956185468, 547706611917642052, 701470333410280324, 503819928465845079, 539160633864248406, 432412616341535480, 273777163868833728, 603483654022441131, 568152104230700066, 349123827929310387] 
Capacity: 780324114303733760 
Capacity ratio [capacity/sum(weights)]: 0.025 
Maximum value for profits & weights: 1e+18 
--------------------------------------------------------------------------------------------------------------------------------------------
Number of qubits: 120 
Profits: [34041762184109303, 430162380580099052, 648282485141169865, 198004580411667457, 54904764692985995, 846256267787543363, 368872478722707229, 285659897344489183, 851184675951817219, 161008700484328102, 363488362975445670, 165580035471286999, 678923737319265910, 975329093713855404, 441179479943964354, 880690781402669538, 867809395291841821, 287450447211750199, 735180591674921521, 479066012659973476, 775116790393177145, 693490401724882180, 362018669824398312, 275870953018297163, 189742829533763371, 275700059322551508, 810194548091905929, 647958848535154248, 785382744925978756, 258836843997034700, 170816481660704065, 462817272138539878, 879641711150469137, 719779858302881865, 405535818822366043, 844708100529657547, 766196305933815356, 194111419494563914, 45383366294374562, 527410850362253561, 586628310025210, 312821375637854256, 807228093958657569, 598123581937955649, 711505504464901345, 350687984396641053, 564343129322891546, 681144526425228575, 72407867336784971, 488340727958912559, 21509705763219198, 483749780020111070, 683559381018425753, 44170785389478125, 359166395022889886, 51986177332483071, 391192827522607042, 639615387894746957, 143003076956710202, 413966890245983431] 
Weights: [456088409676540005, 588692060779406461, 309322174053935692, 461274593968792336, 155015281560825984, 475874214636919599, 561176634527019451, 690842181616601790, 619675480890708196, 724885503313052191, 714249443469103698, 340716706451945953, 531420476794909565, 550915015597114539, 435329628736584574, 519564216333264039, 498913888137325399, 472739171522060619, 529690288203478547, 487984659475057857, 313465892686810354, 353851993904602073, 369388599939443014, 586733803804346363, 480413794325783060, 546932149705186625, 550465412686591253, 651021662928702146, 163367294784598711, 615789104277227252, 448477372140947961, 536837777768801459, 424621929610126213, 685918241620957587, 413226253194040247, 581224677348681378, 139280214291241812, 377833673419033713, 714807249944238415, 512356577895076096, 343247624003334490, 558987204831449439, 146327542575284613, 672593106428783184, 265291593999698539, 320959629749782893, 299074987506540717, 699700680410246511, 567928180206109535, 643769707569769335, 666141135419817194, 683498032942567609, 564994334293961644, 426826893376546654, 469378218898024254, 613487488016708676, 458439263852982702, 376342039255143850, 721927968153590612, 636889038867353229] 
Capacity: 727778301825237376 
Capacity ratio [capacity/sum(weights)]: 0.025 
Maximum value for profits & weights: 1e+18 
--------------------------------------------------------------------------------------------------------------------------------------------
Number of qubits: 120 
Profits: [195783343717626016, 429532564139673653, 697218544204132645, 874180322966635035, 558992858751278193, 339892189596699673, 974192212547335642, 575557554666034784, 75955344293016816, 708127136863556695, 224938772845063063, 963624871457222357, 504258124675743223, 956458897711546303, 584759404006000473, 110116374119926750, 342622068337608385, 175084374841313639, 863036296811989727, 847934372789618653, 652963508238594130, 884315581669557694, 733554872180289627, 983801057946941030, 735075889715976740, 654406809705010449, 894482010508413593, 425301206222512243, 726366378564543033, 469500079049541461, 866067067088871270, 337127829378797309, 934777685846245047, 327140891167556238, 460184007589947860, 611094768993519833, 180136508301298628, 608645177490363052, 579916565063910541, 129608444812324961, 534423741076812792, 399654469610321264, 7285437924529839, 16391599421922081, 527968035403100584, 190221586319348693, 477279857194028609, 279914244012896446, 125061019495388472, 848633861818902478, 858424505495810987, 229088519104163539, 306142813890721876, 974681018300157664, 213130503726325316, 866605980833640987, 727947977556071805, 258311286779532784, 119454801976996345, 920116405680747012] 
Weights: [850768470387831758, 565232056506382695, 85822013968641793, 517306274497862183, 749445100850309197, 596708683853354557, 835747568104680536, 865159227060442580, 762582441782711916, 828971749956508793, 517656656003506192, 722236046258220685, 365144982984807444, 412498581731630204, 744111748207709960, 423323309140085133, 663696295563057867, 762635572939930279, 398245234496644127, 507044791775154609, 626318403052713284, 129934627616975330, 769495265531896293, 475819019563325416, 822753241451490636, 659504475532324749, 203913567840036918, 867052666084328383, 789140324680698979, 860012571265921172, 581665893777703394, 421915891256123620, 386346006905583644, 574030865169060891, 466124881515414623, 411481537018033143, 638743435656833233, 386795813456994586, 817555306935653541, 453230379367712634, 797478979654488201, 621710925188209953, 591731962321727524, 873348244871585490, 647450657871206675, 414470071755190137, 607885594647016928, 849192767940390747, 667154985738290377, 685275833900568515, 483104479693736314, 822055222968911033, 557892397984710868, 867185310849501940, 404303158546130646, 410850794028197913, 712570542900402926, 531725776126337114, 215393093769305574, 331603933161341949] 
Capacity: 882354500253385344 
Capacity ratio [capacity/sum(weights)]: 0.025 
Maximum value for profits & weights: 1e+18 
--------------------------------------------------------------------------------------------------------------------------------------------
Number of qubits: 120 
Profits: [156775152725909215, 173680581133898279, 901827360142247045, 151057975046900857, 68535525603746007, 755266566867132442, 708787102247697420, 131019950471198355, 627974480395109080, 430371879296349806, 66428248675538751, 193674139394831700, 798772730529019389, 237008154527530214, 80186352387237690, 887595182063395679, 222255067245015791, 749105781587920292, 37222146508174704, 978381298270947759, 665942289078732300, 927630144907881000, 333318469089881006, 136414013461566039, 478666078763420032, 605277416982587670, 251098207436237873, 102545153365041880, 196675882180349648, 419315962528168390, 514663562288742497, 478238044901934459, 333474420759664162, 603704174304700906, 790039159998626656, 408266463155256482, 920338921027363737, 778641191464755688, 994250435048355831, 31121142542428361, 418085916603316805, 178326852372023279, 983138135018003482, 494499353765327429, 37396281495276712, 210224778789239779, 161285728627329982, 45204216558993567, 994994181070126250, 601464810546234003, 494561335868811085, 732393662919751247, 249013746929933724, 75625594497560061, 266444357147716910, 841716338425849363, 591032497667642985, 872438545169360927, 870435015903250666, 594738128305717272] 
Weights: [747579959755037424, 695223661236710141, 513196917265992414, 411108632005291079, 552040049070239088, 692498050496517098, 627779132638432467, 269932845074372183, 752134819232202475, 392205953907659579, 540126270603799065, 412545956435059139, 384615944573725405, 781560621822769666, 185618513855348720, 659972032610204538, 690855253419099314, 785329238079150603, 773731116411849724, 420918202593555899, 604451586145346255, 478796500566532891, 784235105025217895, 797208757067499803, 676904197796883197, 259799304231220813, 233327307536153795, 418901415005339687, 567007550334587733, 679886621840690750, 433384946364368054, 415105931397842663, 764416895788072012, 674374402256719376, 302399412361400511, 627464358308147079, 582707524628563667, 296533434042837407, 724092123477356967, 357339093985409253, 429476278547126820, 578130591759165426, 760463520984016180, 431086181221544500, 373070234867073487, 658852637868022956, 563836247690123456, 437554165757138171, 370821021333875875, 397824974442455843, 290099959243661674, 379636034615385514, 542400991551051561, 538669679736538246, 701483365897230510, 749794153850258085, 462610527344742021, 587726163516260793, 692201019789174999, 615576787800543020] 
Capacity: 797889400166443520 
Capacity ratio [capacity/sum(weights)]: 0.025 
Maximum value for profits & weights: 1e+18 
--------------------------------------------------------------------------------------------------------------------------------------------
Number of qubits: 120 
Profits: [476655049437456049, 528836976766106187, 992650797683578124, 371095359103662291, 50751128774982216, 722816294515823259, 158274309611421905, 390099177307142495, 774426898288796052, 868788217280583918, 604844022533951253, 730056744312229586, 89485361590688074, 935818637362655731, 526055808042798655, 325160927283295571, 380386745318782788, 601711526050494482, 992260727053693804, 75011530813946614, 372927131630082639, 158398974409169219, 544681989460303112, 286101669302062687, 817738895094434238, 523491673718923749, 958397152673968939, 126628611964424402, 153365957431214789, 552180023164640776, 410880892581128574, 319908380275704499, 406299259793234249, 554483398728111858, 82872607336432686, 502730979761841883, 849428108019084597, 377384973926622752, 998579778726332030, 530879853862058324, 757994609904642946, 596578085635026785, 802977120304527588, 338911352084808334, 278479428269255918, 358015382028371249, 704565781126692162, 560717610013570246, 754471455327842690, 669184406472848398, 233508655771376922, 909996520081106165, 409527364183459733, 437470464730914488, 686543618726034495, 235322849953927500, 300073423898423617, 62746656385386425, 334343605893265526, 193567979707925316] 
Weights: [468565425810477268, 505547427306908873, 402282062751588554, 336019177498163065, 382041375195529684, 487967045228237200, 497529313739651490, 389935759781952236, 458495959804709568, 324477079495734933, 415017525134119143, 785519588233814512, 249845551287183103, 778374240305575808, 785482430966968754, 448541793593726398, 676592924203596721, 692276522367926668, 400520733811184403, 688904466766186787, 709831258665683197, 656810005237465750, 403247562509993947, 654972732852977414, 495722375833962477, 371931952078460655, 495207701661397073, 738862662019032469, 718053721191653484, 780785118545755963, 480621476151243723, 681209501328379883, 468802675918842636, 618379777903096193, 675992821653943826, 131362290242943034, 399862271989940001, 680112165752318958, 618311154767478220, 726054536254199218, 715608096443264389, 770714138430737628, 589189639880519225, 342415179150112627, 747616856078463768, 725803012321994616, 564155202637407547, 682193075902325613, 309913396528888227, 356104478731219492, 520072118982727877, 462041175291834508, 656306780570565533, 490604825821918402, 648601191735577141, 232526176223482870, 551742364296132729, 428991285291975470, 438663385422509571, 628863583118013414] 
Capacity: 798291833187772288 
Capacity ratio [capacity/sum(weights)]: 0.025 
Maximum value for profits & weights: 1e+18 
--------------------------------------------------------------------------------------------------------------------------------------------
Number of qubits: 120 
Profits: [570880738328771347, 936148378557497492, 705365607609058715, 698834472065688228, 205301929733365936, 652459502871746475, 334522496396688947, 711402152467645128, 950073063118159867, 12250924972077295, 371299542339983133, 19381406355010706, 370621261879279924, 898088685409121860, 524001209129208700, 326426258332244403, 754114564787791819, 450689156247053948, 674827702050490592, 875924831104949821, 875664159771515927, 205470319191845494, 770690690270399643, 463901650121116560, 484975376292934753, 129695661640287995, 692769932802806942, 402186125234297517, 865520858658084339, 663112911282030700, 431975778716365687, 250167338968949263, 487321905478132621, 585580495957588889, 742834397842653101, 156250997936035298, 906679636572293020, 220473435951734511, 367080930481385140, 424917333038514293, 61068515511056302, 588387079110208139, 170814285439945933, 179919638130731643, 272110252433428629, 333512550027037221, 446006654298486182, 854300436350340033, 239709835572975607, 598388519466305083, 378391429594898215, 285821111355131713, 367084854606511455, 430568721359673398, 217707376877475446, 910864541503288689, 485033983003060973, 473525232199957684, 930664001211729845, 147424426525198857] 
Weights: [737057918700300786, 552741993753341671, 590810050344034552, 597740869967646269, 685820264741997585, 523439904750937468, 209658826351566642, 569172774662722506, 368558949418895804, 549010988752307522, 478550961063347730, 514959029841784713, 554540797705984178, 587263244527095192, 720533575009592433, 523320375341407613, 726270129447493527, 697671479387112844, 556999870187190034, 469616492931303064, 300658047219338734, 430972494490041846, 492214426953301238, 412903717082749008, 181177496170864418, 415684693362738341, 474729087791907766, 702192822700004517, 413524451385518721, 682994831987512968, 432919357833917221, 520224617557717354, 508602560843733407, 499921811146401779, 430526478484386943, 578507370782165833, 469726394041410941, 247990392227594531, 88711464911117049, 461158466582657653, 713030879891490463, 644655538787086059, 507201265149857071, 420868258866069297, 532270428518396261, 625462245117111400, 395077719307540418, 717667676930844562, 581240859347993405, 295581195915914216, 584780219089665652, 452527755023118172, 525524527765107329, 703203473226838454, 488267528889329823, 600716520100104919, 131134218426236386, 599204164753934029, 569745617687286105, 581715866002491317] 
Capacity: 751484480000915584 
Capacity ratio [capacity/sum(weights)]: 0.025 
Maximum value for profits & weights: 1e+18 
--------------------------------------------------------------------------------------------------------------------------------------------
Number of qubits: 120 
Profits: [797071161981375856, 316795981473474487, 571384080457764782, 785179038888434631, 322166671526781844, 836267361092676748, 136784076981540257, 275413617580403258, 713636512280545282, 883912352200011431, 326332319744320381, 330706503340345850, 403932636284246922, 139531118670089803, 208509151561703871, 133509585000732404, 787021026327022435, 10743519745065682, 326178996727434973, 331558886263676433, 388020467641722741, 837030921799949031, 402522139965124752, 658619544367488655, 493140955814812549, 497943227983272131, 427701736200626208, 750199376920844436, 409374041698437980, 311952104007828237, 714270615050407388, 711440871312513889, 185291663461800678, 700951051109860309, 288980565553527610, 836691632658903399, 391788761801514310, 808602072917089301, 134127501153095075, 473079394162926856, 566224631412149936, 436531450295853294, 365264779074421666, 890002358152912364, 829869637054240863, 326172513241206905, 531781558354296769, 247973262809471709, 429522697330377596, 459021496890806943, 356771107167663407, 909088729471241428, 335025779472082117, 163529483293434013, 164316176900892412, 628924254292750848, 592690846724418783, 849861481479721638, 297747821853726476, 135333637941119081] 
Weights: [695333280705015799, 31483986165054857, 566168491366929619, 630608689129550504, 414414619631712607, 392132923103869297, 265159968580732232, 356441180487151994, 697441606217231991, 388341052765216305, 522096754884050361, 701121917888631077, 575167377167604463, 538942047764658071, 201735163612118608, 641998310412970547, 377011068926345635, 351730314607661228, 533055188805922286, 441512478919073734, 505175111102245608, 355871886453639238, 561190336000583041, 587017419567068048, 710458715702945382, 522657041083027289, 597341181153106641, 454520327704865658, 289075653095255016, 585647258589799351, 641056647185165919, 415297232322090970, 458480525677116943, 681979196659443973, 675642639560110865, 661857539351876819, 650037249023752105, 640516428140636756, 189994088641990681, 411470867437633276, 453953002246753690, 470650399018473181, 499438103968528570, 468652122631165350, 685121677022339346, 699369184959094893, 515903338209783029, 123409854813754195, 373250206748174054, 292395622551276830, 471529086031529976, 138086443101219415, 525645484108247744, 635821447824135009, 438268855425174762, 629735830155218767, 608060657980597647, 364384650729892792, 448554293141924163, 433303952421698437] 
Capacity: 719365704897393408 
Capacity ratio [capacity/sum(weights)]: 0.025 
Maximum value for profits & weights: 1e+18 
