Number of qubits: 30 
Profits: [147, 372, 380, 641, 842, 930, 38, 880, 284, 278, 443, 142, 745, 513, 402, 387, 373, 202, 152, 61] 
Weights: [571, 633, 294, 387, 550, 431, 665, 362, 536, 533, 495, 607, 460, 533, 318, 593, 494, 528, 548, 535] 
Capacity: 668 
Capacity ratio [capacity/sum(weights)]: 0.07 
Maximum value for profits & weights: 1000.0 
------------------------------------------------------------
Number of qubits: 33 
Profits: [9637, 7094, 7827, 5604, 2953, 6503, 1091, 4849, 1724, 4642, 422, 9876, 2504, 8412, 5124, 1118, 4600, 9746, 8214, 5837] 
Weights: [2689, 4168, 3102, 2780, 1226, 5742, 4569, 5120, 4784, 4332, 5836, 4902, 4995, 5249, 5278, 4587, 4544, 4910, 4839, 5622] 
Capacity: 5861 
Capacity ratio [capacity/sum(weights)]: 0.07 
Maximum value for profits & weights: 10000.0 
------------------------------------------------------------
Number of qubits: 40 
Profits: [45657, 402574, 875854, 298841, 219997, 222584, 798320, 165291, 968809, 559899, 371094, 193893, 313860, 130834, 368883, 118279, 590703, 160693, 543200, 313590] 
Weights: [308478, 424809, 549169, 549949, 429206, 596957, 484892, 361194, 483781, 520680, 293215, 418946, 470741, 398703, 465582, 311043, 543759, 548513, 422593, 422396] 
Capacity: 600807 
Capacity ratio [capacity/sum(weights)]: 0.07 
Maximum value for profits & weights: 1000000.0 
------------------------------------------------------------
Number of qubits: 54 
Profits: [5439507070, 5672735115, 8045104169, 5680463131, 9544447268, 7423233456, 6327209433, 934726286, 3659049620, 4167667598, 6977991008, 1659843602, 4574925317, 8507235489, 5021729746, 1484812918, 1956662192, 7940743634, 6248731754, 482155367] 
Weights: [8208057747, 5154510245, 7060102267, 3044517835, 7645727227, 8557936815, 7770652391, 3550628976, 6948646240, 7952630769, 6441181516, 6089291005, 9076088169, 8710072080, 6548068701, 8721448234, 6207885346, 4897554128, 7147776315, 4246757642] 
Capacity: 9090144047 
Capacity ratio [capacity/sum(weights)]: 0.07 
Maximum value for profits & weights: 10000000000.0 
------------------------------------------------------------
Number of qubits: 80 
Profits: [275378442146620385, 941739153208849197, 999591960309192304, 335750908121267836, 107989185135027292, 556687969446469713, 553317214158861564, 775599655973289866, 748023451899709243, 967086380562584737, 190091737364114279, 87745190442004175, 529703969211488185, 66396673731219977, 632554178314284791, 810643486192600295, 923751429623444248, 867031124355214335, 632598009023199614, 690652580968311767] 
Weights: [434690784324409556, 537230480903227546, 393035567285778468, 313373396243234065, 514643053938501940, 547559122460963563, 578218844158822748, 509104651823812247, 542712103199459911, 520032894046591715, 513444602673083236, 580996573486162038, 473580455522911469, 502304057739387111, 526309730769078321, 610413095894368248, 249773838764356566, 595610014414081620, 401993456152920900, 527879549533918603] 
Capacity: 654824542315363072 
Capacity ratio [capacity/sum(weights)]: 0.07 
Maximum value for profits & weights: 1e+18 
Number of qubits: 30 
Profits: [403, 18, 952, 785, 769, 573, 992, 213, 155, 58, 579, 155, 69, 530, 826, 868, 450, 190, 553, 206] 
Weights: [509, 571, 547, 601, 216, 474, 606, 248, 516, 577, 430, 641, 584, 186, 609, 446, 560, 541, 441, 238] 
Capacity: 651 
Capacity ratio [capacity/sum(weights)]: 0.07 
Maximum value for profits & weights: 1000.0 
------------------------------------------------------------
Number of qubits: 33 
Profits: [7431, 1992, 834, 1293, 5675, 7207, 2457, 2012, 3340, 2440, 4949, 2023, 4209, 2256, 5661, 685, 1164, 5318, 3659, 151] 
Weights: [3235, 5764, 3758, 6542, 6861, 6781, 3220, 4198, 5315, 4560, 5459, 3846, 6618, 5101, 4137, 5818, 5129, 6675, 6428, 6141] 
Capacity: 6993 
Capacity ratio [capacity/sum(weights)]: 0.07 
Maximum value for profits & weights: 10000.0 
------------------------------------------------------------
Number of qubits: 40 
Profits: [943589, 124123, 125217, 331113, 20689, 18670, 792486, 371018, 794569, 576955, 370740, 499596, 198365, 799456, 701246, 264179, 892267, 62615, 836958, 575431] 
Weights: [634760, 512409, 511558, 427187, 635185, 409607, 517667, 614357, 604288, 574662, 502276, 502828, 288883, 641616, 145215, 280580, 606872, 335563, 530646, 442085] 
Capacity: 650624 
Capacity ratio [capacity/sum(weights)]: 0.07 
Maximum value for profits & weights: 1000000.0 
------------------------------------------------------------
Number of qubits: 53 
Profits: [2855136368, 9193728498, 9350343437, 2928274882, 2494806430, 2829650701, 3245320767, 4644031753, 7571375398, 3416177015, 1417458266, 6076948935, 329278211, 2993441673, 2131193906, 8321547944, 8797131783, 4618299428, 9065347855, 4246758082] 
Weights: [5785908814, 5962700861, 6196881131, 1967548207, 5716160446, 3916854011, 5113614264, 6558035285, 6220453601, 6121309181, 6364716249, 3371005416, 5237073783, 5520289576, 5315099405, 4698147419, 2383752301, 3930749044, 4973036075, 5858946278] 
Capacity: 6679956817 
Capacity ratio [capacity/sum(weights)]: 0.07 
Maximum value for profits & weights: 10000000000.0 
------------------------------------------------------------
Number of qubits: 79 
Profits: [769599857848696672, 970161907117877661, 314477872398516411, 564786698347870029, 19906880590493323, 760104866226343964, 948175756881838973, 637891410626951450, 915050950735743294, 297879575757042553, 32922753128952407, 205581950702087644, 353078149019225125, 268807344401624441, 55715737374910885, 928334711535838869, 869728512819730602, 710130271332861278, 338787171264593467, 681912231378317474] 
Weights: [470366169673961897, 333896502317515846, 365419949391187785, 467194693371037365, 469386181599551502, 159769875069886589, 419531395907186022, 278722864204421280, 238537513986565422, 413835654762658273, 306929327460628692, 440708280799588710, 354499651246722018, 421824648204162010, 283249166947974589, 339932761019875785, 175259391198011030, 389377691425800826, 436070688043145717, 462025503220025919] 
Capacity: 475763989387035584 
Capacity ratio [capacity/sum(weights)]: 0.07 
Maximum value for profits & weights: 1e+18 
