Number of qubits: 40 
Profits: [85039, 378287, 222026, 663917, 933981, 225646, 602133, 703315, 492036, 904722, 884194, 298804, 967485, 10940, 593979, 194808, 723617, 269928, 630149, 151283] 
Weights: [404186, 682869, 128572, 470716, 395430, 516915, 519313, 614583, 461805, 577078, 466625, 557408, 689677, 577457, 141173, 489362, 565841, 620755, 348849, 713955] 
Capacity: 740999 
Capacity ratio [capacity/sum(weights)]: 0.08 
Maximum value for profits & weights: 1000000.0 
------------------------------------------------------------
Number of qubits: 40 
Profits: [886080, 6085, 205238, 789161, 555853, 109903, 917520, 178560, 980515, 51980, 724764, 18912, 282188, 842087, 922821, 537870, 944332, 654759, 598823, 156322] 
Weights: [361742, 462729, 483213, 488302, 404545, 491398, 419639, 433284, 287575, 498734, 511968, 308956, 234046, 653156, 289989, 320536, 644384, 430661, 485439, 577533] 
Capacity: 658503 
Capacity ratio [capacity/sum(weights)]: 0.08 
Maximum value for profits & weights: 1000000.0 
------------------------------------------------------------
Number of qubits: 40 
Profits: [867688, 131850, 532235, 827814, 797146, 485505, 570153, 156665, 932539, 262653, 258188, 185699, 547169, 984281, 281096, 509092, 506022, 9366, 138637, 36495] 
Weights: [612784, 731066, 316701, 554241, 562115, 726475, 600162, 485209, 570850, 615044, 337651, 788795, 191202, 518116, 631845, 641753, 436001, 661680, 795530, 661469] 
Capacity: 863278 
Capacity ratio [capacity/sum(weights)]: 0.08 
Maximum value for profits & weights: 1000000.0 
------------------------------------------------------------
Number of qubits: 40 
Profits: [617232, 995948, 944596, 60454, 97857, 882799, 44758, 38538, 60969, 121080, 68822, 554130, 894559, 184557, 17399, 739897, 579752, 310832, 987074, 570521] 
Weights: [454522, 473490, 463686, 473288, 525922, 596068, 234382, 609914, 578860, 179414, 318143, 526084, 349285, 370456, 550492, 333043, 211337, 630141, 450728, 70401] 
Capacity: 667158 
Capacity ratio [capacity/sum(weights)]: 0.08 
Maximum value for profits & weights: 1000000.0 
------------------------------------------------------------
Number of qubits: 40 
Profits: [321268, 896107, 613912, 715076, 650266, 4393, 5989, 967720, 504486, 207542, 551267, 539016, 643058, 596707, 816347, 343824, 748445, 668807, 546786, 802365] 
Weights: [440566, 781578, 386615, 379175, 323251, 560866, 331395, 521897, 695796, 553765, 527386, 467928, 664813, 419006, 725841, 428702, 350760, 684128, 683538, 119772] 
Capacity: 794702 
Capacity ratio [capacity/sum(weights)]: 0.08 
Maximum value for profits & weights: 1000000.0 
------------------------------------------------------------
Number of qubits: 40 
Profits: [228651, 570432, 646797, 734703, 757701, 194550, 298248, 959071, 93470, 228795, 622618, 462408, 431349, 889866, 618031, 868813, 914569, 351386, 928402, 175239] 
Weights: [699949, 568075, 332590, 318736, 564045, 487525, 460950, 502134, 609188, 254833, 409764, 358166, 450452, 268052, 343130, 656523, 366199, 624484, 564757, 588022] 
Capacity: 714181 
Capacity ratio [capacity/sum(weights)]: 0.08 
Maximum value for profits & weights: 1000000.0 
------------------------------------------------------------
Number of qubits: 40 
Profits: [823061, 437210, 370876, 474387, 260551, 218109, 96843, 630073, 201644, 250057, 776505, 120847, 831092, 137414, 436579, 458828, 353622, 461564, 488999, 264386] 
Weights: [587045, 377737, 512256, 805425, 314470, 753130, 448116, 761585, 281134, 789546, 237437, 429401, 488207, 457991, 754823, 274905, 618895, 700686, 623223, 347903] 
Capacity: 818652 
Capacity ratio [capacity/sum(weights)]: 0.08 
Maximum value for profits & weights: 1000000.0 
------------------------------------------------------------
Number of qubits: 40 
Profits: [478995, 900690, 863475, 439082, 726000, 787635, 664026, 44732, 793964, 389957, 287598, 742747, 353899, 132153, 253266, 611090, 39083, 312155, 265080, 369264] 
Weights: [236394, 783622, 277555, 458294, 584019, 527223, 644263, 550700, 347290, 689721, 430556, 465544, 521448, 438073, 531605, 782613, 440383, 800136, 730645, 491445] 
Capacity: 823107 
Capacity ratio [capacity/sum(weights)]: 0.08 
Maximum value for profits & weights: 1000000.0 
------------------------------------------------------------
Number of qubits: 40 
Profits: [37888, 173063, 287340, 413244, 958692, 171444, 29224, 720935, 34171, 881072, 694513, 230025, 627218, 26346, 282767, 231586, 311559, 477297, 929971, 9719] 
Weights: [411144, 277485, 407436, 644585, 632185, 336809, 519344, 164279, 611744, 577039, 448305, 659045, 416213, 549512, 184188, 347997, 319047, 687571, 415737, 387478] 
Capacity: 691638 
Capacity ratio [capacity/sum(weights)]: 0.08 
Maximum value for profits & weights: 1000000.0 
------------------------------------------------------------
Number of qubits: 40 
Profits: [401162, 249609, 516224, 927263, 703971, 952354, 168103, 746122, 172315, 427751, 56301, 152993, 893285, 151559, 209632, 341454, 297511, 223725, 951213, 544152] 
Weights: [823143, 833202, 489908, 536039, 387172, 217034, 623369, 819797, 771997, 481203, 362316, 337145, 856596, 706186, 422818, 789312, 601278, 884143, 461312, 487384] 
Capacity: 913503 
Capacity ratio [capacity/sum(weights)]: 0.08 
Maximum value for profits & weights: 1000000.0 
