Number of qubits: 100 
Profits: [158528167895742, 258990192347857, 856237414226846, 434134714794658, 519243942551072, 151115883231436, 931202282934699, 705816671548977, 164347926048646, 122565156100370, 377452409969203, 977356587227874, 489914826144115, 680481780263932, 961984649830457, 514005007575836, 21256242475635, 565972668371430, 177993867909085, 596192828967301, 116981574385374, 355226919813247, 655551881167636, 536404542914390, 869187264879221, 941923014355595, 364814355647146, 35165570270141, 91785557536424, 309040312112428, 294468613663506, 565710630611142, 537195359563151, 32371566744883, 661442661712663, 141871686338752, 543886010911957, 537082100781510, 933556654681296, 73256651222719, 596304979537203, 532167488453416, 782514350278341, 69481049243678, 525838193611900, 339534357295451, 863076214603136, 414753194453495, 808650878290116, 916520938524706] 
Weights: [657079318887926, 413398419138849, 676311271436575, 314628692955991, 614520529191891, 307761898746147, 282977761544976, 308323365966490, 466043124540588, 626883411095981, 551682833479683, 757168014984243, 565072424790352, 540746833231081, 559311780496501, 348449790097087, 611859412095589, 513698391125478, 638999368656730, 802433999839768, 367182223211985, 809573527622703, 661514049839597, 295130901050939, 653239303945521, 356435852627265, 776146984262508, 551975519529302, 331099118209220, 214672546848050, 252474157838864, 582732198043259, 506473607900887, 670834775780887, 444634662365616, 335376874557488, 303283016707507, 777019555217994, 214981787962541, 446484010079320, 292955654545387, 748957195667886, 324201805776503, 633955508942452, 336371503699715, 583418703653536, 622350306097951, 699847761239821, 624552548683639, 597420454304829] 
Capacity: 811970604750068 
Capacity ratio [capacity/sum(weights)]: 0.0325 
Maximum value for profits & weights: 1000000000000000.0 
------------------------------------------------------------------------------------------------------------------------
Number of qubits: 100 
Profits: [827689418276555, 901987404671349, 710921851794691, 931201247090962, 474689801876850, 401234653576140, 460666563145999, 207265921171811, 665467039294376, 412298157133580, 716757892489703, 249693379794804, 316598830754687, 6732452195624, 133537631379261, 550297781302341, 363532420100533, 208389491432323, 771673118018256, 765024635216351, 413696474622223, 757880388829045, 956353949606956, 598179844081149, 86944015761954, 48679054233845, 331067261246349, 229978446118799, 55308842219269, 169175785591985, 448993712575317, 370020247336122, 139775779126570, 703811804040166, 174053266618800, 693176797453218, 947111464054023, 823080463851874, 130766943160878, 36212343746207, 119455661715586, 536896072314944, 952126936071657, 706167238974075, 659195029061473, 151528278605337, 534415869394355, 35687774095626, 18968754460797, 654923327904519] 
Weights: [403901000083050, 253704833341405, 431532509609194, 760572651271300, 404301605221420, 455446330907919, 146356309510033, 527386832603105, 429868945276169, 277643731223993, 596437326788722, 155255636887219, 394876753845270, 400978264498782, 778900409143314, 565590159027964, 505896953918447, 165319043118324, 422520213904382, 368808890054697, 685077607873210, 166055269962192, 743573288084790, 734792923543394, 668967502382294, 219958241468025, 585738172885689, 569140030083414, 285597060696981, 766047641009990, 513030760912253, 597073091260741, 535327377318221, 460300614931948, 547815407847231, 504816493894391, 680686358119342, 590202645735823, 687853094185094, 343326432042150, 418757643106382, 436497127316534, 706939033744371, 666707915627678, 324298133119356, 664525692284763, 534664884815738, 677214089396035, 486972093182609, 696397471107161] 
Capacity: 788208796615697 
Capacity ratio [capacity/sum(weights)]: 0.0325 
Maximum value for profits & weights: 1000000000000000.0 
------------------------------------------------------------------------------------------------------------------------
Number of qubits: 100 
Profits: [169960329555223, 485080320092940, 225468443089186, 600269359108332, 177103388307838, 788106913553113, 182192949418901, 652346709738440, 133796571351484, 846307702538348, 497265401499165, 53889605985460, 312741557013062, 681513529966582, 285707446372488, 874296449395837, 439566230258376, 585406225152728, 53320775524399, 935058736368076, 919966312349458, 128626802686205, 737171721799482, 589342109369190, 145295480767740, 388759899377092, 309695014541702, 655106941730516, 57469078754563, 952013746178296, 418568264668131, 751504521457758, 23286792226853, 867123785446087, 768299211203523, 971495334079022, 163149598618823, 258867517552607, 221972450665429, 455243640242410, 758065147688765, 799202858260695, 768657037787085, 998201541857239, 844423389342994, 848343924111058, 757144538374964, 965954829794412, 416731703942153, 218267908213607] 
Weights: [610106811652793, 274860192626663, 435018717617691, 735533785853757, 517102192563446, 730556098077438, 759648863022285, 191332263551460, 121233185051698, 336136073551427, 738479385697811, 642548107803311, 278683201116604, 684504717884661, 341744134433492, 703069318254677, 719767464250668, 606585417984849, 279923355260396, 278543178104933, 734209006967451, 577898302388652, 509653553113922, 319905299135035, 250143091624832, 575322882456862, 325885590675284, 512299695224463, 336058023597365, 402336228590870, 262471681037326, 747116557129191, 718227485050400, 396601778072877, 760916745024767, 581667087652757, 620287986072541, 674706339928840, 294055369226264, 654151103754266, 546418108104280, 748039153212533, 516931445086857, 754276467419327, 430836086425570, 742365332654305, 549752838015215, 275405757390887, 691292459619766, 312037511702795] 
Capacity: 828973272456244 
Capacity ratio [capacity/sum(weights)]: 0.0325 
Maximum value for profits & weights: 1000000000000000.0 
------------------------------------------------------------------------------------------------------------------------
Number of qubits: 100 
Profits: [521636655389282, 684500978666899, 423579263300063, 710748415580969, 385853220606839, 810358917209885, 293970993087854, 555561020839002, 442370764556201, 501970169213293, 600166768194257, 639048744156737, 336453732580992, 68594447707243, 481982154813283, 934174295905437, 652960324248624, 898012844448701, 307336061603563, 117175379521404, 524506775096625, 952295380093687, 907017020442794, 884494014389337, 11639027104974, 165046795221297, 876570146700536, 982523804042773, 436829243250568, 492447350278371, 834541118023428, 830151089667331, 443770447695242, 716719043013168, 349886444140510, 779207235797928, 42845359020039, 740828067923843, 429174159869436, 163781473883897, 970300913822866, 154041518537653, 270547381567159, 353180342075557, 611238311502652, 673596790339177, 992141661362127, 343290945458543, 947474997675345, 266054772846545] 
Weights: [765695305078637, 335102708882010, 654628109473551, 783094648772109, 408378663912355, 725189666270376, 144797031839306, 252671822931284, 401426348097929, 124833996735161, 246988005210426, 528793538977096, 425809562912268, 750870007355530, 489056838010890, 448758599210221, 802731716635141, 439876519933179, 213509491118766, 726938179568184, 717223060538547, 637228243154452, 130005201155806, 528633014030572, 537113984457803, 830269737113329, 485053779272515, 145944828846923, 827423841526951, 840267825066598, 308120634119493, 583828795204786, 781554237849778, 511992351884210, 749545809841317, 697815756671338, 672437637900889, 605492950791112, 379693168174612, 672622419693661, 681492308518165, 365693207515585, 309852788596365, 263177623494370, 721032151032397, 208765178046989, 823745403926990, 443049894012809, 807323499361951, 243723230995064] 
Capacity: 843271038903665 
Capacity ratio [capacity/sum(weights)]: 0.0325 
Maximum value for profits & weights: 1000000000000000.0 
------------------------------------------------------------------------------------------------------------------------
Number of qubits: 100 
Profits: [409478642833341, 335509369366400, 404738534609996, 862592442446122, 911905717325783, 924261857733537, 265141286385286, 137004961561704, 338339881582170, 772413912197752, 977601070519957, 322554355599058, 438773169968887, 940867907314, 928286534474488, 817251501415147, 957392525742510, 138627789908338, 52080832627514, 834265943476925, 529918299373146, 151343278538413, 566323720672733, 683556383317204, 192885967696098, 751025527571308, 253796476344363, 418007266755376, 267961676259793, 419450623550447, 716296886817984, 632059194110467, 962511640923668, 238576086599187, 459361507700104, 973538051218494, 629613478980083, 953365808265536, 528084106755578, 960068564067515, 867533028859717, 201527288182492, 429160724231554, 634751681334093, 510179978910545, 758902877895218, 611386650348181, 62389900635221, 481611708794981, 905949470141633] 
Weights: [746417758645424, 518285246436159, 291613859981014, 529027281735676, 387401339219379, 728257701152228, 133089330803020, 555014259382114, 765600539817983, 283086765745370, 505977239768945, 531767179966504, 417653180514123, 603083998575216, 704969328345284, 741669675215204, 566702560550065, 466243748182540, 468073482817863, 592696559606197, 736428968947192, 638039441499577, 494063426700830, 712810119508845, 753910524250399, 276003070210650, 575411428260900, 285305413124676, 570348544092264, 188403620742451, 771215383877686, 381312226541486, 515794406601702, 530698853402989, 223963334429913, 595951973955917, 456980951824133, 370388484743222, 388830096338235, 713042960262230, 356986143186945, 284524216554577, 511408145656901, 803352689442054, 532214742812379, 171051887586134, 658194485695469, 504149194313741, 555328057579408, 727801249298303] 
Capacity: 816290292998010 
Capacity ratio [capacity/sum(weights)]: 0.0325 
Maximum value for profits & weights: 1000000000000000.0 
------------------------------------------------------------------------------------------------------------------------
Number of qubits: 100 
Profits: [110227582912623, 967844503523893, 70321993686545, 677567476676800, 247944785291646, 625240369149863, 26823065318156, 179575909239017, 111380919105679, 967344101472710, 776067359167019, 652154194089271, 456418520097229, 306157481710998, 739492703274000, 514416045925212, 46990742168368, 807385345499063, 697625231983449, 382866803787315, 965395368786759, 501679345637549, 998175805521528, 563491087782308, 67531826971420, 756514501378142, 577560462796188, 546989988107950, 968045141442858, 684133736986994, 369221852741843, 320951405230911, 280700047969295, 539437333455556, 128749156486306, 422595435219812, 141824406373077, 135247334156068, 372515830986960, 189542027071137, 886951930056873, 960847099408035, 979442399363884, 586061507527708, 272734996179077, 610758426913478, 697783935900421, 66476344092408, 952932575563332, 809970745510990] 
Weights: [784055610808821, 189899271193508, 756302588494518, 416508155889557, 158251213741633, 426117789173046, 524221987960049, 723933510162561, 721434217576009, 726067668606864, 357530965062261, 849381517150164, 660213678374638, 809240684271208, 750595169909902, 282725678955748, 481721792111954, 729488979579390, 541392019717562, 495278350543475, 720389190008980, 598298011436899, 587976057115025, 170748234066218, 548336596289636, 727164800803522, 331135064670954, 612441030235157, 426472727269386, 639010800747730, 286794451048388, 169408196210157, 701506876112708, 566365322811741, 467831818284946, 766540484449941, 648614063619604, 295028218591436, 524397650895593, 268090578285541, 200878503107621, 668456214432060, 852076318019397, 580004368760559, 476528903511489, 727022920402787, 642836256510190, 560320216504884, 722561137250107, 291901442094470] 
Capacity: 873837189013154 
Capacity ratio [capacity/sum(weights)]: 0.0325 
Maximum value for profits & weights: 1000000000000000.0 
------------------------------------------------------------------------------------------------------------------------
Number of qubits: 100 
Profits: [205091290692168, 793394854146268, 789639206899118, 471062239852210, 761188910142306, 680299144957273, 217416900411685, 999128761610921, 822683134982786, 570866252523363, 362325360160924, 496615977697384, 900197395994060, 558205440397617, 68747750273599, 192312009371040, 749250080390343, 871258191190982, 876619261534452, 684210563095709, 682966872459410, 748046991226237, 809599497154453, 599889853927426, 353045395627575, 191887308953287, 391372558785170, 941154927219245, 577500908746951, 45550974789788, 592766173392059, 444598099243029, 802489650806760, 629687029773235, 807353305414261, 564901303120542, 290319523338553, 884399247816813, 8082581676427, 146554932473745, 965025444618454, 217963983685749, 936150629325022, 788269565113487, 663119076638788, 396715108315828, 779392801483187, 171543816561623, 612031908314277, 201310002385751] 
Weights: [711728906780016, 452104518020159, 772349716174470, 535103650566025, 536084192349781, 340617884986788, 408816211991027, 297508402956003, 813172645609865, 713870532966051, 643260942460496, 634413960149069, 155185604395740, 343057790995908, 419132508785400, 547185472456055, 343793145230037, 797027395246015, 550932894146768, 645291129151701, 769971366599190, 536956319259653, 677631112707072, 344526042267368, 517670932122202, 786106173346980, 356591334843498, 297750727691247, 484680110290803, 587432454805156, 488293922119323, 402050619451360, 685830177283518, 490742234194877, 547911231280448, 794353813292306, 674600273300206, 364503874113319, 574771507809575, 481340482704175, 349072178244174, 759006358316071, 525059030815284, 420085047582993, 375408163778978, 56781020654521, 700977340751619, 298211229703582, 218510232713858, 758350171679019] 
Capacity: 820177084403345 
Capacity ratio [capacity/sum(weights)]: 0.0325 
Maximum value for profits & weights: 1000000000000000.0 
------------------------------------------------------------------------------------------------------------------------
Number of qubits: 100 
Profits: [859020727481992, 205601199617978, 381278900659503, 477295405623630, 258714171599257, 622926194875486, 103184382864783, 892237004216362, 741267635533095, 144380883896648, 706538023524737, 433470995302755, 690437626536046, 973337506147927, 87545951163123, 163073969587932, 841102970155750, 644367913647360, 543238745109951, 208713514557935, 574716917263663, 778352883632716, 870341038096894, 992312594993694, 418813603608972, 563377750092248, 518428328415760, 187859745987049, 621389048143756, 568119973548183, 265148934743459, 526087924418564, 994387905717623, 326381306005846, 30967428034539, 83256426674062, 230709879386881, 748148237383641, 297727990439601, 75495532860622, 43482385041338, 182807148658047, 493671866734358, 23595788138104, 224051173565155, 426690428189978, 174799619030227, 270321367969525, 351785592461250, 941549604941692] 
Weights: [819380799359615, 748248399237266, 720363404412465, 197553421124111, 374739843303105, 507704158137240, 689360566785238, 371091445838053, 625751696385776, 491565663132888, 563962561500346, 411607913811979, 516280949398600, 102465642385729, 728186543155060, 430848556299442, 571619721291946, 726381244589828, 568353089094911, 223533292400231, 518848997404244, 719936839152842, 523801011558718, 284930117817885, 428789824349709, 216031646609706, 531112650184390, 400179872117523, 840919130516966, 764424681900724, 445427786480127, 432023220372168, 780568974148926, 568365984587581, 402030110400172, 802048780146882, 394493861677510, 395591299439515, 533025869932038, 409596740776545, 712945436350585, 802777622259050, 361285380373140, 353701198553088, 550853858859630, 289380921742395, 815632057966969, 789977576514679, 688358215044734, 696347991309478] 
Capacity: 850504633149196 
Capacity ratio [capacity/sum(weights)]: 0.0325 
Maximum value for profits & weights: 1000000000000000.0 
------------------------------------------------------------------------------------------------------------------------
Number of qubits: 100 
Profits: [541953016166242, 592045894029547, 942332760696060, 597036213053538, 67211340955630, 934616874300650, 500386589950890, 138156068616523, 198520208213265, 300276110814708, 332494863321407, 103654022647798, 338552648718577, 660032803992518, 982109422649112, 941047101663819, 530498687544890, 889455100001432, 453895946990966, 126653257854005, 256198720419759, 590704764637326, 398895181470544, 790996183334106, 807494231184615, 369100337425051, 685660094741857, 944658783363235, 852199929420071, 643045966999922, 634343512403425, 271570871357181, 379586868408567, 762263531424272, 420071103374609, 148101084045323, 293459087540515, 479351635517988, 708009775625049, 512186415085189, 220113171451322, 579560818491169, 797268940663856, 88437538093786, 166492939712431, 562109799981722, 341706744143542, 301293774412157, 161736132628072, 394454946719458] 
Weights: [280686527195208, 387031594406687, 768419103679812, 108663511648662, 391689449655254, 117637093422348, 433071892131357, 675184917905027, 671630015082677, 715637394292178, 691598308934752, 160707319478581, 541004373577974, 740149685516629, 297067465874536, 338357337925885, 280286383959650, 474626446988051, 282786372756569, 453832784922387, 729144935571207, 667509871424047, 281412194051095, 312766463318950, 698218343251397, 689354539143184, 683012330083421, 571415048630098, 442505817483207, 530128720349402, 725511347537192, 400066827884424, 702325638382326, 593898489584417, 382309340843490, 407335377843744, 531856903828122, 429090100330451, 331680650437393, 421113076727646, 447154299962175, 400609499705018, 727078362353026, 495460315673215, 426201923444745, 276658035807046, 605094884488594, 369903826169617, 753587801839036, 664856511349232] 
Capacity: 774942571944371 
Capacity ratio [capacity/sum(weights)]: 0.0325 
Maximum value for profits & weights: 1000000000000000.0 
------------------------------------------------------------------------------------------------------------------------
Number of qubits: 100 
Profits: [199548796100995, 452031853763840, 347662095054800, 743946231708548, 531770263788181, 835113879049320, 311864216860424, 664220236249308, 231505492348896, 674150401708743, 309368996471676, 445726863355810, 576191479203429, 311157145219402, 400269539472209, 6465021413553, 2962349432079, 304729681438495, 346483558235829, 377377232540848, 43328959090191, 384169116246045, 608608625129425, 499276934204901, 499319819183436, 876805145080353, 322002856320177, 143715800757960, 920887185500959, 627425216322643, 373603722390637, 945122872477378, 101684265441916, 378457460492717, 521992469462705, 98066366350210, 36897284968461, 46496644785953, 893027289544216, 399751717739248, 614394756395885, 537499755054588, 163871854717300, 527226890966603, 435616506794408, 972717452137292, 251993987870271, 730978366485209, 593681328777815, 879794402657140] 
Weights: [276581260386287, 344197462297404, 466429386788494, 753090445607141, 567670342423408, 336367597091754, 120139265332559, 616297909211029, 422026114519686, 402664261549264, 313144770842582, 310023068789434, 646265825572833, 298412587348740, 702200115280242, 281755096711202, 689205081284405, 732303526285969, 357864767456273, 662130768416659, 491007556001386, 278831605699210, 683417678531107, 750519949211765, 766287833275673, 477558368204576, 279292573699180, 648366652548284, 485237149365693, 468986815392550, 454677021907956, 538912487540279, 297659079184545, 652380223657135, 290378697536873, 375431435602800, 475592229788371, 485896448744000, 630119287440760, 330154355551843, 304932750383755, 561189263675236, 464358400788436, 428059435552430, 567189543915165, 460062003629957, 523721604143418, 750036531862221, 385224001735696, 604340936050971] 
Capacity: 767170851232432 
Capacity ratio [capacity/sum(weights)]: 0.0325 
Maximum value for profits & weights: 1000000000000000.0 
