Number of qubits: 100 
Profits: [925771257825, 339968711762, 734860810509, 759771145327, 358208908741, 571860963793, 922731630318, 341612009558, 731441555127, 96066184788, 849240025778, 319558931812, 953509192046, 35676665746, 642798360397, 629415530155, 646701561221, 502562159202, 434639586662, 116412799312, 256854087449, 710743598347, 842290866227, 790093805406, 930281258573, 504766721822, 162390197858, 836454068106, 956646693020, 831633970988, 176071796725, 874889806991, 566613771276, 406822221642, 309679289674, 238373589784, 320916437392, 396443086175, 548724649336, 295003202805, 946816423239, 844449127551, 577251503268, 631245830328, 620989653614, 175833323182, 316116667505, 208469673125, 898962403508, 12113896698, 637717039608, 16419074496, 746071505352, 114897783865, 600382538338, 197132825705, 724805671756, 399114192041, 226234795428, 964932836744] 
Weights: [599842916274, 528036330694, 519567198545, 402832469220, 152384465595, 539731612527, 267792955325, 563804646736, 451248811381, 437882384144, 515875254562, 540279112103, 565250681683, 499875637264, 237259726207, 304914973868, 474794379119, 455131004117, 622359768649, 380751320792, 650464179695, 294323138503, 169999097791, 263293117159, 328151544796, 550195285904, 576367277498, 394095138601, 506747994101, 549600365001, 534397834989, 645360794292, 274793598229, 447186197124, 469927039157, 609141856351, 581837582717, 581362641074, 650453919050, 536250398920, 609579691681, 576328576186, 535468570906, 287522308795, 532643878173, 309260004554, 632561492927, 522560404296, 278634035884, 520473639750, 210016181784, 235700743739, 450288439044, 244243439354, 280287009631, 490255990422, 434833941670, 211303129692, 107417721423, 492289950553] 
Capacity: 653791095953 
Capacity ratio [capacity/sum(weights)]: 0.025 
Maximum value for profits & weights: 1000000000000.0 
--------------------------------------------------------------------------------------------------------------------------------------------
Number of qubits: 100 
Profits: [106214313806, 670307466852, 556128748466, 581468847318, 183893273286, 820637367488, 799175531467, 969037484326, 389779065451, 54331195666, 390799892665, 911742352787, 207651265917, 350447635597, 603489979127, 593467691442, 713737547905, 573578583105, 187636919313, 497475080317, 352400407501, 591668087168, 545265427174, 812198905402, 333131676597, 916960792570, 822011591428, 170117401694, 217105855086, 115825011254, 873624387409, 233895610245, 166039625483, 135542949127, 295909390917, 299812759987, 189247207804, 922965695040, 338857598962, 111524341618, 646972245163, 163187251962, 728870663247, 952452205451, 153775410991, 33814111472, 127708611000, 951639773330, 310696156209, 487916376711, 316876954333, 491924176358, 19301648911, 987296499136, 731488935766, 937564614006, 308985398249, 608440314082, 894166547112, 381132457737] 
Weights: [868149175533, 272611165306, 715802908524, 557781029139, 686973006140, 722585763468, 799938356803, 249593459220, 887231502191, 473012696760, 630438749883, 273291314239, 686544857605, 802898599206, 792489811572, 346632760204, 854780785526, 323492452801, 291017420505, 418775602733, 480062986020, 750844304202, 850659200574, 621690655029, 624644495809, 489349580691, 563507214222, 846634837419, 543764040334, 760718751466, 552659089331, 767168892851, 525060052222, 751097478343, 551323886123, 443532573089, 721055086614, 156960269507, 687785859765, 805335721165, 124899376083, 398282782859, 632232652768, 838976137368, 820622451099, 781545642209, 594650595351, 334094259593, 720407741020, 693856322020, 468638037472, 592856574092, 863598673998, 459560100377, 550443139610, 394533326632, 723149792280, 571772752415, 803887168900, 728615402263] 
Capacity: 888314294923 
Capacity ratio [capacity/sum(weights)]: 0.025 
Maximum value for profits & weights: 1000000000000.0 
--------------------------------------------------------------------------------------------------------------------------------------------
Number of qubits: 100 
Profits: [258952017143, 237921130875, 508948014556, 255760506848, 615199990925, 405633018003, 500103548971, 454866124862, 463197233759, 438116905082, 253325194890, 933481838470, 731476404894, 53786115748, 745220516334, 247203494866, 20195488315, 883485579367, 29507122568, 814743481998, 202379877673, 578021645256, 380281829246, 91863455468, 831146578216, 235048745961, 866283527143, 426133740125, 592904363434, 943010412378, 517490498123, 419074198662, 263526627063, 372391764784, 132351901822, 330988432356, 505782895678, 962204042145, 782773281941, 609814525360, 108006986606, 733693032897, 782329188333, 51482489789, 268040557895, 864939139577, 607262539617, 933919541059, 201417517335, 932930106633, 32584052490, 945067694384, 480938563790, 636424416221, 326496014210, 998358538233, 181696497945, 57216823492, 257286936967, 641777424311] 
Weights: [687991496955, 479687149412, 344536936998, 587157216110, 436925069121, 667014645595, 466193396569, 529276829799, 801652234775, 429887934478, 478369237548, 706988646798, 68159540639, 750884946470, 754328578094, 568463016760, 712463561263, 485988626964, 456452665208, 686964353726, 683706971190, 420463069825, 543092224908, 435122773492, 139937254373, 540315936220, 704830468824, 764385696471, 684076829617, 730706482589, 545074796385, 357800290874, 471086218794, 229080960496, 535884951259, 642665995006, 381151946990, 437457276163, 528635008728, 597782181537, 667509951140, 649473880745, 758314689390, 545785532061, 704661604627, 658178592627, 744213377914, 562465804185, 365811102090, 487407608108, 377004913421, 732126044797, 214308800322, 636941607049, 384833858712, 279760847917, 656910899174, 513297565251, 689950903351, 276119295893] 
Capacity: 803116574929 
Capacity ratio [capacity/sum(weights)]: 0.025 
Maximum value for profits & weights: 1000000000000.0 
--------------------------------------------------------------------------------------------------------------------------------------------
Number of qubits: 100 
Profits: [683292048510, 63022266704, 448074658589, 254302017260, 545345169427, 688475504514, 635607340166, 883849156555, 894813902961, 405157492138, 503684759761, 699605976221, 579928911348, 673743819334, 677313186200, 867355126080, 480894776523, 230344605265, 32310190326, 373662215230, 259537872012, 837086716780, 592230579606, 317155963118, 968373903775, 155268138224, 423892548806, 842367888315, 212032449524, 492328193332, 285528735272, 246917740015, 197929794932, 976683865240, 56031201668, 507502552284, 687011884975, 723318373981, 792357336374, 539458731502, 304322760057, 348414747687, 785802935028, 857011262637, 674140388266, 626959480068, 143205061976, 933720887099, 334056746613, 687251022184, 719304693599, 387896740077, 475116619735, 237213278325, 741275088880, 177441559221, 99287461751, 896648249701, 3025087376, 210306618282] 
Weights: [716071321439, 669228920186, 396108278852, 590531896196, 430010199035, 447243199514, 578776408912, 429952145307, 596112208826, 581826620339, 229612723166, 269952342540, 709333956697, 564496797535, 686109175419, 593436980447, 567201917194, 615313740125, 563702969211, 435352193154, 484372398658, 659159073293, 634599722632, 514824815858, 425703650584, 577691859044, 611843466329, 706682619659, 407282942888, 633676825228, 493983894168, 478259631300, 552256632923, 462775746547, 459103761239, 382657665929, 426300527782, 239492030557, 369916712959, 294511757024, 251847036919, 411209493778, 392093867046, 350682502366, 624256619201, 454503652974, 320472000550, 243630140447, 521973317293, 401260270315, 701020613034, 590636114094, 468742061146, 654677825628, 198598181434, 312226972636, 440475850758, 547168459387, 645628841486, 481990308100] 
Capacity: 725451249504 
Capacity ratio [capacity/sum(weights)]: 0.025 
Maximum value for profits & weights: 1000000000000.0 
--------------------------------------------------------------------------------------------------------------------------------------------
Number of qubits: 100 
Profits: [750294055944, 339576121663, 479393572887, 86696918119, 287630119556, 387406066876, 398468995602, 297258951261, 241317766136, 557325707990, 58141476053, 1157449471, 767038534586, 730772012803, 566316070530, 589967386814, 60432259553, 447580211384, 654674725961, 249941917619, 94801360446, 578532388402, 766798366352, 644102613724, 455144490425, 577636190352, 368850703705, 159831570163, 40292662069, 96133629286, 517721748755, 951186653330, 551702047062, 673430677697, 19254237927, 515608487896, 354990361908, 469025771083, 83839999862, 595076638215, 332836846789, 4214791532, 943278963808, 883867074104, 465834718519, 200759122241, 391111692295, 829824206032, 405781725352, 466332362132, 447813929775, 517758148160, 908948906670, 825549687486, 481877876930, 945026247531, 669606941466, 725581317412, 476271098340, 577370072943] 
Weights: [476772636721, 751628473065, 599732721383, 791985739160, 368851106469, 673444719063, 650427011604, 283219389533, 412951204879, 479845428072, 647730407700, 656417165226, 257994283752, 183113740850, 398633075129, 289187422689, 717053714339, 689591080451, 757868618531, 552370511210, 625731521317, 315586710198, 409813061254, 398588382172, 692733370051, 594007974644, 507895667855, 774788994864, 371988802625, 603370652128, 731439662404, 601945529661, 354150821999, 315040400603, 703762072474, 531083988252, 477036756335, 398588078155, 545916173040, 644260020703, 266938163008, 404956481805, 526212743159, 607684190073, 558797390731, 657044076061, 732960225117, 395484714479, 352061926666, 640806159127, 655983110945, 458234326479, 778015335041, 505828530221, 623426564587, 679312532426, 688390235817, 320677852154, 621937827598, 675660953200] 
Capacity: 792840774837 
Capacity ratio [capacity/sum(weights)]: 0.025 
Maximum value for profits & weights: 1000000000000.0 
--------------------------------------------------------------------------------------------------------------------------------------------
Number of qubits: 100 
Profits: [718637090814, 447823215629, 504195900594, 595714934319, 445884346269, 971821405079, 249692504429, 736043124104, 334207407866, 544973630506, 576303998760, 497313471992, 351591725673, 991532291675, 515170582318, 301573120483, 29744609564, 366353939070, 917310588005, 460484017103, 746933900694, 504926709540, 435843311318, 462859392772, 338096048203, 815155647966, 296894107871, 363613339685, 438482690213, 1945394911, 629444922561, 832901633262, 466362174431, 309642022206, 89525564044, 526510870396, 323867516284, 460116268521, 342810503020, 826558159684, 130214891437, 985681667504, 126882381990, 763313780306, 851396479718, 659608461852, 549090508252, 283774954186, 424277686858, 917740823972, 377893727825, 192825149143, 474623257220, 688332585924, 475318795973, 898387066757, 33504525090, 487260146747, 7452793589, 234815096472] 
Weights: [818110339405, 762722220146, 457664597520, 782806277562, 456118678337, 816878889594, 800596375618, 489278083255, 657724558123, 645880067248, 615972805402, 414614403269, 410066058345, 697082012810, 491911657476, 668209315453, 455250789582, 646765729280, 819245478351, 693312912821, 697668355715, 129811537369, 812810975323, 724452186224, 402249356797, 254347775759, 400377188471, 739984468612, 258310265941, 757116062019, 275900459582, 506406757620, 475877554845, 335112895809, 521119446259, 612616732053, 750463570362, 634251114600, 808126646890, 626687557667, 524806734469, 590835918366, 485084342346, 307484259757, 219705913321, 739015576399, 425033080426, 712102077778, 670693530691, 759777516969, 579315109227, 310054533471, 453036104867, 646337314545, 358810315349, 506665605410, 503800874886, 581777553370, 726866949380, 752779284983] 
Capacity: 835904784450 
Capacity ratio [capacity/sum(weights)]: 0.025 
Maximum value for profits & weights: 1000000000000.0 
--------------------------------------------------------------------------------------------------------------------------------------------
Number of qubits: 100 
Profits: [845610848048, 57499389920, 657688481883, 17429223140, 243029288235, 975897240070, 911644782145, 87339755226, 189633006677, 516697263725, 29064947389, 95732244407, 540169507452, 339981622639, 335133087580, 555754714708, 283626664853, 103918075890, 45254443627, 405980756871, 270601126828, 92557524530, 214037494725, 101301712867, 563753064701, 503645080470, 465205382192, 483003843208, 153151140046, 179684922146, 577875902028, 248129554319, 599346696395, 874629499739, 884960882960, 850182010241, 148700803104, 575800888152, 954448815421, 911132450652, 474433705125, 926128576812, 223253817546, 784194411222, 521768490082, 200961599888, 443140809265, 263387224175, 179485680506, 339953627336, 429690019199, 898528781297, 99893133877, 707823032286, 490827523058, 249760684932, 585063420434, 183513573433, 934881485716, 465689818178] 
Weights: [683325109777, 253249682293, 539906882553, 459714430389, 740234205055, 299594706384, 505244655818, 629317428721, 408507370408, 461044872579, 741752695620, 742732334895, 527888481211, 543184774186, 689222307294, 509893338238, 735257250309, 610013218839, 364491799862, 590390753795, 299656112961, 588461773937, 495157660712, 773668185203, 464206749816, 282545268685, 555511440815, 563513323202, 777454510444, 553210156847, 599062438552, 795218020322, 371455652717, 752622497491, 309276997367, 353204181574, 236399579982, 732053830555, 676954656300, 776451710132, 722050135182, 795915159449, 180658982435, 809523665363, 523930916240, 805899350293, 553101817840, 698137413880, 507000049680, 798730950593, 404285258932, 466808506317, 520091351006, 376037538339, 749327423418, 608671164246, 497986400551, 237362117858, 182580060316, 708588675023] 
Capacity: 810909981373 
Capacity ratio [capacity/sum(weights)]: 0.025 
Maximum value for profits & weights: 1000000000000.0 
--------------------------------------------------------------------------------------------------------------------------------------------
Number of qubits: 100 
Profits: [737608787726, 934031672711, 832923955778, 83597509455, 855843626582, 32813201453, 730582958174, 342954241686, 590399479903, 861657649206, 158089191562, 651874646383, 325047688988, 480247614722, 478090901194, 128363802090, 159430038470, 628323886449, 360964554196, 680722427309, 674446924277, 4577918873, 817876831106, 834372124911, 685735569690, 910401691126, 980016080200, 220401160486, 351141089415, 554323296110, 803036656834, 460634598370, 120840517197, 351757373689, 933363973326, 737885869633, 292447754830, 389916815529, 343449109626, 994080426076, 504144587471, 104643014979, 42170101177, 379944156102, 648191666597, 202330185971, 555190213452, 263763682435, 486709118617, 289980450257, 271265112006, 457854754011, 690668129101, 113423186233, 813737441138, 58151929367, 447419678623, 282594445662, 513748969687, 552135683120] 
Weights: [125525430541, 174166275668, 387720753536, 480200065082, 499143083024, 444514966745, 606467047823, 623975926723, 481749543037, 276692322288, 451152606538, 651126753137, 666179216842, 217075627761, 734543575103, 580378729788, 334833344183, 417778859904, 591990404595, 116598293500, 691567417772, 551827981734, 164446076357, 738338151968, 430212948221, 529687994505, 546245263570, 624515719768, 597477037903, 538499159796, 388135059676, 316203451006, 549095890628, 221298914110, 734043451360, 634832667072, 566636292676, 384242848570, 531826860988, 381792628137, 483449474231, 618645838159, 526408827547, 465163249453, 581956024779, 599645121248, 360473771631, 170669827543, 535026079352, 701714229208, 640788127838, 652322668370, 580503499619, 633548985731, 586109355542, 639693251835, 498078268260, 708607012068, 719381068389, 496751401060] 
Capacity: 742205320124 
Capacity ratio [capacity/sum(weights)]: 0.025 
Maximum value for profits & weights: 1000000000000.0 
--------------------------------------------------------------------------------------------------------------------------------------------
Number of qubits: 100 
Profits: [19785701783, 297192152698, 174631135091, 988941649138, 151890514471, 91102892341, 438871238736, 244433975648, 347655573544, 942017432543, 952646394042, 423301391414, 209441905966, 170421021216, 236534703965, 239105894249, 140835450916, 879136916784, 909710344000, 728276212803, 687549718021, 865686518973, 920633177398, 689886418234, 656350911983, 461099158365, 2102145570, 975466964888, 419281203687, 42636184903, 765365631720, 140281555025, 21567750076, 966722221817, 18205898862, 42891686435, 414578107216, 647078794669, 993280460306, 855855027825, 312713535157, 404900882313, 990842154466, 274286649858, 466633485129, 144865045897, 413378075696, 430074317085, 176929483040, 603412389805, 385001647139, 160467746435, 257078249010, 979692432344, 261687061388, 353968317843, 370729246093, 162127502660, 195589700799, 979774214834] 
Weights: [607621079470, 693410118617, 337182029628, 658006561564, 103875670094, 593557182452, 684603485069, 547730788553, 111110175988, 662965035172, 569378657808, 354907138223, 404791347860, 555251943835, 601767734677, 524171570419, 274808230585, 330395741300, 455198077915, 636792143163, 486229420874, 479581241782, 656749143778, 433264124396, 654384600388, 485116792242, 633330917879, 373798455783, 517608650031, 285001556941, 374916597341, 280474966642, 657172945898, 189319279255, 467273512601, 525966198673, 577328097322, 704027908302, 558913343031, 169429092761, 511340477929, 522412622932, 463523055218, 476747940369, 104528307454, 545467732066, 496564290391, 527036078304, 683804298035, 233479168819, 331250278375, 665438560696, 679011877260, 641949683942, 392746441397, 410498888187, 456084624274, 306553393930, 499215539987, 277080608382] 
Capacity: 704141936478 
Capacity ratio [capacity/sum(weights)]: 0.025 
Maximum value for profits & weights: 1000000000000.0 
--------------------------------------------------------------------------------------------------------------------------------------------
Number of qubits: 100 
Profits: [494690212507, 282048661004, 361415007643, 763285765804, 583210093236, 285913977068, 249581102440, 74247883370, 101034373341, 125911393108, 552697858373, 226725026890, 631711668309, 893365841478, 781767567189, 269969521374, 46519950305, 9640005024, 571332446030, 921380789213, 592849823466, 160841415263, 634632904540, 486684036483, 351510270074, 911103528820, 252919194086, 21622650477, 623618142552, 589428095642, 177975569824, 831985581272, 359493587970, 539239879583, 856907123296, 205065849301, 939454105297, 566571402421, 678143570654, 957613175961, 990651788067, 444475919056, 693676904504, 617924283198, 884553133580, 857575245052, 866918256946, 512803895499, 403883270764, 440799846311, 808133559420, 57150282538, 136445720576, 242216011516, 591464096578, 677082825047, 680876045071, 620062606036, 620553489383, 149395655971] 
Weights: [505899652755, 420802912390, 327174186815, 624742596414, 276164580683, 412442928293, 635946563033, 384660725683, 496163320939, 485357452312, 402766147891, 174364718725, 621660306235, 597877090194, 648422579065, 351815071912, 291309083868, 526178475248, 611380959322, 192196311108, 490020889045, 414590480503, 448140762286, 664886582234, 235411327490, 445366304634, 675051838253, 502596327111, 537566223597, 539443711591, 468853013966, 195677820553, 309615840628, 589043486921, 659281274115, 596984293588, 390181731970, 521074142012, 433825318964, 373165177434, 445500935787, 425781171953, 297169547746, 392494527629, 525646987787, 453834212207, 561731223139, 74299363235, 531465047379, 628894109877, 544944504115, 383729931776, 335787280387, 388049686345, 628468356400, 543683909607, 345120326434, 598979971815, 564455158135, 322609609842] 
Capacity: 678961961122 
Capacity ratio [capacity/sum(weights)]: 0.025 
Maximum value for profits & weights: 1000000000000.0 
----------------------------------------------------------------------------------------------------------------------------------------------------------------
----------------------------------------------------------------------------------------------------------------------------------------------------------------
Number of qubits: 120 
Profits: [353861290751228284, 267599648047012007, 685096753836333747, 663728591255805489, 70370442721516129, 450482975827363280, 186165945562605781, 594717732683303066, 458353707506195993, 328834015908046201, 424520623891132882, 525490920937109440, 723821205002283925, 300188457129877826, 645881552299279136, 127728533151852692, 243876444679590062, 782947132913904459, 858984261507583078, 678758103364960452, 357583479092777947, 994413920717965038, 887061859267370494, 501178475446650738, 872997706280791212, 482296702606080148, 617789340354092981, 609656036007996554, 448624853652561501, 493842043030131225, 491438792953147082, 193333228725560822, 129612732973522399, 43371075497187777, 233494510118491187, 646699021297621130, 387710718570504219, 761862287603963754, 295145298982933666, 607342118500739183, 844263672386942505, 177428855196340064, 222582797378457950, 605609546461008340, 496676140193468053, 797002081097948058, 818807449107481841, 802511252931544355, 974945064752402279, 325197995484474621, 916217039383504131, 455238589162906606, 832123044401226002, 374040101055558200, 465078873282404876, 698385761074404348, 34908169506290857, 357266809947072659, 917369160208392024, 47057811806460686] 
Weights: [541679952836189422, 607701006991294975, 648836359171829461, 674401598583193710, 735029727036240946, 707644742735443506, 385522732418994333, 230418436662430058, 348356976259311683, 527041158607832351, 377616854108169596, 625578173157052593, 764162493026806655, 589680179805480968, 517681090244292366, 307615824955694939, 764715300680803429, 679263486779958593, 365438806980774085, 724566367811128135, 689043762259866651, 373317731739728097, 769559307514870035, 521955103458305275, 472170586828161254, 454716859319331612, 674310241860346674, 137272171647708525, 427941505290619935, 545946410135663167, 608210144467450688, 417998923589187222, 738640592291367862, 334856164920722533, 314616068591442219, 410151502103112708, 682950853728267184, 633705904114984992, 475548152382561352, 743065369719025059, 760635921810664473, 729381321333669458, 389809986823136146, 373136358880985729, 579552394651891297, 609925779137750391, 663895857447800336, 235447523663020768, 325952542802362890, 86147752617830683, 388982427650082816, 737777243314513024, 415258926606279078, 692560276200263368, 460961779473296725, 426191294429345207, 235691728431995746, 665263545862954621, 558039734075777472, 709540355254275082] 
Capacity: 772363994552949248 
Capacity ratio [capacity/sum(weights)]: 0.025 
Maximum value for profits & weights: 1e+18 
--------------------------------------------------------------------------------------------------------------------------------------------
Number of qubits: 120 
Profits: [380005509254378970, 176012875160791864, 774765248428160396, 621718365113712056, 587676105327949779, 534912932861044056, 477596333950993306, 183992051424371083, 535399258473212908, 570165288546380582, 468028149011383348, 541913144441070167, 386041638129655013, 156014073712932297, 582463529575896977, 997657845635678070, 876958826646819022, 654988781358682821, 724483336488521120, 624685158001238334, 374945710822847120, 875021416500016635, 599550809783640075, 277196878272227910, 73414085104242617, 627390255703141978, 135872784008517189, 481277003491969342, 680893371209736399, 552712227759142459, 722657049360297617, 375349135241194858, 294019024152389107, 930661818123642627, 604459831057491893, 233612494952043300, 976056063953436433, 500246291300229653, 295276046074986105, 821930188084567410, 614228836345941830, 238240039717334890, 874246258771143143, 526500419963489681, 143373817307371384, 379296208203620965, 524611535169560892, 227685286979140246, 465403429557908169, 991441200827614465, 50451554146973113, 63072194775584093, 461022534321376151, 400658731680681973, 796373413782919468, 364583778654427520, 710528055650486640, 226604439371149914, 572619679381102064, 135337554063353956] 
Weights: [570725433306139635, 535923589081239810, 524033394770740165, 447202092199626803, 301561858869789162, 529753750599477360, 520714510283813331, 493489119336629791, 524935689437283905, 405860892430268343, 410675510475245328, 703137219766153695, 490760286980776373, 556184337178026634, 534129824092015416, 473917103079396132, 496705922438035545, 581566030435602569, 640646766662642150, 371250441812943006, 483697437411463439, 686901653019900146, 617694195216987312, 473833773264107685, 166887886000240389, 68101041494283259, 256896547467625958, 496923180926424115, 687319567044287966, 613570616585931779, 618740077318723260, 707067479388396803, 560323373585974748, 528479998480954177, 54762946004553482, 297912597006497141, 698543285792195722, 575231104832558355, 673235241017765878, 618587984414913772, 611350962989541614, 568473770276186375, 343748289907414542, 598717157019218342, 587542569243767743, 310377093266973436, 570675546210248341, 707199160019441739, 591333427899996514, 554620355836003897, 670262203718557588, 236005443082074252, 265385421949251522, 451585483649179769, 93019836345967838, 41420273604247407, 580232933746418290, 571437341416949544, 553538125201284215, 414394022398036325] 
Capacity: 722705645581945728 
Capacity ratio [capacity/sum(weights)]: 0.025 
Maximum value for profits & weights: 1e+18 
--------------------------------------------------------------------------------------------------------------------------------------------
Number of qubits: 120 
Profits: [88019943957126422, 938310972214039468, 697241714705013280, 467867146219877269, 727837047047946099, 796796081869148691, 905751806545706081, 386012306675318576, 593835926332536260, 512132264454065177, 88915938521843737, 608718416834393002, 443162559172371019, 821816344161400607, 902685982250962389, 949950087350357208, 613683925906314736, 155012077889268997, 16715213819509009, 654123135179102860, 697876805561561811, 611535258427986285, 558704120959339374, 162402920681845013, 905392505314196067, 426787504410905234, 22828092627004656, 674749165318897184, 854908514976941284, 327205136518205558, 288969306925580654, 789132009341043533, 513542231594394625, 645465327320279045, 406969498000296963, 901081056831751620, 250800382554047210, 835545597552230932, 19508691707371807, 452301339718319629, 738861123938230, 140219799044245122, 159656002440521422, 877421404431344159, 93807318884542642, 865231539801824013, 761287867072624448, 847772088797206425, 282954473887239989, 993942219120277423, 139352973147449345, 29544492944164276, 319221488628675074, 331679330521399332, 564509629885644049, 900836220306052654, 552146981192507200, 380420105861161234, 11655650522494578, 676049211275575426] 
Weights: [501995901938071251, 496720994708224547, 356686335221815977, 705008508576003874, 733371789311724863, 762182184422606959, 616294805152819437, 670582004227077629, 393522784959418136, 521682069265484285, 474596754145540419, 205754718206445043, 166999836639996448, 384669026503345242, 511303163419558081, 695275314341376763, 478156083269091520, 654000246071074491, 664146520785497406, 710608031410199648, 364878979605424029, 475346047008644862, 135888668802332560, 465036251833427005, 195981518406068049, 649257580234697192, 414705599117093993, 508324383564771237, 760627538326670620, 703379969663874040, 462248829472256674, 400898959608042111, 564505072717031822, 629980997889443887, 730341094515562544, 471426626317553539, 484251946631312747, 354430479230881627, 460260174065345105, 682546842117485135, 403126706140518243, 610930467027957421, 686964046093553935, 283361142938050649, 774203943953080572, 609208051717476102, 378407125577746984, 691884972621465994, 663548295509954346, 592374696869617282, 748955359082303247, 368203054006173917, 697912457502059308, 687391231572333790, 470894288964896826, 596011022837125366, 280819595953911653, 580251116688717801, 519517774393066166, 706019938301981451] 
Capacity: 781664535555920000 
Capacity ratio [capacity/sum(weights)]: 0.025 
Maximum value for profits & weights: 1e+18 
--------------------------------------------------------------------------------------------------------------------------------------------
Number of qubits: 120 
Profits: [13210109956197906, 267367701498775677, 250505495050386523, 553228690590679938, 137919070271214225, 359778105238818796, 770456417146682197, 585309506088112212, 336166338146781388, 52272463159387572, 577460134586333848, 800298822191418960, 619839420333724808, 381091446123261731, 568525192273137018, 727843675867943642, 22011404964026203, 826144002234832990, 608488964110855701, 313527852932339712, 6165323246581659, 591763507200081459, 243599322869693441, 143503112931034580, 551132998604088384, 939410348574647246, 710453144585892578, 250149127588564284, 144899973851368108, 772115822093054184, 447527047851065752, 784507171909555855, 946952396496612089, 51932440693172145, 959879035276470844, 742311570844062439, 672490316033575038, 89697621204820176, 598536639010376183, 507354998954379740, 14267435291321588, 955406128170850868, 703242914445639666, 422555426243266773, 876151183492445360, 802744308732990368, 544353745807305038, 842737890438040919, 475685243868250179, 581427147300507080, 848166318048977478, 40672730792130500, 242829377895759320, 923091226442833960, 586300718637280879, 149881536386018913, 170010378135333835, 37833998030336710, 958348700416141679, 394629521209278015] 
Weights: [314870362580557151, 530543905605857499, 379698006864469604, 413241199856493841, 512482234226440274, 451750038623712839, 416988063808997945, 240122373944287089, 453666334309634813, 394046853936736613, 563243857427114082, 540462395620809233, 457062354237582633, 257924734683623026, 612069605398431980, 591542893432281761, 440795971644364193, 404752892013438720, 393847853222705831, 540208419417171267, 314716467257600595, 327805189155864578, 505661071172049102, 580111312356388151, 639692693379665814, 565617016989856383, 157968008663872867, 608337440904537070, 610778977204897114, 556989469887663057, 520141520457074277, 621156051786504350, 567059811301813248, 642490711689231990, 416908629020805356, 249556571926440400, 379189232754973124, 421168886532122189, 430574678941398563, 527761233732934160, 569271296432656232, 369178204572985955, 385231567410880771, 429773254695753982, 389675699106766641, 633503896665567259, 348707208385700329, 618197177404929600, 221682807121776399, 535082054811612769, 320269278660190078, 576310580920634431, 475098652086851747, 222601860385347344, 620295797233198133, 62607336588398344, 603574881565378492, 448252356293276102, 358156201547760385, 561943157968437131] 
Capacity: 668651213974080896 
Capacity ratio [capacity/sum(weights)]: 0.025 
Maximum value for profits & weights: 1e+18 
--------------------------------------------------------------------------------------------------------------------------------------------
Number of qubits: 120 
Profits: [111304990991720658, 10771728783742081, 45880994179974576, 93301862927849925, 49916761977589383, 997655969058388255, 659618623609970207, 351895850601553020, 126639027255524999, 623540688411337803, 859154699887994045, 60781486162273762, 20819761555915727, 779314407010093602, 505094063013833371, 467551151605789437, 541045816665499, 570943048925963497, 786198215625352044, 96356775461589668, 123110173268489740, 69495398791474646, 586005290356368808, 629405640943545786, 711113247879056621, 743164888058078999, 853749708516668075, 700500025076388961, 480248481034111416, 771103209319428947, 711827470904557321, 68569669894492743, 885460949440333618, 14535569682009400, 343212888647279490, 956801062112028492, 849914543701771149, 19775862047319343, 198721032788749750, 413440631700487829, 30836329319325471, 358073705835053632, 615195647979975829, 362780620709807089, 986441871781230730, 596317204099286794, 953870319477093508, 957375399189013666, 761955387228713685, 236115580686734969, 950776791677639245, 448105751263572856, 55131312660796170, 67831955715799128, 659195905408650895, 94828161104164102, 46853661878285837, 203640471056073047, 239835805402338236, 723996274911605893] 
Weights: [521459733456969361, 420396950809712872, 348209943503686999, 354821091377911892, 357581853317566197, 315484646795430725, 690528015532625314, 507873753406983517, 416899268284427027, 509342727312752220, 432142624004748725, 363453164528811601, 687814970114199681, 306404706183422415, 363323392543220853, 539066996537107789, 631309296598315181, 416706503063777803, 463152528884984681, 600006316389044357, 350639525306372035, 309054233209414603, 367463894276568602, 665390797348747326, 477391454837066508, 521580723751346362, 571537230209935090, 568397140173513461, 213734797403354971, 667034905139592316, 378863221255539549, 382007618736589565, 513394823824433595, 542339218762870775, 452755206107396764, 462506426320868965, 345901407074394031, 565628683643194895, 409942022404649300, 551799506970263684, 505790408045603857, 441873744202020421, 609619591351578738, 459102002044982709, 300339598996828237, 387594450045454117, 542571822785189616, 531830092755709782, 613189578229279252, 478014434069621772, 552832521116387924, 633779284758228621, 643805400484460782, 640480265813682788, 384823339346852111, 38084488471951955, 694458915489247549, 369831575425775380, 579382799314695295, 688581374455824618] 
Capacity: 699560828739886080 
Capacity ratio [capacity/sum(weights)]: 0.025 
Maximum value for profits & weights: 1e+18 
--------------------------------------------------------------------------------------------------------------------------------------------
Number of qubits: 120 
Profits: [942167366675499092, 142487135968588117, 777922134302731539, 169301956956934308, 686357397650087962, 192209059946359140, 2323448450378102, 220530479609001972, 763108867787490635, 504983526147926658, 538742049780467724, 510138845366519232, 93709498409752785, 452572718348702086, 799524038662818321, 821465258502574281, 533715530397839884, 951028958374485842, 458518320394739611, 594455853606087992, 221825873525082448, 619305320033276890, 804761670758122203, 380186033658271739, 848292717410318565, 842369445007897003, 492974809782064452, 838611300612644070, 515795469815261534, 174016881838112414, 493119486582887721, 965549728923058174, 120847861610798723, 463797516685462930, 129349060328115243, 680730943438992932, 638170952842447572, 381725277523885752, 669898070474000543, 513201385740931239, 211259660697220005, 305001266719836487, 920591685369321784, 879208925088319871, 275844705024778108, 25681337358045596, 366056932636758053, 608400142668513085, 212701928784382001, 970187109478315043, 708576845372858558, 943256380517071576, 71614755317707875, 637884822989992072, 477822224482637414, 69134814634306795, 634756043717138818, 5085023846708078, 713161126129265678, 318514589380778591] 
Weights: [367056898502824941, 558070909155222135, 494330302883541197, 572148055044164415, 701634368396427924, 591153994048794609, 504001644459266248, 650525736904824331, 202537806425620642, 705474848937945697, 653332550239967237, 158679483093305512, 576178140029747357, 425265275688298003, 611460559892995561, 604484590960026556, 279141404727047648, 653650711031843580, 182215254296194589, 293663881331449642, 583628436601094608, 372345877693871219, 678282035183897893, 643923472937866459, 447976541970843186, 468179655686903648, 466033098479392635, 387779051465788094, 627112592777048020, 380176994447191022, 335105362188567533, 667806913237316508, 680993267570749872, 424379514304702904, 363746433690543025, 292330584921930181, 706117307280073310, 390191419164694731, 552036684873477264, 124921884555321372, 411702708147741777, 498959203217531200, 599862944402940458, 319127517864418881, 561826110626012310, 652058559869026440, 440940935279087988, 707367802959841647, 523142815625957942, 546828380789415084, 466381464620791951, 565516789844946075, 330458126876516134, 658857427886459355, 322660105654180726, 545102222075131512, 638278171303006818, 469007848547952782, 704429925312173287, 645973100354389294] 
Capacity: 733938142152502784 
Capacity ratio [capacity/sum(weights)]: 0.025 
Maximum value for profits & weights: 1e+18 
--------------------------------------------------------------------------------------------------------------------------------------------
Number of qubits: 120 
Profits: [157524103251214191, 808557328996766387, 64452651362559831, 414247209827839756, 490772158842665428, 416186038521169108, 544879596331984070, 651213674217423217, 723455209693918396, 701543992137811828, 473603244921209299, 976680981505008760, 435332376336886380, 124957626283660477, 37719139495370508, 751861486513576153, 326492955494732277, 247627453858098614, 704110592544845337, 33450053819791543, 366572118028496819, 952968211441102518, 284043838139727351, 834871471847846911, 312473608457045363, 451552568779814571, 893616234576183394, 683077785995082003, 453029948557885464, 456732569036601209, 427628806166727207, 719741341201244707, 738437070648925241, 912113349178205827, 832765726772383113, 608239112093454361, 963540867110231426, 375583422773836156, 168665314223583467, 119147933000994274, 702954336288704678, 354377911504359281, 197805624740956863, 598018016011870095, 985745488607013062, 77096741934273004, 12871966806398666, 54443717634409421, 26233358917851350, 562987128250298013, 721211360559617288, 537735963059200609, 239193180311334527, 668780632587280140, 211264824355312360, 45408770604848900, 625594281765951046, 222749358804441798, 652999422819338004, 268655721659032475] 
Weights: [760842874557867912, 728623693925647512, 273477718783274566, 618387591037658576, 728868630457891477, 420305209689582695, 435602011438471454, 464105275646402729, 629899733117550276, 594971891919322642, 485137588215076831, 748028122369458205, 673924693968493312, 782947095933007730, 575772475445683721, 781932873339672027, 438744975263996404, 457803014963339869, 802219246857109436, 516959539034779778, 777283315596455472, 811699843947364943, 407367436535161864, 576070522778207217, 560162968666698497, 361126586974515249, 756371408455094323, 652211899070134972, 438468048177595808, 402688303671377412, 696140832853183333, 330289260167453384, 484371106341618983, 553303673758563720, 704146887270196294, 560620668289468409, 176583487993297094, 780990149609114545, 379912114035659026, 719263311448346584, 453168190915023377, 592389151262534426, 731141131722287393, 693576562020417045, 625010251076260465, 601358404299907354, 401047888068919369, 455691088507713441, 180243021142284533, 734733473730822908, 405943064356371197, 481530777128181328, 106268805301041811, 417909137804508703, 693290107358582594, 640160068254266826, 718228340390610000, 369851958788782427, 408906114891022289, 395477713727083279] 
Capacity: 819103046580668544 
Capacity ratio [capacity/sum(weights)]: 0.025 
Maximum value for profits & weights: 1e+18 
--------------------------------------------------------------------------------------------------------------------------------------------
Number of qubits: 120 
Profits: [156049623493618893, 246202459857195215, 594886026264462864, 274087876634830989, 813675209752798085, 983552614244417656, 553379563719453377, 173328622745248886, 495732235641135360, 687844137149988928, 897906107982488712, 495189214090126435, 537859655333696448, 644627506767964792, 421429740152422561, 409050588911234150, 680403231541333500, 93924495383046175, 992337483256490150, 378182232442416372, 460173147092471248, 838232074715624237, 735013516531874621, 730308262255007154, 957621467047823151, 953644207808831089, 840036942921227278, 587478141861030460, 509179767486421780, 412260220250449051, 572731796464220597, 148502311943788900, 941801235819281055, 312132361771155129, 927345154559864214, 765254233476702405, 77454712724072699, 645969971155502129, 702673081503096144, 149223609878931461, 871812056598372815, 312134020208515342, 145821907391371990, 760548341473541619, 315220817483762348, 221958495739916735, 753763779398756926, 431849573832495796, 444912817180116481, 329863718759011925, 488884778867334488, 166668556865705660, 683200565036165570, 482698948666541620, 391762479893685808, 423391177684812899, 782010359232795934, 609344178120709908, 144804718654152871, 395918325010365876] 
Weights: [579121236121330394, 745738816904261518, 124150047630602036, 676432248334886792, 412847363322972012, 114695790329850862, 410028455061644661, 727379049595434461, 391328120886302506, 682650885747487482, 519713822115163914, 648773000992005828, 526271391342155553, 642559546068796428, 651830730201703565, 489350421432699246, 443238881220041722, 504451978135831052, 589499742648370835, 647183127357253646, 549309729700124134, 384736301516836148, 626928224147146201, 670670171868621220, 454959528466378836, 629549786642111358, 652012549808966811, 668245728482164033, 369079455607181529, 489301674290982527, 579522599714142956, 551995842195942638, 375394700059933132, 292072414506692630, 585206696063159423, 428740681667218443, 232149021886823838, 744302272734510389, 408706111268719776, 578068320446885618, 610922631857456608, 538711205156147878, 746274265805296611, 658719386020919608, 540629546122317767, 747255201168849212, 418362796418071870, 665709918175622641, 347430633509971870, 462081773884363843, 413348716047902032, 399414024106683613, 542835595046922487, 696330067392194808, 487440413620922431, 168218406165447561, 325425306759444378, 549540250247485644, 145001072487657236, 610159541422454903] 
Capacity: 757139467364843904 
Capacity ratio [capacity/sum(weights)]: 0.025 
Maximum value for profits & weights: 1e+18 
--------------------------------------------------------------------------------------------------------------------------------------------
Number of qubits: 120 
Profits: [410291985499572492, 810116431094138591, 793108038145308615, 902779179274902723, 433324002612861660, 602527684541482372, 298758014531763941, 345109411888806566, 18325395033986589, 270928630071423863, 289554902612084149, 323542992738527164, 511122857621990652, 246352930068278144, 956597904615099669, 453376308545963197, 715044037458588473, 807522399538745215, 239120745516204885, 994323815456140336, 578309662230252029, 75845057436814706, 599716976265150266, 405299468507620881, 979129865841982964, 462473720959162563, 759486913318304354, 819409607346237099, 283398438543051703, 44793963386357367, 255401758141312968, 174587147659241596, 636777113579098130, 622145681253456751, 796848921600585601, 956201752856374596, 67432458289268825, 154622733008274238, 705737441769068883, 873706137520781276, 779147842843611762, 737505474729061570, 192496542181511007, 419964013458079686, 754442189173587997, 377242445815632194, 601098177502845375, 83679164614450397, 559438428248977208, 559520973220392684, 160209776186105166, 445689749234046452, 618726656123233904, 547660591901563653, 562086001970640315, 309248410661412954, 980087973535934801, 122373528246764368, 343261901136164192, 114170641127794016] 
Weights: [99840126358968246, 506168926814224557, 475285265648282750, 721251061444601130, 634466929144958818, 487301687982471121, 570274588977825051, 252675923807222580, 534903845041617563, 634873924074019959, 566328848262967343, 139278662013232046, 401455031186979505, 585277327087146921, 720178155533438947, 616321447417854911, 410157012775977106, 720860455530869552, 708860155493999416, 441232528497627756, 563024468450523050, 593566613583728468, 617913886643353919, 283460478723272458, 382784368506148221, 571650964874504377, 668210765208958180, 571590979505166941, 585103638039451288, 578929474260179682, 524163485322408818, 252776538247290984, 497544081143737275, 563541863829038452, 219620400966857669, 305529645595946784, 485951641843933300, 679348451129500769, 342096967154827171, 552917747148422911, 496071003658577084, 528448127020448530, 537485467726692858, 472658454403689063, 572690477207993736, 365321724218932143, 643411776060245073, 742093318952006317, 627377838909841943, 244856751493395176, 457411573227977421, 730857372445538196, 605067690880747650, 139526161435298548, 579170580301887670, 683195756926560963, 235089272151494462, 653238936692306155, 554111454371426298, 623055703689172702] 
Capacity: 748635870470976768 
Capacity ratio [capacity/sum(weights)]: 0.025 
Maximum value for profits & weights: 1e+18 
--------------------------------------------------------------------------------------------------------------------------------------------
Number of qubits: 120 
Profits: [618089397935661984, 236640298361756029, 534359434977629798, 354266635647611205, 746553955547891175, 499384078660753803, 374068485843107850, 430280189317810489, 992768290577281960, 868088612941373876, 999010167116049218, 831976201363772558, 263144086272553727, 173997642551443278, 996704647619064508, 244884423829290918, 253428930826510334, 645486973367735562, 486291586441913718, 637737071987747020, 757271388780276710, 637034437827490225, 137910747915487533, 778587548014233004, 514294135224328108, 274359445378353990, 386379250890238870, 849807485412515070, 76295496926699757, 836039605292550464, 316079146534499439, 623346093988982613, 111445060211197848, 849341412332172499, 469469730563052946, 747759507874839767, 505978219573195876, 977571042298783883, 426777152137044098, 912151023541334289, 188226826326184637, 588074073562096104, 866123989666517275, 950202637799836154, 566260798036656824, 749630844254829727, 382370912154723729, 645278158611373554, 115245785756212478, 794552786252755788, 180563240299280212, 13009791026126207, 70951082541084211, 211180898792333788, 373239055549669941, 630092665341040140, 396271837037192363, 609109232076645652, 420287426079022729, 236036118014702817] 
Weights: [483755200116030602, 496163644868077647, 586639261927836732, 601521034204545455, 310409238128769575, 667900212769634550, 706728355197332437, 670127224611176436, 554123195792583806, 385793571398369335, 550984628582481351, 687674522553029671, 546377509332761806, 568572256408944942, 374392429033447996, 648815225369187411, 516179867174456172, 428788274327561160, 547851007855259321, 347274316706294761, 505948525504063959, 338318108253872548, 703273513845470646, 686643547887835340, 501422460648667132, 440526409551833497, 618406213868851551, 471428070588976415, 468442686831604367, 462344626938271940, 406575830870737815, 686151473922408093, 627134010828328215, 637978708861753960, 148767736699115189, 444840017330871825, 520793450418407193, 521631415602856441, 500510462496772080, 691413973198142696, 594664372085991075, 578376494468274674, 436362954054050060, 204941461809476977, 51038155398103384, 487663596935689722, 552959674582592813, 502848176789477614, 342992841247268082, 512470371880835330, 587014761176393830, 378701395312383589, 393572401270712868, 566130676267284516, 150401440564035438, 424956084303890024, 293584249089556315, 335156955397569026, 333456398047547028, 398600452562489599] 
Capacity: 720126747360331520 
Capacity ratio [capacity/sum(weights)]: 0.025 
Maximum value for profits & weights: 1e+18 
