Number of qubits: 40 
Profits: [685036, 684366, 119456, 108499, 193256, 879381, 749302, 862478, 635302, 905345, 111142, 47318, 625088, 41581, 478153, 946332, 119616, 493975, 575843, 650599] 
Weights: [230547, 706453, 610932, 155033, 688770, 633789, 553391, 752387, 753649, 572891, 791613, 692459, 526191, 735331, 601163, 568556, 786678, 419311, 783263, 384233] 
Capacity: 812670 
Capacity ratio [capacity/sum(weights)]: 0.07 
Maximum value for profits & weights: 1000000.0 
Number of qubits: 40 
Profits: [25461, 549995, 38324, 264982, 62071, 759823, 480459, 972576, 814649, 583897, 196321, 881465, 450371, 698846, 956261, 204681, 125424, 488424, 978366, 627029] 
Weights: [594216, 265268, 495384, 587682, 292937, 599790, 535715, 447482, 436195, 542257, 249907, 493526, 556006, 550959, 253144, 515973, 432176, 576807, 355536, 412690] 
Capacity: 615143 
Capacity ratio [capacity/sum(weights)]: 0.07 
Maximum value for profits & weights: 1000000.0 
