Number of qubits: 114 
Profits: [24286408555718255, 862473598553217765, 162139020249029805, 651507587159014895, 693570509144186391, 973995997604709648, 11442831995908656, 585436330598872535, 680641188138578107, 25596903164524570, 482710392303655862, 499657424153053857, 601070510782608195, 331892455738089731, 626152299285072723, 239721044090592809, 574148100077263659, 228254481693734218, 581222292834794456, 313911201180217547, 884385725894509261, 687693951196660105, 737579162303142967, 370223518976350505, 719952010230970431, 304904491964809865, 568714957943644444, 999280301496906788, 422931966717958176, 541875079242485249, 722476363318939919, 498275645839295034, 340162488705611159, 406533322995451828, 833692022269360936, 242579522188106972, 296140966879956595, 550556530200176114, 515449935638767961, 650829254681477552, 693561647130254577, 758397697426728721, 363428895249905459, 680550295087465351, 293131286675392841, 931006527362958127, 687055096336698339, 804629633041814173, 169409643518217344, 560625163019160779, 987599529919051617, 235161273548283421, 337576652738902774, 58623157279257768] 
Weights: [586593573058375778, 594944471298504671, 403172444704860888, 478203541206831887, 457063000561595986, 626857994282098280, 490470390660413220, 600375574951738669, 564827414043810602, 260231427350340575, 76041134893931543, 640374222190275188, 478942300483765616, 488987628285577411, 560854099367258374, 300097930775962583, 423789215356554696, 456523378983141490, 457727898281658620, 404054263447550026, 270662848188151735, 398883214179771440, 469465093148376597, 543551816020761460, 625618239221617420, 564827609110493813, 629160897267445169, 414448397121343381, 252231720049360713, 527577410557205091, 591146892966932321, 462035514895793461, 467665727494950944, 251131632347643857, 578338150793431232, 130720927669566456, 436798764262482452, 592053107049233914, 536214858696444778, 458189774627027145, 104718134393980132, 428736704827835413, 603604417220226445, 596262283113801495, 554720953725336101, 536947030437766133, 474283827180115357, 356213028524024809, 617602848969652760, 591382473178699724, 490634871007737442, 643492097894770734, 373858225085203723, 54481777006545950] 
Capacity: 648271480067370624 
Capacity ratio [capacity/sum(weights)]: 0.026 
Maximum value for profits & weights: 1e+18 
Number of qubits: 114 
Profits: [297724096435049395, 768391259102777417, 289451788995717802, 148456340103338077, 200190892710777316, 353880266657972777, 73774009643291927, 991772196582982724, 576443932472845066, 685193779589101753, 51328050115892300, 125756212888285947, 868895152377992879, 127694523366329427, 341606530248704135, 621613764065669087, 873477516031436187, 384984784873828793, 962853350051283268, 233045113193622440, 538578242582170144, 846343263632296183, 631968612134644015, 506661748581275105, 128198506149692583, 787743592190791612, 962121117946119516, 935079186907609290, 777709714609580636, 177991106255251808, 492347013478948907, 957686428796347654, 83810986154363228, 901982785208014106, 749357790235307245, 531787654254670749, 598802951121588445, 853535461458293131, 940980181644652629, 176097062518503444, 555485986749869544, 99513108874705814, 206015285971623883, 401211667602692462, 825962642710034216, 746484083884529371, 450549318077633361, 634207922735065908, 21885957981162856, 105505214617707034, 160706275558793752, 863011297167933091, 154007627686920600, 480006697728045751] 
Weights: [644482127245363745, 431436443623960587, 387681286310082474, 329740649114222174, 787816450150023209, 324778379696321544, 596680372335535064, 725422597985582025, 803558238767651398, 515552062344861423, 787099798949071290, 681887212757288583, 605608775914657428, 685131363987904934, 509462259165889700, 561928960876316007, 456465181004942954, 775684027567995748, 283851304073141275, 746649923143355464, 671858305150089199, 653930556098110480, 733763983502935969, 648663703690987388, 524792333006040532, 656497328901198653, 543230606045974688, 619089291932107628, 774681019798009296, 367542588217406294, 818189553097018714, 762379379584136551, 650950822357628696, 805566058575480605, 677692802985320080, 225797613991527392, 539515927643664604, 659122339903001933, 771615632508418689, 394933458647744347, 263186083026993912, 548935472877138868, 593577497025716421, 646679960945558981, 753685939584364348, 576899443824800355, 453625854670907739, 699394705815369328, 739304448433053202, 769267872908946577, 594846012336890061, 653567194315346292, 808287473036850558, 614055723846404942] 
Capacity: 838410395198399232 
Capacity ratio [capacity/sum(weights)]: 0.026 
Maximum value for profits & weights: 1e+18 
