Number of qubits: 80 
Profits: [574107160601, 858921435502, 702249916003, 122883970807, 596424841362, 242679525436, 609091854997, 61187174542, 130943626199, 384657279276, 29296436983, 669065545302, 532570358958, 730839967981, 459203242969, 66996706242, 889188793098, 113846050242, 475409826669, 544373370217, 32688032892, 331026349436, 447449083236, 290740766937, 290712467165, 697681449711, 295902238272, 363876169476, 545662808747, 955787592938, 376131084, 931651207169, 298600248698, 148561830735, 214141956049, 489863814214, 594080473118, 796740000138, 65618475503, 881519016124] 
Weights: [517521147016, 553240584826, 587375792585, 423105667634, 228821500016, 491138377640, 612178161387, 260478281984, 460303496719, 608528412765, 457436110951, 431522477711, 384035624639, 672748996647, 415230498258, 686986612965, 541163919085, 583203596436, 660531324565, 236878168748, 562297514160, 358458276620, 314024346313, 689579110903, 481861143013, 568038054189, 468944173226, 625875482747, 182525542082, 490111796722, 424808959704, 701970682330, 302656412224, 379245215612, 551054785967, 679508299465, 452690697508, 651852372803, 108757980553, 647898205338] 
Capacity: 714843476260 
Capacity ratio [capacity/sum(weights)]: 0.038 
Maximum value for profits & weights: 1000000000000.0 
----------------------------------------------------------------------------------------------------
Number of qubits: 80 
Profits: [175733415712, 867344800973, 565662771954, 812054647431, 432322930077, 432566044399, 767314181874, 544945727, 617760771829, 462725316483, 281055710710, 603549014474, 412495119731, 356362894664, 836724620335, 719520240882, 486502255620, 748321487244, 64369885193, 742562985124, 947452889486, 676491762267, 431369937283, 951563595109, 96917573534, 275867502936, 277037605410, 339955211874, 762497539738, 872193482043, 751921108041, 751154677137, 324245848854, 961903195843, 532151591468, 141528212688, 455940185494, 384364879078, 751125149732, 602641070868] 
Weights: [335779625184, 651342510110, 66906316183, 470857457048, 382989856571, 460705604349, 483731325135, 535300510051, 547605495741, 405583750198, 584285149617, 449466441126, 678417849261, 687953452996, 684086989755, 713517716454, 439124181223, 505715333313, 706977759813, 622403951965, 407928783167, 471346078040, 359762756308, 581823612339, 169409874476, 612181496858, 626141051912, 469453074844, 589553281601, 542630492402, 425994035246, 643281852279, 429731618149, 442370686068, 450621529066, 703119957062, 641901247948, 339425071908, 432095487765, 723265286767] 
Capacity: 750702780764 
Capacity ratio [capacity/sum(weights)]: 0.038 
Maximum value for profits & weights: 1000000000000.0 
----------------------------------------------------------------------------------------------------
Number of qubits: 80 
Profits: [174991478865, 639665667993, 302521903446, 109888295634, 624370280103, 387344655792, 769762452804, 339932528922, 780662036405, 220822912278, 419741042381, 895447699920, 34965247549, 920999987227, 796726378263, 411120376345, 945805841449, 306322964839, 543148915114, 538530232830, 544557161198, 253598558014, 357602264280, 408196073105, 475137353267, 238207543481, 774259988413, 626239147394, 362349952704, 848469203532, 256857066066, 48218784593, 942405769644, 326886909056, 156617754987, 775738051057, 719159534699, 43332201077, 996810934162, 272293555987] 
Weights: [499663391792, 482456421384, 407574568488, 599743228819, 645531758609, 273869244800, 407747825077, 386442226721, 242562133108, 419470723241, 426178289638, 456483602005, 540945542309, 404493365810, 83322081759, 506699431342, 172124357067, 519058574946, 629226634909, 409877118378, 407588136128, 595544680459, 596509279070, 609039930286, 503036860822, 455659427999, 621941922895, 425801913954, 220109048386, 667449487244, 353340624846, 550457173955, 549890401576, 642428195260, 371664493380, 661852576475, 472265468719, 391447400750, 553554176705, 366358311699] 
Capacity: 690692975695 
Capacity ratio [capacity/sum(weights)]: 0.038 
Maximum value for profits & weights: 1000000000000.0 
----------------------------------------------------------------------------------------------------
Number of qubits: 80 
Profits: [373339492179, 712651805546, 732903626710, 78656085012, 289113838783, 625862982906, 994962035129, 844017278300, 27168261488, 381857227330, 682787301807, 237961285156, 718641693834, 437916370343, 525517159606, 981749325143, 282885364001, 23170014099, 953945826183, 931958717203, 6461038648, 458587318368, 872920237544, 876725802209, 600596760586, 420028272278, 203482300303, 28825427142, 270906222934, 102538516656, 639892803564, 815137104029, 457716537071, 577825772241, 497444982287, 826945568095, 752017164470, 347905311324, 767479558046, 664459059160] 
Weights: [366910853678, 471620519034, 710135545863, 437284667643, 541922187331, 162190253062, 664572442945, 513021989049, 536186424453, 652708262826, 384596074137, 168575286886, 663933842457, 710397640357, 660249095267, 571612029531, 684809143141, 626826738824, 561387443877, 354619822791, 594296646547, 425233816452, 427434824059, 205597425170, 372866786094, 509803697438, 564739855180, 536761779052, 325473450877, 671659788586, 410715167920, 544482920336, 505826277004, 221221133793, 237172013936, 468956199525, 374135039520, 452983477246, 715878805955, 295573035297] 
Capacity: 722851160138 
Capacity ratio [capacity/sum(weights)]: 0.038 
Maximum value for profits & weights: 1000000000000.0 
----------------------------------------------------------------------------------------------------
Number of qubits: 80 
Profits: [480924304187, 532708367372, 599044111878, 202589650207, 561381874015, 416763981817, 296021262559, 222278379628, 281097142760, 688309680123, 81931041693, 115880280921, 553392142016, 723668504549, 83988985392, 554938472512, 792436536811, 997923137302, 344272260495, 203750907640, 28050803444, 699341242364, 895642771095, 538744900494, 826124240772, 37382337310, 671902921683, 708793159827, 308725221190, 24579442070, 182451208262, 949701621785, 130435645248, 422662671805, 990178801380, 901792907318, 753269193813, 690159926246, 187370732326, 675970697333] 
Weights: [742176806621, 542250644786, 397793626591, 310289756809, 642663461830, 707378688372, 465085218279, 700327943595, 471662370428, 446164901564, 417102998760, 427909032426, 364208069493, 493154368878, 404235581200, 618914539694, 730114200865, 450864961682, 529823633667, 576355755289, 572709089570, 563314185591, 331274179226, 615667040176, 426243983330, 274191444824, 395305831699, 532243311740, 610388091421, 621703910489, 365990233880, 551530069118, 624785346021, 579786503502, 628148758617, 445352244072, 545844199460, 613913009555, 419550595893, 181397343015] 
Capacity: 765972723373 
Capacity ratio [capacity/sum(weights)]: 0.038 
Maximum value for profits & weights: 1000000000000.0 
