Number of qubits: 110 
Profits: [959766959033185479, 562839697436023466, 861273873803940695, 589991976325580473, 968331484050422831, 66960276657834625, 803948240221636839, 722546951170996897, 251776452807431294, 833101567687079877, 932298758065456877, 152609465511591936, 848736992219326515, 493298076887919196, 714892031828206494, 452888206568062463, 701339118184320838, 495253841770367968, 705115111441744724, 853589948795354873, 865238441740296221, 348710891440291836, 454102783327081357, 166352153578634778, 74921172729755885, 972777201152199125, 613394448226734086, 133828180267896348, 152796235013165703, 959477532257954480, 94114181380162536, 288588959510320903, 453886804594196447, 296237092198435680, 327295409866139892, 398258097323185963, 220340640494938743, 406266276578400398, 64079006489976057, 423499762921194228, 280143532404575896, 550053229274639393, 126873652455265183, 217117092645121829, 841157894199649134, 955866005222700939, 386651262028118091, 141481900773014839, 844005354055692652, 67857319884400544] 
Weights: [319437345402774513, 550901972504221600, 193915265800705084, 634327267111668019, 625706275225336603, 513300058233998597, 436378865726283976, 132401960692336972, 616674230209682310, 244388093644793233, 616603417271536215, 522952292581909680, 639227500072157775, 584906755489359491, 429228207080085496, 559396581954197807, 527235508016133233, 551537513788088920, 610653738245899524, 362360174293634462, 286461163439397666, 528235392905437099, 638347027068213149, 465556072212381868, 300809948920128824, 598609143005614550, 340039770334865702, 580180338543496219, 544782344009667531, 450715099911807590, 611127474525290909, 566483424302401308, 353521543861790076, 640660124442141567, 578112085047632533, 600579990079966510, 596620065764984552, 631109530620738860, 579179380925716437, 169402994162681420, 418129755701997375, 565348145652653587, 255371073521873334, 476979326748847337, 647426033502416756, 510102334524952160, 412225562734893742, 572572550234691737, 631494602917614396, 523075985387779219] 
Capacity: 654045073335147776 
Capacity ratio [capacity/sum(weights)]: 0.027 
Maximum value for profits & weights: 1e+18 
------------------------------------------------------------------------------------------------------------------------
Number of qubits: 110 
Profits: [442513827755147227, 555719473171417346, 725941821129896320, 840092053885333513, 313676559945598896, 375372089619404000, 661992320456586923, 687382983143397206, 350232296836161261, 469625995258218691, 389183339507328388, 304457661000365984, 892402079270285640, 923609549152424413, 401499489503973298, 818774134088372225, 220545549409483754, 223080924055671932, 502489411040669591, 143216882422094598, 97620974459433060, 933123899817164447, 319777076043112818, 13123469272135309, 216315168491359624, 439631498121134431, 391705856960712807, 91624218304687084, 177167856961222832, 945331391037283074, 510066751881664987, 509925721938515702, 409329423957378255, 770484504397282329, 152034680414159910, 430523602227554377, 179445752157998671, 913043790509681186, 631460382634906344, 610746922330326757, 78868198008423889, 406051114456658848, 411695188106992594, 208473468081763683, 854733715837939363, 399677680852589316, 282960970659884384, 801847527425634719, 739474440321110491, 764151486534049445] 
Weights: [194807574607469565, 585902833068080973, 547587631718866951, 397903498088066154, 597335870625164227, 157789205049786277, 602933092628052773, 411972773361947142, 512341660919459700, 565750769189763047, 180339909062300121, 354436598998448027, 587746500303017466, 440719055020884261, 524445187416381032, 560482723974871087, 185831212728212490, 427341662523235932, 513685884319417419, 292291897169113893, 532899390971932709, 517940105958295765, 596116797451202288, 428178516631865550, 580247041810938040, 434551047602197688, 552218948718816541, 486102753128225770, 573660026609240133, 536474789511885337, 466360896763308025, 274948113493104392, 540891220868330210, 180323666612545189, 288392649433731156, 554552569436548805, 457197846126694342, 490224904525692935, 82775369885669737, 499887280647041860, 553621495455152322, 358975909895600242, 593502448771612982, 579254346097513842, 547994145728665572, 586182672170927854, 528766361962436262, 448799361580485664, 451165101065457840, 555800083289261933] 
Capacity: 603854529025008256 
Capacity ratio [capacity/sum(weights)]: 0.027 
Maximum value for profits & weights: 1e+18 
------------------------------------------------------------------------------------------------------------------------
Number of qubits: 110 
Profits: [410909331074981575, 736283708488823323, 416060930598418347, 964989718454252695, 93811790427438724, 464213092026022105, 704687447365192792, 711684838941870592, 147977827539846954, 596990537180267961, 54745285372318582, 850871810436237616, 894474400437557620, 700076006268921031, 944148387306559642, 693260364486216634, 993432213745169515, 146005263097170136, 226051383404141582, 617594749298323228, 342426622705239612, 106410054719755836, 992922464190858741, 818042784255489016, 444698371776311519, 181884302259116530, 594103967472090607, 528299891051709046, 469572814994436722, 458910428882124653, 979783016263883998, 866011132960283413, 187251674635321105, 533169128420194102, 11305122184311809, 107554881395856665, 609543433494384340, 712316566287542095, 163991013307657519, 366406471056028, 62675389386932240, 305234744936475724, 621977432983232591, 924471167120532393, 789973127342582105, 883176511120062831, 777610684373077625, 859578453206514190, 221391153182971299, 829573988065365131] 
Weights: [611189168955315288, 415480282481654069, 518950442401749789, 483197188784827459, 592225958348880797, 316164127742487133, 661936676200815132, 362608138893367821, 481468995837989184, 344551861945623180, 656090601340767059, 657659094716744245, 506958704111530245, 598076093628736911, 595434448286484996, 573679292534168995, 544952694925161984, 569171280534152677, 671425867224491901, 673251065101743066, 529678919725695200, 690983412403448614, 475057653925407366, 385454521759101011, 560352017462044081, 555801251123879306, 541451795245384579, 405519566618335859, 568260412315951049, 660040033066093699, 644821866457798487, 689554842671613519, 461708584523108607, 594366375970640999, 698316730858792265, 576936887697586238, 615136755242806073, 611279434835686197, 407485396752754944, 490756737221161252, 555168111618540171, 677447542635648266, 530582035546760347, 424730713281427963, 531329589001599153, 630429585908508004, 211809584561128109, 628596255794772667, 369899767449171333, 352386236621465148] 
Capacity: 717365055874245248 
Capacity ratio [capacity/sum(weights)]: 0.027 
Maximum value for profits & weights: 1e+18 
------------------------------------------------------------------------------------------------------------------------
Number of qubits: 110 
Profits: [904398905602772255, 324436879574648344, 298976337350259497, 499498659645761248, 432242963697057780, 68624749615885493, 445829231296196716, 468227770216345039, 380894210247722369, 37311559099884051, 476319241389616923, 584305680550137057, 222668134357548209, 711806289743586691, 265790664084402862, 107773880720761079, 551952547898385578, 251511637482455561, 936499608572789478, 546937394416457254, 803393201964994608, 679982321286667196, 539888136647104811, 171198768018981493, 744072551163484695, 288838547627942305, 117939656635694516, 67466905635096799, 849200349936493191, 211783880003487348, 769684866913018829, 607453895627323196, 515748650201011479, 528707706223026993, 143398439065897479, 678706957924447125, 311121627402198337, 923378631749295776, 283724597775205652, 782041837345000958, 705800498869837249, 640542773424427017, 147453907209964157, 418364236783151792, 766387789067257831, 983972587595229336, 741948386353992956, 572792130439067921, 960351644366082082, 473529313437729033] 
Weights: [668876119818725344, 305253380614378098, 713050836494916995, 309425371208572461, 700792717720767379, 659531578232934600, 481549368807269425, 219134801112637265, 516631652546392066, 619962242462715856, 589197774361925039, 691526159778316385, 675335319246034828, 529043351079755554, 402521136722403278, 535226780058553060, 340635261928713515, 621126817739555430, 661998555861317843, 680710738205861997, 555071603455832385, 583449063524858304, 670693880217228468, 559497670335404739, 314172916570389167, 619715250032963346, 410880416824902841, 215183465309580703, 541528816711510558, 416836151608981516, 414260647998214751, 624309690853063612, 465169767280406059, 526101574475464798, 432057148306968985, 523014580498888873, 649966840885155167, 660093577697471772, 672583254709413579, 573906698569421965, 458500458484675297, 654439918248105836, 629244784575927957, 555620385544271598, 622269151394998036, 455279850563231260, 606046397312271250, 592125625904658779, 498946058860964272, 601534082620210453] 
Capacity: 713442804014663936 
Capacity ratio [capacity/sum(weights)]: 0.027 
Maximum value for profits & weights: 1e+18 
------------------------------------------------------------------------------------------------------------------------
Number of qubits: 110 
Profits: [736260951289613999, 610255550092258818, 17352898393804373, 156140143562920366, 620870418651843281, 771793869793578203, 293556671170144080, 808558442829577719, 156389064107923921, 13466694171968995, 651245128543970565, 291210503585342070, 563714320203529402, 521862764680138535, 682152921930035387, 539552064496158276, 771244225056897795, 756147189051430298, 927266087998257488, 790420558483073352, 284338390255518822, 908509437128088110, 79806875801214396, 269068641812153359, 346384444668511993, 954630228869357396, 685483064046288839, 501139968262768272, 650595810210559882, 202245321188965965, 735832728040620726, 373388582677613352, 634573571596662330, 77223280972089180, 169573886810480667, 570890340037060454, 82112748301688974, 42890299864622167, 27367943266862809, 313708618339891618, 415256138525159031, 54792663646605339, 691403881474627125, 705776737169216161, 946477050351112196, 540790072963007120, 884877848269962282, 53454677120233556, 370070984533422317, 115105651855226213] 
Weights: [503336362841491019, 610034227729481896, 492996474590426446, 567739801589259555, 573648407788978666, 517380261144447445, 521487740179524614, 611704362582856325, 241944945884086109, 573041336854303576, 189217402058555634, 217043197028076979, 483272980731984911, 549577889131428594, 520542715159064850, 571436486847863059, 426691412305340329, 417329145547011368, 601073424143942986, 580938587601990327, 494121967498888719, 475083230538393238, 623215494702704229, 557670325589483101, 581095228484889704, 543398319021068908, 510998734226296467, 608225387024197005, 465804525527805724, 556467527396624023, 478800524011565120, 594187317544403375, 578668603879481312, 214384135266818700, 548384577366223527, 561306453175760451, 349780701940984644, 510997570068811490, 631049067927081270, 351460573162565001, 215466648749338904, 567742228470359367, 362065804597957810, 410654522372308710, 596089877119286069, 155736899788559477, 336628187014084060, 527473383173384578, 543218810107898862, 425997983732490406] 
Capacity: 640532451237085952 
Capacity ratio [capacity/sum(weights)]: 0.027 
Maximum value for profits & weights: 1e+18 
