Number of qubits: 114 
Profits: [522954886988378253, 70870178570231900, 969311979238825983, 804272711820261680, 919084924155936369, 34809511291656536, 249337487067546400, 529847104870017226, 897269426343762950, 531247690315753718, 646780895926055621, 685913503457470004, 200174224934909673, 440236078905087023, 474887541422625958, 961601784857542110, 826211438533836732, 119373199384886908, 314354760004606957, 117180688624912894, 481199332955092166, 575941291812791734, 154718980158880661, 149013958828888218, 815753982315066637, 570374574982625418, 596587855806959407, 294710563954110841, 76580259221609078, 827040615822746950, 53316472521550093, 350117051367544050, 116597213750950977, 782967230052709387, 601293022484722496, 30522076829373755, 33328692933115476, 666797726283663028, 581303503742399727, 424480766841001161, 157550883195542385, 934758083253112538, 937072521650257194, 727935993766473183, 825899779431197638, 78542689306348558, 400615960963955343, 541212291190128020, 139760505548937843, 253705499287211884, 561260233901955151, 172052072171456977, 965506779232205152, 828706058942036481] 
Weights: [482972221994116679, 173000890370360820, 657614608214652158, 623955055552760416, 548128114945215448, 446710492356511400, 565052291684291556, 97773290406877638, 596944413833652055, 352435360885998690, 634271341233374182, 545077654235706541, 200230991758016424, 373812259268918472, 269179874019539283, 475252535472921171, 495453057670536641, 521549276173262118, 541876099052151948, 578644729855083025, 515264240607436449, 501841519820073288, 661330530517407238, 178782060433064529, 527061523332076656, 441280731081329996, 503617755009280394, 645117783552467760, 474333442214327129, 380227129796592973, 517059423987017631, 308514688886184660, 280428977702009513, 495761051753781340, 673391763391929485, 309338945266111285, 452370940751300812, 69793501363039835, 646457026228958711, 582917033192506702, 369406819465576956, 109868413233438446, 486271528783865416, 660102956830333360, 646817110337791454, 551145393307124051, 672805768412450281, 608221078153273555, 542214733418491132, 574334676505366532, 635013839352667989, 583050920173319917, 278274592924087095, 353231785974715858] 
Capacity: 676718545617202944 
Capacity ratio [capacity/sum(weights)]: 0.027 
Maximum value for profits & weights: 1e+18 
--------------------------------------------------------------------------------------------------------------------------------
Number of qubits: 114 
Profits: [565358808441004345, 73142436540682643, 586981354490442975, 44540636826253391, 579311277700749914, 540646261528139173, 914291730037347542, 105444416682603552, 351949725959938178, 645668239765218544, 882990755915405768, 627349721354322056, 118045407392808837, 35799737252550628, 746581996572155972, 561154094863305785, 316166435651326124, 47843061070495538, 2022205033798590, 197514544490656050, 600405698622054537, 937008432054070393, 350961904788186472, 712674114791093384, 992363973125445142, 146742350168725666, 677363285183649988, 501522050371201179, 404804712395254938, 879599876820247859, 588671857198537653, 316383795170780362, 339405910515342475, 815586238003942063, 8733469009097839, 108554695457264309, 645439205372406258, 676937368599594965, 650013212674982543, 197552547467198087, 852012168581851351, 692998676778012910, 741320491214837950, 558958485443815473, 154139902204622690, 242137940071521727, 401847218521102703, 338387704411995845, 305037331730590903, 724758196888511074, 529842875030254892, 359834104595584087, 439616157156408836, 690751209302740795] 
Weights: [519698833880778165, 320689756148674289, 713018079896289188, 414482816398910894, 507568863892670628, 359539550149235844, 732366619522557945, 688415861863937744, 735387646638000554, 686390496555406241, 643386614777133318, 482427792447271229, 486244956047249024, 771574084949241895, 465934517898123582, 430414045203208587, 606623813677758238, 616752010004866787, 404298706632180322, 540598543268461110, 478471323188608328, 699235568686465705, 334147146818667729, 643115784388610280, 765393268157263285, 769908704258359400, 622796164475036389, 660344447915238726, 680437035872818208, 227282928129871285, 484721366222398869, 173592580718574814, 498034772462126388, 310164081377261239, 605664624632970044, 638260533439423868, 597590998550886864, 351320641885452874, 601530792025180753, 659239717062597259, 364787197268093036, 507092528675343532, 659792226269418965, 613479948805732653, 259901298301531528, 510902744629353310, 164804787341042355, 650657872110368753, 648933641318001317, 552712019776035641, 658868172415832285, 648889954803974964, 559471717748010533, 613086853976568545] 
Capacity: 775716693787267456 
Capacity ratio [capacity/sum(weights)]: 0.027 
Maximum value for profits & weights: 1e+18 
--------------------------------------------------------------------------------------------------------------------------------
Number of qubits: 114 
Profits: [33814901498253966, 993189812471518020, 156054454874067503, 338132751723810728, 953739633894037486, 717952708173928976, 60910024752774262, 300168487652426172, 421029244615079838, 450974871960257616, 761507271775401138, 796199989754385333, 137571032036053623, 755713458731614355, 674387243959630849, 146161860957036614, 840713535635455597, 662040128403766132, 384809181390385641, 647817710405183733, 933630980371989088, 538662990454192857, 303433823816291809, 131224047724951120, 679353297027212477, 48895906165582540, 96967823738593788, 635233364552874740, 467088334681245138, 218881552590316650, 912616143130145851, 892919205254066263, 849318765528343508, 474754615942211241, 294548245943243389, 356814513036446185, 873024405855538084, 494566328504878321, 943143007191952084, 600153280909700469, 706428040018465557, 411273878612180203, 145663263280940818, 449089451480598565, 913140913017434479, 624598464343336669, 469370055087211731, 219858932312007554, 437335765485867272, 821923045795167173, 130494058654884337, 319121936511840374, 681320658145398142, 232049685774237267] 
Weights: [702396308572446703, 590116515926818779, 356075139667593632, 574273378316536664, 564468220317133095, 625362359560989725, 204754035469065370, 664237155918546324, 376388696083048392, 610700480145243973, 436468693057548908, 459984152125411113, 476016254939766748, 363273410583310871, 402552681392347424, 365394476995105830, 504397929320559943, 639102321795152991, 444570521760606117, 470898618631014779, 566558481389775051, 541272064802299546, 611874006605086200, 341378792283334599, 668892598144196283, 664177671015529289, 477209669979922924, 226985742057610278, 608811331509654907, 561390989070749165, 472677853768768675, 491773408781050238, 286140319827759364, 402760019840313360, 551115190201933766, 574354869296935211, 557930664195191936, 704309761809236799, 647370040565280294, 346154814660270254, 480600098529038950, 578545911044402651, 601076136741254161, 515783555741726566, 82624565311759350, 242916866877117805, 579302697992256309, 241976939807991565, 683262637280421606, 552550690364965159, 671233180079176100, 358593240642240968, 568264439679780696, 285618662792581261] 
Capacity: 709941059407302272 
Capacity ratio [capacity/sum(weights)]: 0.027 
Maximum value for profits & weights: 1e+18 
--------------------------------------------------------------------------------------------------------------------------------
Number of qubits: 114 
Profits: [775418609957909868, 612026834649933633, 93970380063312285, 516566928723863778, 872159431556013307, 128193851093968746, 802755208182523303, 828216670443959342, 890848525494679690, 755805680209592755, 946980153738162281, 634608075381151756, 44936044623791506, 95586416874920046, 585155934050758753, 755022560761760623, 284449481913881258, 928328420554820354, 781292933797533607, 408278236726983261, 594772924460682202, 329406412941292564, 395342195254611596, 571340138669428758, 860144952295007526, 807334697025439703, 663181369876805663, 337745197650838372, 541908624251296732, 137493890286253730, 323752893326158639, 14356202685057931, 589348176294488864, 978124040677660187, 552331767617611460, 718509442580360379, 376610782473440684, 397186291124825066, 960104805977096858, 153325692060710852, 861848716855233303, 995983648793011133, 387329612755116021, 206354808271318549, 901833045414358760, 706514161688900591, 246285491919729389, 585895067694839313, 69913329521047968, 603143116580780499, 968172351298159239, 63500891585868340, 878273716568841849, 134678572634377976] 
Weights: [419155583426038696, 574353092684508916, 579808031085130789, 366163675207195842, 796673111443817911, 753882844994670084, 652151720747778870, 791914285336405803, 676053797757141086, 332910030282045904, 486132100288373180, 686228156330549842, 693859609997918544, 672620069922169556, 399017604986621494, 443564451892111522, 405189877224034820, 617495338210943209, 638130037453575513, 770245582827807171, 597677606350218559, 467579288905272396, 799147746468187716, 446903973188466470, 492201951429403523, 496913448079523504, 532403587638529718, 388669315561359393, 485662837555083761, 405277692499046520, 772346870993401350, 703474466470339497, 671270377927604029, 773680458072466655, 612921715625221375, 700815293105375049, 628739478667191701, 757220317979588686, 691567078038008949, 412043918543313823, 644786738402270031, 802323345361571469, 640624980827498958, 641116131770918466, 147267629265258975, 517426021923395533, 380891089868086391, 427105823126762832, 174974051676734072, 95259079198086516, 697283945450776365, 500867048033902474, 639957593825336633, 546105937275579347] 
Capacity: 807476145004622080 
Capacity ratio [capacity/sum(weights)]: 0.027 
Maximum value for profits & weights: 1e+18 
--------------------------------------------------------------------------------------------------------------------------------
Number of qubits: 114 
Profits: [133362291588994741, 571393810874977495, 344033396289402781, 364498273637315484, 986526434295927533, 57531158560168892, 217367219906040403, 343879008449965408, 930778329199847409, 462162244327622210, 465012326240009652, 644258085396694064, 719885315625559828, 334402455551062577, 901027066730566541, 537101505397408035, 148826832482179263, 281620478894083856, 858659521341085019, 896597068575120480, 753177696004070969, 733630132660944872, 833536498670431344, 990891198853832490, 591626454442642124, 194006620407050900, 418875344987270318, 914491881994403575, 694416067511934246, 138291319893279, 564704293467770206, 604522711582537409, 300503894957131142, 877081333492093458, 82214284732087149, 137952149926587981, 72535187591074996, 494680332797015751, 752704753182279653, 953837653366598055, 124651033842108549, 461630283699253923, 919480726221578721, 307658053565834742, 160961124827977059, 875849856313492711, 956916569832529420, 993403739910891268, 725833882417570016, 567324092935809387, 128066536016129438, 319655478039514463, 313832315270504281, 907450721882251127] 
Weights: [678786375382728843, 670140043023568968, 348155067729431904, 575251998240660277, 652985574555170898, 198402693751762051, 556587047381258501, 248816331496633843, 94068543085861376, 570273677930371268, 544903699038278305, 408107567505527409, 695004224975411189, 579110335589562922, 429858181760686897, 675903789114786317, 695529105022087989, 241508079248970075, 481759506188864949, 712752572270003355, 178456680992837980, 453131040129977441, 573480167332465950, 679147872325603139, 583317964768977867, 456729722161864553, 472941975076537545, 476919531513209686, 520657147977210507, 264201386163999693, 694995025320428532, 479741137563569866, 490405511181853396, 618131060985688312, 712654919217227923, 254597415479249588, 519486061001275717, 646496814246705776, 536975806873381379, 636969729773546926, 626931332060761655, 630139667415383652, 675832512842984637, 647889996448658098, 465146359742170751, 622503881040235990, 444154902864452860, 533525181205275375, 110331288544402475, 487558069473648044, 114162200487723080, 534749960734345538, 197700484117816823, 599790899771080630] 
Capacity: 712761279141902976 
Capacity ratio [capacity/sum(weights)]: 0.027 
Maximum value for profits & weights: 1e+18 
