Number of qubits: 120 
Profits: [639830967162792721, 199074996901928052, 354936695890008799, 572783400039039441, 945671922795113175, 739108961223152005, 906544410058795385, 270148695457225512, 208872878065461846, 170940532166402797, 375460141251159237, 482489419294216320, 668798283604737928, 263466254751721043, 143750684067134292, 668958618574501925, 201152813090591386, 349183227049878224, 562504621355999784, 713777993162212373, 111011727900696766, 335176856070083978, 746034204663947634, 928455310666334539, 178605400214048574, 722783278409480115, 891635662664672488, 483136318881568209, 9730828068324228, 611040627612299666, 281308339993304417, 340008100996094235, 920944305100208478, 40385696021415440, 709244385728513824, 306665745907056945, 993094535053962251, 533422030272231663, 789493364938539138, 740004379050397789, 825507980570507017, 544738302852690618, 143705450354984988, 332806763940937172, 904673136349649435, 837054655344896286, 897835243747540669, 933838335190824274, 249214140484018990, 580365560913208678, 786706841857041371, 334004636048520767, 610823489327416281, 67206276302295025, 386815871640759721, 286102560925178360, 877235142182021639, 621423871503578302, 518208510408709747, 958777769097420152] 
Weights: [562705904137182456, 291459508442895850, 612447068514129746, 523605963635752169, 500602071222717983, 610743873996073041, 198906838215552054, 655246019288470427, 304961161555665375, 285912010880071558, 384297425878670890, 610838056768048255, 546445367320207516, 274581278439344019, 445607624932938012, 439230039303790806, 510001295846146770, 473690601607445737, 550104616776743446, 586547432415130807, 527749682918440572, 163012847964559549, 512147913612612537, 289244583064952751, 535388003797348732, 649041794788291333, 671735175801432476, 407808281130438913, 212062608023816878, 329218696853346814, 238064984646890942, 499577324217274236, 329757952358074131, 651610213176606089, 656018549002343196, 103842852580137444, 338728003565367508, 128381583831984675, 327900009359329417, 600802631151521562, 489476163312987800, 558542832609836950, 591154845886553899, 156925144405877766, 202447418068314660, 398572561659683432, 538578774571091439, 251836037311085509, 571754794411382039, 313612859128162348, 456778892724076364, 149630349877928713, 476725063746914310, 258469068389428031, 443066496796649794, 458445588127917472, 532685414030188102, 250469421726287080, 245907326798060572, 322838688755306312] 
Capacity: 672152449363334400 
Capacity ratio [capacity/sum(weights)]: 0.027 
Maximum value for profits & weights: 1e+18 
--------------------------------------------------------------------------------------------------------------------------------------------
Number of qubits: 120 
Profits: [9648570109445175, 249642094249762923, 329150146064515111, 936285797739738918, 538958614851294875, 476632388520896998, 307741390670959859, 149912020910098624, 228452005282603613, 730497028884825814, 800959693314315522, 951493763603687780, 281492423995425214, 617512837173799619, 605062105195071607, 867641544498536834, 279803639828554248, 913304623085578086, 731323239880782105, 110161760459913258, 81845702612701393, 194588979457078542, 596957513727442333, 71282384996226335, 912053819780301586, 600928794328714459, 761939362504431570, 658864321377969410, 463615819441996935, 985186216080050772, 688109286522251335, 347938863676185376, 679567242876259929, 434515790985177263, 275014935540512678, 997472204831617123, 213351041312129488, 82595097475854021, 243705959044460828, 660567236882033365, 425096852497816046, 193851720703081648, 656697025472004279, 308391247222035110, 163039228788285285, 378585709025851945, 405343753941402014, 437841829306978632, 435828199596502806, 572686788159256376, 547047126538681905, 160589104892154112, 219309280903832466, 491711959472384982, 788935369767797956, 593135635406186028, 624711268923207748, 261590869140315580, 350200420489319334, 45491397652225111] 
Weights: [651992466429671242, 484645513895748518, 377948013761051777, 414844998397813450, 714774096725850858, 468837165749237667, 682148891245654645, 587483442400741000, 301475777109853996, 611385350807696737, 688873534436509994, 365793599954974781, 495748632731699405, 731830390865139243, 571508696436731646, 735374116989220412, 315876614723893457, 411074981679714984, 535055853566018017, 624116531590364636, 707716775548872690, 390733727608531308, 263688867900550843, 563533564103502093, 382190288588698910, 604250300145263883, 416714464510837885, 706063214179614290, 410395371591583561, 255019871912681029, 573768492827143137, 538656600640956289, 540372351156854524, 367064986526145492, 426442603540598465, 411294541838430897, 551189378762595966, 682828391313520713, 717554499789203540, 401948721230669310, 560654437385279161, 377469831326352482, 342000407516690397, 278555921167456445, 429656911534565210, 404617302297011308, 539978781216770248, 741103762728561422, 341263725842523031, 393723593617959776, 252661071341222146, 536748322611481797, 94904283765381481, 248312039788929463, 279534371960713341, 328956686435030408, 442818640573470705, 287076007781424380, 500783492966724540, 507817703508279693] 
Capacity: 758082586803539456 
Capacity ratio [capacity/sum(weights)]: 0.027 
Maximum value for profits & weights: 1e+18 
--------------------------------------------------------------------------------------------------------------------------------------------
Number of qubits: 120 
Profits: [542515780750033984, 709076200204871181, 823621996952647818, 847514900467772168, 999310477619779950, 245335199100422000, 194567927760651784, 950429601039528737, 722080232385696902, 482677241784382078, 546716946841971804, 252704518859807786, 186228717924419399, 327582008550321963, 472844436861976645, 762364844063402441, 701791648969195885, 100313139690865799, 895218340871132323, 296974870738391325, 934999703408586672, 312588744263921764, 875216262123220394, 770817137523686266, 300750585753912044, 362598025109974134, 223511398593677795, 223483147914473854, 823986962126303785, 321668196238049207, 584930388273447369, 982080730506313354, 214287747872428611, 437965442437420874, 711321003608781418, 449611609653245809, 766365505591955306, 213312208788838558, 534829414899428068, 705010064473841581, 713774376889591088, 355546454926961603, 242661719053884100, 138440523776585648, 768205656989077872, 352394164479630365, 589176306457837402, 652806197864213814, 37343984891449124, 804352376764168072, 61405344022766244, 575131411308693658, 798245692116383191, 349092858139703616, 729250753857229056, 155679702663658982, 177766991026730349, 483889757785804252, 922803660262875202, 214745448402160211] 
Weights: [386682843640615626, 222566958603656735, 491762195230875094, 372568109542887810, 597626811829953928, 611049700146732015, 617110531089705390, 471288117348163387, 470415563997944809, 377031715670924562, 631162198000004668, 79833836141453576, 505190000242403067, 686971524373764574, 368069935983042318, 512133137047790109, 767869088533733774, 409561594094825727, 517596203058967142, 754517214875725437, 699613604315335525, 484820398327172211, 773021213843565932, 615740553373702151, 630848477638810580, 420008144220477260, 255068166183758578, 764992866834632045, 161608889447005148, 524487647630443514, 771972049554058060, 496469006109454013, 433881419714298656, 650317081166596012, 341751496657042445, 336917855353090870, 496608904836691525, 256762073098285904, 501782736565878289, 328663151019280698, 420447719036602644, 328817248881998154, 348231373915471184, 684505761952068993, 459702587102456857, 487371352556017330, 206926919938636059, 424593327164319185, 406923903637612843, 754983900362844868, 603421225263253287, 510070403389795639, 303426240467187378, 399811637006736257, 272029875519406927, 545912442614750859, 749408025886299206, 518782516844328193, 454198472965232226, 298106330807056399] 
Capacity: 774377925152335488 
Capacity ratio [capacity/sum(weights)]: 0.027 
Maximum value for profits & weights: 1e+18 
--------------------------------------------------------------------------------------------------------------------------------------------
Number of qubits: 120 
Profits: [457091491843340743, 325329620292140604, 674466661480904423, 862500609884421373, 975420288670603210, 512357645498738098, 707717103784045978, 504446260892407563, 956297081659305673, 611064424732788643, 874866585568045470, 777224795782546094, 348842739017070457, 931402484717111433, 487198850302767098, 2735894360178385, 508637159910539890, 67015144058958247, 859333969210169583, 540699636719906304, 552199512993952796, 666113436879092054, 669270147187119811, 699214440092873397, 226631612055023857, 708575939901607396, 840758600282287106, 917624411259885818, 194858926173107101, 853813403061703014, 102137140261388568, 711010577609457657, 177317278684735232, 783620853291745346, 85274452168422997, 78574409773224233, 191896632798357072, 777283386956637106, 424663815435637141, 55923694354442995, 776084198097598555, 643215645145276616, 552539643784374427, 293489440451500681, 532678018954378239, 991136191873499130, 679543137389356958, 226079199730774321, 887719518876144491, 929833024527547442, 830934576968218052, 958030765086221894, 248025344074350612, 888802539332519972, 707285302482941196, 559564516110187012, 519879458963555830, 960312747268625138, 493730987419124682, 88999612760723036] 
Weights: [686476152100405718, 380213716166719280, 423603290060426151, 696888457298865124, 144957173623026486, 454087370402680299, 517165331718640979, 577341122381384703, 772687426763187264, 587476496817826760, 542161885845663491, 490463136889457658, 697591616667030868, 433891846244034806, 223542609702711092, 281629215319874215, 514527271644797384, 77049841577225505, 189753688188194808, 322865861516643953, 644566844647602529, 347600750546454803, 451085332081129668, 249570077633416220, 725673457898491990, 735096675255659232, 727386403729002427, 390136212614436825, 402978849285761645, 413377719832352583, 618487913224055716, 605455769035053165, 426972186358648920, 638316317417050525, 428071083379128372, 684431993552323513, 640336449220445599, 495163857240256833, 605888306701357893, 489393815424962707, 649262130089719948, 340375922994879344, 690614975895022036, 331441061004375596, 721829858039063646, 736911774816874666, 507284627467864583, 540236082790735462, 395116642728073449, 321597818132557932, 419896729091683435, 323750391453954881, 442542665724373687, 143818924331709283, 759146721706534577, 376716506059863577, 319910726924137625, 394412942341440492, 579221166927861149, 698145528623070117] 
Capacity: 776037286262609280 
Capacity ratio [capacity/sum(weights)]: 0.027 
Maximum value for profits & weights: 1e+18 
--------------------------------------------------------------------------------------------------------------------------------------------
Number of qubits: 120 
Profits: [138513753665536108, 482796644247661137, 264484272503955053, 864647087948239877, 629480282437561939, 89376208868482031, 952380453520637002, 935718849648597890, 751301138430068163, 928504957836992389, 911101911583962421, 192592869484383434, 242945577522076860, 153044705884920372, 38738148913787752, 964816129608440784, 448203321434663053, 378257918687337149, 249061649482000631, 526411448846655319, 207909933572030290, 328321108299346704, 771682060038096223, 334163110335301035, 514607678893822205, 90294176597938901, 257362951847329158, 602062842877297466, 498233266532051418, 23787552074613871, 796182971363312748, 977421633284178138, 598225081122740271, 869111285972762534, 449714835280748636, 871414844912499953, 234710507883159986, 872785040700077622, 683864780963805780, 287073425768663654, 308131364491838505, 225915607642453642, 577990943791089030, 424519142157673113, 929761567700076471, 254686898046083178, 209990738120986479, 998262775905569633, 28412222784421989, 19343465968440409, 252054416797552293, 567118117867698981, 975339253182611525, 570322661013664912, 730115200120459105, 503203691954498260, 982416760024202995, 118881690743006668, 657695545084587835, 679606897535711680] 
Weights: [396500353788541065, 536741935452090434, 631521490746794649, 727114974985477523, 708596281424364873, 620070911226476238, 481334886946979891, 793367730026591404, 696221608223374633, 505687726409696558, 512940991990280540, 335027857992070604, 623432517058342639, 315517370349648850, 309107186388191820, 757084321071757512, 553487392453190259, 729420156715014038, 305871455778791851, 220846641013810851, 185789452873936309, 718661893520970076, 332046102648544339, 530436963694089560, 466968996125822112, 579159819890203501, 757196221666085924, 613324723824534991, 728629416981879929, 203891382104532746, 542952957574406128, 419974745651478719, 682618534027747333, 245901712964718893, 619680261304482136, 491338954777151286, 811259045598849923, 21723583250053473, 560511010557191815, 269413358523073802, 379432609548226819, 283845598383924913, 672849158339912921, 429528587444362006, 439024020618547988, 763730586291967531, 812028798330995896, 549251728408310039, 421224868698337141, 690748642142874365, 817440626620067419, 172363571988187910, 688869792585851322, 663023587946057589, 464620516633995500, 340209731639180976, 246351956870688619, 765051273457647483, 628081625088594686, 509903979556814763] 
Capacity: 830804758960815488 
Capacity ratio [capacity/sum(weights)]: 0.027 
Maximum value for profits & weights: 1e+18 
