Number of qubits: 69 
Profits: [4127106968, 5121199178, 9922879489, 6448015252, 5381635869, 1571297884, 3592627254, 9903437756, 8517567261, 2185093388, 1840308528, 587054080, 3867883422, 6760713130, 5088935062, 6030219904, 807540576, 1773294073, 1682423211, 5555028921, 8737934817, 8903491159, 7439364340, 7159546170, 7898475805, 5958780000, 330594709, 5497125993, 1569977666, 8726940694, 6853466982, 6681564859, 4288270375, 2207871213, 4843336087] 
Weights: [3647154800, 4456399782, 5380319349, 3916079810, 5286573662, 1878543317, 6398216437, 6427232226, 4325842341, 4706128493, 8152526541, 2972703168, 5917383666, 4899452467, 6740507559, 8132976605, 5838152316, 8195513179, 5944174555, 4627445172, 6978790117, 905731808, 5697958604, 3784528502, 3093562206, 8060785710, 7350640723, 4134652473, 644474044, 3443888760, 6124131392, 7397479431, 7527069773, 810642871, 7020103244] 
Capacity: 8713594827 
Capacity ratio [capacity/sum(weights)]: 0.05 
Maximum value for profits & weights: 10000000000.0 
------------------------------------------------------------------------------------------
Number of qubits: 68 
Profits: [6202356006, 8337338703, 4775978159, 5480822775, 4138836837, 8930855584, 1755762973, 9458195436, 7568080697, 8425541970, 4080980772, 6782573759, 4697719911, 7174254060, 6949873330, 7622054307, 4500752260, 4723741885, 1875097071, 3309502507, 6531272908, 4216584356, 9077930526, 6684095346, 3582979457, 9680988828, 4301735469, 2049806385, 6134904721, 7636574432, 4283273768, 7735772653, 823779505, 6203506369, 2818250456] 
Weights: [3447414950, 4752502469, 7242181702, 4426489211, 2669508481, 3277868939, 7373955171, 7519524552, 6624114578, 5534935206, 1810460214, 4150720201, 6803349654, 3032874632, 2834138595, 3063070099, 4966273574, 6739643367, 4045304062, 6359599744, 4565663326, 6464102713, 3009084506, 7407235241, 7833921774, 1967660159, 3253161520, 2080971828, 3491172568, 4508298413, 2520386764, 4889685743, 4718967892, 3891250596, 5660629637] 
Capacity: 7877236838 
Capacity ratio [capacity/sum(weights)]: 0.05 
Maximum value for profits & weights: 10000000000.0 
------------------------------------------------------------------------------------------
Number of qubits: 69 
Profits: [4548115516, 311572487, 1464368161, 3478591099, 9795520729, 9380945224, 6793643161, 2760727943, 4884546638, 5393584242, 2937540833, 7169255251, 6800120708, 6033678800, 6625497351, 1529329395, 7697567686, 2485740333, 1777431217, 6715200104, 7385839695, 1040707753, 8769574566, 5645730086, 4987262371, 9890761970, 3657952848, 1016301398, 8788644441, 8776146465, 3362155373, 6692701181, 3516853239, 4222732834, 1003216607] 
Weights: [2769043365, 5021578426, 2652932524, 8411128743, 3552710865, 3271256315, 3670011241, 8653879205, 4806246783, 8507434887, 1136855334, 4826095653, 6611058366, 9104273200, 8737506611, 2544308849, 8198568871, 5112941264, 7300750066, 3880392637, 6289325812, 2012978850, 5990290839, 610286781, 5406039267, 4028933547, 2811974585, 4172660325, 8357991228, 7555705085, 7639259376, 9133600750, 1461225052, 9035937460, 1579808240] 
Capacity: 9165425908 
Capacity ratio [capacity/sum(weights)]: 0.05 
Maximum value for profits & weights: 10000000000.0 
------------------------------------------------------------------------------------------
Number of qubits: 68 
Profits: [9087651364, 8277919749, 5201105588, 47235080, 4688440538, 6461991669, 7705265819, 7561322175, 4065140283, 1950291065, 2772275771, 7855318509, 7633869128, 8786599879, 9371617547, 8419163335, 8946546614, 3080858717, 3961496137, 1498545810, 2411351046, 5807862385, 2547431650, 8479421770, 6507558857, 8761756447, 5208701258, 4467815012, 5150571795, 1547649083, 4374226117, 9651111925, 5416556702, 9270735194, 2210518982] 
Weights: [2639034099, 5962835434, 6220033588, 1480333236, 3095025186, 5193707090, 1776777794, 5986355997, 1710865284, 5430384478, 3249372281, 5069925152, 4212561218, 6768443564, 7569548369, 7468963989, 6218508035, 3753293530, 4838894004, 7951281566, 3140328204, 5587674557, 2243365802, 7001199411, 2582711452, 5605976267, 5352512644, 2692894315, 5854181134, 5318754788, 7923364785, 3282253055, 5736053235, 6441868213, 1683261493] 
Capacity: 8277777393 
Capacity ratio [capacity/sum(weights)]: 0.05 
Maximum value for profits & weights: 10000000000.0 
------------------------------------------------------------------------------------------
Number of qubits: 69 
Profits: [6398952368, 6178893654, 4266769668, 2686654564, 9448242905, 1611919388, 6588487101, 4489266012, 3516850760, 5921495078, 285059340, 6640448888, 9196660447, 7925541051, 9107593050, 7797287380, 449533672, 3494037010, 786314837, 6555677644, 2875022939, 830878074, 9857176323, 3891196219, 7414344796, 196998607, 8582469435, 5321475284, 3722379231, 2382276462, 5391844385, 5334032133, 8032772916, 8713281846, 1718432784] 
Weights: [2530241709, 9066239103, 3338523205, 2968237455, 4549406203, 3365335009, 4012325817, 8201678783, 4944398724, 7598313165, 3188606291, 5037242577, 3553897906, 5923125585, 4881597234, 8655003634, 7342851467, 8499189000, 6153761433, 4123308354, 1717698866, 5834789305, 4588087078, 8526491838, 6323890515, 3850641997, 8716165235, 9152463719, 9197970538, 6663592440, 3088711841, 5570331965, 4681508483, 3646251765, 5785526361] 
Capacity: 9476517993 
Capacity ratio [capacity/sum(weights)]: 0.05 
Maximum value for profits & weights: 10000000000.0 
------------------------------------------------------------------------------------------
Number of qubits: 69 
Profits: [2632405415, 7954865984, 882384062, 7475392912, 7062486309, 8697498289, 3637914702, 2704018497, 7688731536, 3887348306, 4259747602, 2934997818, 172650777, 708040489, 154350637, 6872565413, 577690534, 1861304162, 3038853096, 2323562376, 6902017998, 7358631422, 7771358894, 7734511405, 5581155740, 8138571231, 4661354833, 2720593261, 4029950066, 1432367011, 4410807897, 3001071754, 2612441686, 8587421715, 3825412894] 
Weights: [7706626052, 5383982413, 4118220588, 3172645031, 4454065646, 4919104225, 4164216694, 3404079371, 7063451928, 9463582125, 5013572148, 3910048374, 3419760683, 3550561604, 7994418569, 4157462057, 5784538793, 4196388744, 4057979629, 5977180422, 9529688691, 9631300705, 3513995835, 2838178665, 7428542009, 5613588642, 5481239576, 7671022484, 6622403725, 7671010509, 4356666845, 8773495015, 7039821567, 6364481454, 3251260166] 
Capacity: 9723316256 
Capacity ratio [capacity/sum(weights)]: 0.05 
Maximum value for profits & weights: 10000000000.0 
------------------------------------------------------------------------------------------
Number of qubits: 69 
Profits: [2522224542, 908434782, 3578764868, 7563684381, 6978682000, 640323222, 7078728727, 205206331, 993609795, 4570151499, 4920228404, 6044110322, 4920273713, 2325114700, 305756756, 928417824, 4835169067, 6725453894, 2651010495, 6843410063, 2440675074, 4308789002, 1720437112, 790159227, 2726699192, 1196521010, 8223203422, 8941828726, 4499533419, 1546815153, 2731918652, 7426295648, 9653440358, 3595159972, 6475067916] 
Weights: [3129100484, 3453358476, 8795381561, 1415113402, 9688943778, 4939916980, 9413317439, 8751714320, 2078924631, 8991159723, 5485165485, 1202642742, 8743311057, 986705520, 8819443972, 6402513740, 5029525826, 9778683945, 7952605330, 9311777641, 6998580668, 1640708701, 7493984289, 6250943110, 801026000, 50699656, 9512297092, 1666913724, 4946791436, 7946326030, 5770206311, 8981040454, 5354910531, 5013889247, 605303618] 
Capacity: 9840721864 
Capacity ratio [capacity/sum(weights)]: 0.05 
Maximum value for profits & weights: 10000000000.0 
------------------------------------------------------------------------------------------
Number of qubits: 68 
Profits: [6678833251, 4384938300, 5148561135, 3255164025, 1839046940, 450155678, 4345736930, 50896276, 8026055965, 8510085754, 1650197364, 5500838576, 3035801764, 2751996255, 4061046882, 901086676, 673844540, 7658034590, 1862557897, 8175753171, 136460406, 6005566521, 9145347425, 8870284046, 7403747482, 3713569208, 2357178876, 4040938673, 4326155082, 3248717818, 4830770928, 6405666486, 2205283221, 6997863562, 7970772584] 
Weights: [6845657651, 8190887542, 6925404364, 5277538294, 4805973980, 5870284045, 3844802211, 5084519934, 4740002775, 7073616876, 6575166342, 5787549942, 4222201577, 2734500440, 5744080834, 2449758039, 7498640636, 6995046156, 3405294986, 1989098213, 5324592359, 2439033422, 4189397626, 5345786545, 4754042396, 3616540866, 5736119086, 3685606240, 6977174931, 2255000786, 6317416951, 2365729160, 1655733760, 7367318499, 2613761523] 
Capacity: 8407710663 
Capacity ratio [capacity/sum(weights)]: 0.05 
Maximum value for profits & weights: 10000000000.0 
------------------------------------------------------------------------------------------
Number of qubits: 69 
Profits: [347821293, 772463375, 5827805545, 8501255481, 2079346455, 2265019451, 1336530968, 5644241034, 5249812584, 7606585075, 2554095825, 3952869575, 9724751962, 1383986029, 3004475663, 6858978062, 8948425468, 2917832138, 3451000814, 5603316029, 8741418124, 7992129330, 9594359616, 5647517526, 1835789084, 2415973750, 2627496013, 1099495157, 6660750844, 2796431342, 6464060662, 64113950, 7036731471, 3749761839, 6866329227] 
Weights: [6499058594, 6026663575, 7360407048, 4010014040, 2267458827, 7772964801, 8263694016, 1484982796, 7101168270, 5674990831, 5067767138, 9197633816, 3824991784, 9914223314, 4934955574, 4205987101, 2498658632, 1519356044, 832077438, 898857494, 4467099647, 8437563213, 9437685544, 8028637070, 9506563471, 9488443337, 8563499165, 9680616819, 8296067337, 4266812143, 1430914044, 6967897179, 9450493782, 6432185877, 1371013216] 
Capacity: 10192423673 
Capacity ratio [capacity/sum(weights)]: 0.05 
Maximum value for profits & weights: 10000000000.0 
------------------------------------------------------------------------------------------
Number of qubits: 69 
Profits: [3409390667, 900353563, 5783372684, 2066337846, 809985295, 946802845, 9910237725, 2449286961, 7957516545, 2334915052, 5152257429, 3687394709, 2405705353, 6059313747, 7087498188, 3788363908, 8459316604, 9481016876, 8008715855, 8802594490, 2649457068, 2793991297, 9833283176, 187724775, 4314968759, 5325882950, 9240887751, 6247819340, 7981187583, 5918852559, 9708527151, 4966533595, 9328624993, 4456446281, 3218421670] 
Weights: [9778650599, 8567419374, 8897140561, 8382905808, 8529672548, 7554825287, 5403654967, 4138937161, 9568130304, 2531260289, 8523849116, 8936624350, 855446420, 3568702127, 3613255646, 5434360332, 8152161059, 2677118262, 225860548, 8669361250, 1956625787, 5454113444, 5293993833, 2068369913, 2146643415, 10054457716, 2852994647, 9271454703, 2005282713, 9000804271, 6136237237, 10057220448, 6406638365, 8413029295, 3080978128] 
Capacity: 10260639226 
Capacity ratio [capacity/sum(weights)]: 0.05 
Maximum value for profits & weights: 10000000000.0 
