Number of qubits: 77 
Profits: [96869919511, 75196943082, 20444421842, 94493727814, 77287808928, 83845802269, 44542909359, 37048089130, 1438667860, 75218478733, 64530608804, 31759097904, 25378467132, 15477278063, 7649894480, 19010015418, 98983525962, 51702724608, 90624407259, 48924693614, 58159106511, 33781890944, 3584416476, 36057612334, 41835387850, 36039599778, 22135907588, 46298710834, 42564559496, 6085763873, 33118686911, 10530482199, 990583738, 15122691104, 52730398393, 49892651954, 40553910008, 78900440001, 44472283534, 64939224216] 
Weights: [66020194710, 52692196367, 63679518509, 31478590972, 48057484305, 44888014749, 58940240718, 35539184219, 32763417093, 43604378624, 22460052457, 58882173883, 61667436286, 31136308104, 53668509836, 19527495522, 66742201928, 17074994870, 68303057103, 46480857750, 31710820755, 19992629853, 44960089355, 21024423417, 64084185164, 66063833813, 61307683373, 69389452328, 37560052475, 49299166656, 37176196053, 60092166962, 43788728832, 61846572978, 53430230745, 25587651016, 31666758075, 61880466909, 25858425673, 41585509834] 
Capacity: 71636872923 
Capacity ratio [capacity/sum(weights)]: 0.04 
Maximum value for profits & weights: 100000000000.0 
----------------------------------------------------------------------------------------------------
Number of qubits: 77 
Profits: [66722111510, 81205927160, 25390259589, 4526056748, 20142866219, 8909957135, 11168102287, 49783391260, 66987303464, 4747663629, 66025662965, 87167472862, 39962922437, 15909904191, 50950397819, 90619368052, 84923060067, 98489048595, 94681887489, 93684443555, 69967517172, 61824438927, 88246076845, 96650838518, 70817024893, 84485265747, 58399068593, 76647737752, 29298405760, 1894896807, 95777352722, 43301243435, 34142180754, 73658577166, 56784709309, 34082838725, 58556108765, 59682777327, 40204572086, 47763747946] 
Weights: [52971108088, 70750655368, 53642877748, 68457602475, 58772600759, 45413080102, 70170811725, 51585000734, 67098062939, 56996016275, 32912663710, 37834436293, 59691791576, 37983559474, 72308532587, 62915096408, 37910693212, 65888733926, 69982085758, 73831540706, 27368261431, 46273517765, 14555333747, 30731416800, 30353387624, 37006615325, 38063507619, 31661647734, 46368669759, 21244218095, 67144365446, 39179771330, 16164705648, 36027426311, 67253676613, 48872113243, 66412785545, 68649951848, 29594298271, 65156406040] 
Capacity: 76513559127 
Capacity ratio [capacity/sum(weights)]: 0.04 
Maximum value for profits & weights: 100000000000.0 
----------------------------------------------------------------------------------------------------
Number of qubits: 77 
Profits: [72941205266, 65612447080, 92901652613, 17695380844, 4282292534, 39681000286, 56859521715, 55523143914, 46883748040, 33869428510, 86274037668, 74845907605, 67681305368, 13635353494, 24278336193, 43965810480, 45698211536, 10109460094, 36262476268, 14449664906, 66754024527, 17509847774, 40989158596, 17781653609, 64450075792, 73660634918, 27254318668, 44831972108, 74506245263, 86328694233, 12511007774, 36271707047, 22942747781, 35505295560, 95973439437, 58578697992, 25486945013, 20870731860, 31272199982, 31763607713] 
Weights: [22398909661, 76201018495, 65917513276, 29466720027, 74027478565, 39725906673, 46181089405, 26413445093, 63489852097, 46076248456, 59390850152, 65687019545, 24005262885, 38615679731, 64860295905, 68277321450, 56452765269, 61173912205, 41467827239, 63287283723, 50097852567, 37409573157, 43682401491, 31392719844, 73029008945, 55783325979, 70706023927, 74596983710, 35354411784, 35581297633, 55614328575, 48144973739, 25503964331, 30858254583, 23931077078, 69831003581, 58356194725, 32413580344, 45055339256, 53985415149] 
Capacity: 77270229999 
Capacity ratio [capacity/sum(weights)]: 0.04 
Maximum value for profits & weights: 100000000000.0 
----------------------------------------------------------------------------------------------------
Number of qubits: 77 
Profits: [25150214301, 52057495481, 76872584498, 99191445091, 57347701183, 35703900633, 40449261007, 36834719348, 10873567402, 50650353389, 84447015511, 37511048638, 12563969999, 77323903454, 49754787405, 19772437958, 7125886109, 81382179938, 58247198004, 90068335229, 13665322730, 79533807934, 41715567146, 10506825455, 34217063568, 89773756430, 92593750131, 59789951102, 1522252759, 11479647594, 16539246722, 42623398609, 97774232371, 64102995912, 38736253858, 43114009635, 25868165651, 67261595285, 55774819217, 90353206591] 
Weights: [74493590371, 37093908093, 60749435509, 15731517991, 58664088789, 64421447829, 57221984820, 25194814500, 65072470260, 60797063692, 45093132490, 79409675846, 65794525415, 54830266121, 53303336490, 46507959802, 18585663528, 40853627030, 56339329591, 74249545679, 61637791755, 50714174374, 43149032960, 45727072562, 40347687211, 68099822914, 61063103927, 31801928731, 60562865475, 43963658338, 47857890114, 44045997955, 12931773944, 64502569560, 40424176139, 43774116339, 74867539581, 36147354486, 59800741271, 68841124291] 
Capacity: 79719599982 
Capacity ratio [capacity/sum(weights)]: 0.04 
Maximum value for profits & weights: 100000000000.0 
----------------------------------------------------------------------------------------------------
Number of qubits: 77 
Profits: [91289266630, 25379509727, 49070800268, 54538841751, 64668970386, 59506597981, 63161624362, 27391940541, 98864133868, 20552335292, 1676242508, 10529882423, 34816861237, 14700954347, 1461526244, 25259616694, 93911297742, 38445636380, 94136435862, 40853082239, 1741255558, 11178030738, 46796965799, 92177787616, 24265676345, 2494373757, 84160829593, 52841351185, 10200865657, 98638742505, 32774043645, 19877059395, 29800974976, 85715414935, 18907807964, 28384690591, 35600731906, 71562246984, 11260407371, 39284948216] 
Weights: [42458254744, 33178830882, 90211934755, 66193769118, 65519326781, 59291339598, 84207330379, 62686028284, 90480594185, 76211588889, 54158586497, 69536079361, 20483206560, 62133319334, 68002241760, 61220072135, 36719518991, 14053071502, 71563001311, 73148995629, 39458525203, 46473575313, 91289237366, 69639534015, 41456994127, 80876259450, 84394818848, 75856354205, 41471056302, 11659539576, 51323884138, 83544563330, 13203738968, 85997029294, 87811784784, 46402702417, 55506297795, 91173164333, 44290679139, 44014874207] 
Capacity: 93760094919 
Capacity ratio [capacity/sum(weights)]: 0.04 
Maximum value for profits & weights: 100000000000.0 
----------------------------------------------------------------------------------------------------
Number of qubits: 76 
Profits: [28271577927, 54916292526, 18233177042, 64260778516, 3725300380, 486213498, 21356256601, 66473016157, 27808674044, 28107114710, 11745554918, 69677252591, 61099725756, 32116758695, 83046431889, 72819808800, 39244441169, 24645592646, 47403601500, 74483901068, 17886996301, 43165084936, 7858519710, 92862065061, 91480311618, 54036390926, 46476354962, 1664783246, 26847283590, 93635977137, 23648605828, 40784970866, 15813255724, 14736452207, 48107514308, 58067074303, 55929503433, 55496892122, 33594710176, 17926742674] 
Weights: [33825772388, 26191299287, 66197260741, 63017612886, 64797385258, 33577107680, 28685276316, 41483197879, 62987888512, 39724195806, 38041071531, 60875856017, 56884054962, 53008972800, 35553548694, 50151584519, 54307874672, 42112334144, 30193025368, 26804533903, 39282307836, 34868199517, 33840169312, 65131578328, 36533086381, 40104285641, 38533548641, 59837943418, 16428285986, 44209729322, 24062521687, 56293127926, 44957771464, 53184873643, 40170485541, 50253903778, 17097475588, 24255574295, 31230548410, 31421742415] 
Capacity: 66399591374 
Capacity ratio [capacity/sum(weights)]: 0.04 
Maximum value for profits & weights: 100000000000.0 
----------------------------------------------------------------------------------------------------
Number of qubits: 77 
Profits: [99432848531, 29586240878, 20399923380, 14775257839, 7587650285, 68653249584, 89462987905, 64933374681, 26152972153, 67368431949, 92475078683, 42055639026, 6099060137, 82940222573, 50707331818, 49336406661, 73407264588, 30958233259, 66302740713, 2317722515, 61009998421, 30237171363, 95730321647, 19977551701, 20924457556, 18876248233, 77855188153, 33124699984, 99832375168, 38992908690, 96969419333, 43240052512, 40469027505, 14787121055, 79276738637, 1371938162, 52464755039, 88275408646, 19309171114, 21856376341] 
Weights: [25534569682, 33611235112, 33648437906, 70152997940, 49196983200, 38582108597, 49200158893, 35866613906, 28175924065, 38434170005, 73124485093, 37699082464, 40773065014, 59162902484, 30038756459, 47836779926, 27292700187, 39331130781, 53747931016, 66565293966, 22356229446, 45633101900, 47637088899, 44093437958, 59069427153, 69827267663, 38873998757, 63672224196, 69678096040, 37474508327, 71133148115, 71280540402, 52306341343, 73525892371, 66313999066, 64899330880, 35612027771, 64996512599, 38097104723, 33902064692] 
Capacity: 76627491687 
Capacity ratio [capacity/sum(weights)]: 0.04 
Maximum value for profits & weights: 100000000000.0 
----------------------------------------------------------------------------------------------------
Number of qubits: 77 
Profits: [43583289517, 76999266500, 60933017465, 26159167518, 13765534176, 76881250294, 87317498634, 63934240905, 58323364637, 94444878739, 96592980031, 58182467884, 72187043168, 46022947964, 64269421048, 75033022699, 88371157992, 26051551, 49933079525, 18068538442, 84903457782, 88818370474, 40110771814, 75478415299, 92531343368, 31797953036, 92154185235, 78876339071, 96136671243, 18772667532, 12800322839, 72458333574, 147480709, 70837832843, 78778470536, 7845406732, 87731620540, 15570528494, 79799598097, 26572735253] 
Weights: [37027115069, 42281297836, 61296707121, 52536893764, 17563922468, 79799447659, 52308727449, 37441246565, 79181613395, 18609304550, 53104999269, 38337312918, 40040227929, 78585339691, 79393947539, 51509813359, 59811442501, 64206947219, 37958594761, 41693528873, 41341243309, 57947916175, 49620751209, 67742955015, 67821414796, 43029198004, 24274727277, 61245993223, 33749571680, 42366151264, 80527775835, 39636295984, 60479940821, 80622618815, 36943541782, 44392647516, 42916954888, 49107514561, 68780433322, 50552115578] 
Capacity: 80739732548 
Capacity ratio [capacity/sum(weights)]: 0.04 
Maximum value for profits & weights: 100000000000.0 
----------------------------------------------------------------------------------------------------
Number of qubits: 77 
Profits: [64441548300, 82868671546, 25089863542, 22496165889, 10098754814, 67298112686, 60376614376, 28855252339, 7550507707, 90441715899, 46581825704, 5809373588, 98960211730, 86553065107, 50841907044, 60728917899, 43865989703, 65748076890, 99306976127, 71233939713, 25005568176, 31058884802, 34824867, 70976920464, 59990954312, 32683250424, 97375139128, 27062510734, 24780661307, 20747168522, 52118837261, 60797120550, 17966888642, 32757191283, 5001848859, 42274570782, 18700320386, 13951813080, 46543045826, 8065251882] 
Weights: [40363528522, 74064924947, 58290757154, 52488553177, 27301096834, 67579053770, 29032598340, 67326893948, 49056851750, 80213016481, 23379752349, 57213803983, 74622446530, 70661451034, 47467608460, 26422181873, 53211277535, 75083318836, 57659508047, 80895511509, 49391825405, 15795696185, 24751225422, 22038043334, 75552505405, 69027914557, 33896380390, 48262623821, 77271376300, 37145907382, 35397101728, 82242219358, 55011980125, 78088963545, 78767292783, 53699790500, 21830385279, 51141300507, 81046120019, 75277798855] 
Capacity: 84261274455 
Capacity ratio [capacity/sum(weights)]: 0.04 
Maximum value for profits & weights: 100000000000.0 
----------------------------------------------------------------------------------------------------
Number of qubits: 77 
Profits: [74758862259, 46258804572, 61354987340, 76008941249, 11505536630, 23727061158, 32141995218, 907077754, 54397250654, 93771397215, 16278799344, 52958980093, 70556721306, 39148462226, 34517627787, 65349036969, 41020567714, 88499782222, 19520060148, 18665482669, 57230324748, 21724417803, 37815253933, 86818982072, 67538056489, 64649125112, 88860853414, 23369868687, 39005111399, 11446734717, 4419083722, 84977842800, 19801544504, 49349488990, 60639086991, 57337500680, 15489071267, 88059230814, 79372975411, 28702739468] 
Weights: [58805001644, 21806625404, 51868201723, 62281037148, 38900536382, 46127195394, 64114907950, 47139528585, 45526713971, 44530833480, 67376426766, 59844494775, 32152900484, 61979039113, 45115616645, 63743011262, 36274778027, 69595173818, 57905819877, 40537472504, 14714403325, 27609670671, 51816859663, 55452866150, 65857326160, 34068156742, 24064204787, 49620597628, 50654267145, 26424769907, 61217254482, 49702854563, 51996728449, 28609357547, 51371344415, 75139643018, 63362809650, 69567272507, 60116231905, 45813982006] 
Capacity: 77100452340 
Capacity ratio [capacity/sum(weights)]: 0.04 
Maximum value for profits & weights: 100000000000.0 
