Number of qubits: 88 
Profits: [1041808218131, 4895508582729, 7449302923604, 7422874098288, 5252913620772, 6697073699261, 4162903169986, 5565548643467, 1866503048140, 4477637444278, 6646591422367, 5476949271070, 3594123109175, 8632799281280, 5748531399109, 5302185868886, 8108518518940, 3958548952632, 9999915277940, 6999134940994, 9183271388347, 7792158990061, 8751298477674, 3576054733452, 1979341323840, 804836360302, 7244518892415, 4192140044543, 5664580843322, 3191272747899, 6105920143775, 9075037370807, 5271456700841, 2140174797854, 6120823318068, 5911169817625, 1722399198020, 7214635082024, 4573747443565, 7558245113730, 1925388930870, 1941607516572, 3881102539200, 9732600336865, 899565068071] 
Weights: [6259232243323, 3577722880615, 6644324585110, 2677949590762, 4394755430102, 6553454487154, 5832872443588, 5127480879797, 6318578028543, 4263333868689, 5846154401164, 6470511957455, 6822505741578, 2037727822058, 4010847600311, 6141410227337, 5412038697075, 7443334969456, 4792694030437, 2733340899282, 5535870256766, 5961175739250, 2156983347232, 7647535246010, 3770168798124, 6199099849594, 1425648075357, 4836698980016, 4388499242278, 3669185311835, 7578912520208, 4746818503956, 6873382711624, 2181360589391, 2927294417382, 7123735735247, 2819833437021, 6812186670600, 3028000299728, 5149875995608, 5198423812100, 3500171569117, 4109538691791, 1222867322022, 6694896673613] 
Capacity: 7693380107399 
Capacity ratio [capacity/sum(weights)]: 0.03625 
Maximum value for profits & weights: 10000000000000.0 
--------------------------------------------------------------------------------------------------------------
Number of qubits: 88 
Profits: [5539210709821, 3628159845364, 4607837712773, 3977340086, 3682359435467, 7317247344986, 9845621873865, 2168057289690, 10364204425, 4516584300783, 5900142025005, 7725343877173, 1950567730873, 5569304025185, 7657697444232, 7057288099622, 1549915912450, 7992249856846, 7554616266249, 3367393944471, 5779219546395, 3675450521797, 493764089547, 4922740355199, 3869936955665, 5655094289452, 7725120841438, 7210839389464, 5466602984979, 4983914888336, 1268011697928, 767455080000, 6277981564285, 487041415554, 6251767366632, 6189125835558, 584843676068, 6582382963165, 5363118845954, 7691827145136, 4569584983973, 6101952226225, 3577075570669, 6954573784312, 1481044550150] 
Weights: [5877578492247, 8038015190283, 6350321910186, 7291481686632, 4278226292706, 5539782289979, 5006373169554, 3302808099651, 5973784437329, 5605268797147, 3723131251906, 4779704502617, 4382921443338, 6817723332825, 6498578938001, 7588555768876, 6718850277010, 3851221306313, 3347902047520, 7881333766223, 6060976159317, 6371263168482, 5462320743744, 931407488438, 3761573506418, 4570190502570, 8265654591483, 7756260415945, 5830710975907, 8210273119074, 3561799506975, 4405256297043, 5814332232489, 4444987394000, 8029065299017, 1819048652295, 3282125708633, 8403109969134, 4249851011023, 3178846957517, 7034793367360, 7519150024193, 3874802746797, 5463252441998, 7479909187556] 
Capacity: 8752335373170 
Capacity ratio [capacity/sum(weights)]: 0.03625 
Maximum value for profits & weights: 10000000000000.0 
--------------------------------------------------------------------------------------------------------------
Number of qubits: 89 
Profits: [87811005016, 510930071041, 2571912811509, 8090766910518, 4573868030207, 2310565911729, 8707752709130, 2811208621870, 2631059219554, 3304062155068, 5740502865608, 2138145194134, 8310570460362, 2717298692307, 6227679793907, 4468818011762, 3554614788642, 3978500427116, 1918932598624, 2625885284802, 7840265490654, 4414391369078, 6079391179966, 1015868028310, 1122847366709, 6319935906366, 596483516290, 2987064268398, 7003735649365, 8477928497757, 8903556344103, 6361593505121, 2822726437487, 6694529292751, 9425436653539, 4982835511751, 1005697507497, 2640783570208, 2089994460113, 8669780724564, 3736613374058, 4572473577780, 8634772427826, 2820728281265, 1426209108559] 
Weights: [2782252591051, 8313928932632, 7951988624945, 5770385751110, 3750938246421, 6926612163181, 3964899035372, 2663066447117, 3634769508033, 5279633015508, 6816292466294, 7375925293273, 1952751447551, 3742092053717, 3802179566881, 4720986156105, 7820218262295, 5440647896414, 5506704989243, 4853402634289, 7476654079569, 6347379715058, 8133172764139, 7092951424563, 2700305288020, 5111968062235, 2188162237912, 6539608550960, 4859255020626, 7963532322556, 7327424354334, 5168134780195, 4401138561196, 4125662521873, 8157703117649, 6774449369231, 4906678007667, 6410712087768, 4766759970164, 2712565169762, 6249536756802, 8713939621449, 4133388101084, 7084686977181, 2611735659949] 
Capacity: 8804647465089 
Capacity ratio [capacity/sum(weights)]: 0.03625 
Maximum value for profits & weights: 10000000000000.0 
--------------------------------------------------------------------------------------------------------------
Number of qubits: 88 
Profits: [6500730572709, 6624159877531, 4263982993765, 9383069791045, 1150456279961, 6206775526215, 7986583435827, 8788238025233, 6137785643806, 9875476616080, 5323944043064, 1307273855212, 5939190390620, 491183874910, 2589834473411, 4010821290925, 8903877336053, 8153081626192, 6826590308370, 1445416390516, 6085356224461, 7078991119586, 1410593657328, 4983494998034, 6768071825391, 26257647867, 3695106319115, 738164497419, 741997647538, 3852609933760, 7832803441598, 7804032015038, 4097827424803, 874679658275, 8315513318249, 5881448522211, 88553361840, 3178792269433, 360956798223, 123366040042, 4532577477948, 2143691681798, 3777597675150, 6599378053217, 1792792724165] 
Weights: [5478221337497, 4613345014370, 6246156224719, 4201390551786, 6303673845807, 4106992954861, 6819312620541, 4317320165269, 3528104707456, 3226418758252, 5183487059266, 3792860407548, 756901526973, 4282389542405, 5260817081674, 3735598595624, 4041872808859, 3684555820240, 4251004884675, 4263242156228, 6225869850129, 4838656812659, 2017284487353, 2751830905564, 6538396599750, 3167021363810, 6266240415570, 5706784060489, 5101846388918, 3990971922130, 3078077819184, 6024029424318, 5703122894268, 5215265080820, 3851300823227, 6504813066920, 3289548996893, 7125485941123, 4223002276281, 2061221813520, 6715040357941, 2908884189527, 3010206888121, 4642095655505, 6574184857438] 
Capacity: 7216629875608 
Capacity ratio [capacity/sum(weights)]: 0.03625 
Maximum value for profits & weights: 10000000000000.0 
--------------------------------------------------------------------------------------------------------------
Number of qubits: 88 
Profits: [2782400587999, 6674496318000, 5584198526936, 2615155212419, 281895470111, 8311409981501, 2792784091478, 812407455709, 2765190841892, 1234287049167, 6861737507979, 5027252981161, 4856451130661, 2454765781313, 7015665116767, 1869493852688, 7096701387607, 5062372207250, 3570385029437, 4799345838951, 2694989598327, 9230757891009, 9787702414766, 2786868277761, 5305963585194, 5152343613046, 1785493555755, 1430406229667, 4466244761768, 5337044979373, 1692913484019, 6745052268524, 7892598858648, 16176203128, 65611183569, 7386303258079, 5892140520119, 8895189449137, 5147799603289, 491740174259, 2039520658565, 5943459172133, 9748014449858, 3922999482572, 4778013355761] 
Weights: [7002095411866, 5158208995533, 3604175465187, 4176494743334, 3009876053362, 5791979510631, 3646788045021, 8310579602543, 6753113140995, 8005967393592, 7650356195143, 7160107944472, 7542829775826, 7995064524767, 2500160637029, 4529267777065, 4593109852117, 7881361778313, 3900931443014, 4725000643544, 3412332924026, 7677776838087, 7495793102049, 6723153235535, 5104654496427, 1872929447012, 6396279179370, 3147783408469, 4479170149600, 7377730007781, 3887949152797, 3367609003799, 3070844718629, 3870133026379, 5858793569450, 2721144150809, 7143789421695, 7078472621810, 3694629000765, 4121291077116, 2665021598510, 3932716590710, 6891876096260, 4508304469719, 5722299844720] 
Capacity: 8360724145019 
Capacity ratio [capacity/sum(weights)]: 0.03625 
Maximum value for profits & weights: 10000000000000.0 
--------------------------------------------------------------------------------------------------------------
Number of qubits: 88 
Profits: [687759700634, 9893797549580, 9027868319179, 671648264311, 6294845640521, 3973119210868, 6582507431107, 622171010047, 4116833285142, 6503933872540, 6036605361647, 3306537262829, 742939395219, 1793252821619, 1705060467488, 3104691449540, 2120432280099, 1689836558515, 252788827779, 9851878138946, 8576439457391, 1601115727571, 1805379139605, 3483371685012, 2031801667923, 5991559785467, 9473257750916, 4493715993553, 434231521213, 2237152596149, 2670465057176, 2133197093619, 6039682572858, 5780886713008, 2322457447994, 1701745543760, 7366817141161, 668620148694, 4720688014858, 7078622491623, 95467932249, 1168045653573, 2423891618698, 3123003748539, 7721844696631] 
Weights: [3375082943552, 2607514626556, 2675278202705, 6796400375810, 4611338617189, 2727854890576, 6153753096446, 4394563607060, 5801142021069, 6299533410024, 3299835285892, 2879848546643, 5353562152409, 6942879597946, 5121506829165, 7734465945484, 7277631427034, 7845242404784, 3873281583452, 5802616021431, 5872384992882, 2446789906118, 6204029773095, 3250175769876, 7871757867338, 5062280665045, 6749091784363, 5130438058899, 6618810119564, 6760101667016, 4578527027746, 2426286797030, 4353297429704, 4440945807819, 2448462623987, 6411891160435, 4546328060022, 2412640469384, 5639865818799, 5674624569112, 5964658880053, 5445660607175, 1973742585135, 5464828003637, 6393299640273] 
Capacity: 7953275626642 
Capacity ratio [capacity/sum(weights)]: 0.03625 
Maximum value for profits & weights: 10000000000000.0 
--------------------------------------------------------------------------------------------------------------
Number of qubits: 88 
Profits: [2335943784899, 5588177415135, 2165012909050, 6907298129138, 9821176543623, 2750311012170, 9559084859232, 7300932892397, 4977273887469, 4088932794420, 9713116222619, 1434117259060, 8810501722555, 9020920486605, 4823235504790, 6970905526092, 8019720439674, 1889271001522, 856712017739, 8885168099072, 3963492286777, 1087345122803, 2372686748122, 4704872854766, 437931906646, 206152754529, 7152942654195, 5865602433900, 9686205362340, 8351953644734, 558750442958, 3444254895919, 6453108934184, 4462186746517, 895665832164, 861394332498, 3806816240947, 3866344062569, 6467246559588, 9007701638326, 454391060535, 9246295790567, 1336705673245, 1140159265884, 4534503929073] 
Weights: [3116258461671, 7764932020653, 5029048174736, 7633610724514, 4355644475292, 3143792776401, 4407308136121, 3675084776436, 3298498862642, 7314781324078, 5164295968964, 2778634775002, 3515974757668, 5796161144825, 2787729115205, 5383437864354, 4793154881156, 7531676078623, 5638469361454, 4862592564903, 5971838266467, 4544560265375, 1119331580302, 5152543094840, 4947007022432, 5723985239423, 2945433818935, 1361087540622, 6481543544089, 2432305887381, 7575059159944, 7090298908270, 4848787377932, 4430587706089, 4569417410949, 4762868508134, 4703149684886, 5627735749587, 5942069707201, 4966074311264, 3019404394889, 6343887387850, 4555315890529, 6945398962196, 7509768770098] 
Capacity: 7768227479441 
Capacity ratio [capacity/sum(weights)]: 0.03625 
Maximum value for profits & weights: 10000000000000.0 
--------------------------------------------------------------------------------------------------------------
Number of qubits: 88 
Profits: [2908286107201, 5853358797237, 373706336269, 1844760249456, 270710553873, 1286777793578, 9929011797679, 4894026659107, 3855479157208, 2809409251745, 1154327868108, 1850229820900, 2541917408626, 7421655355844, 3502629087810, 6098315229326, 6241075295871, 4135509031058, 9948139403438, 3255150735508, 5629733836570, 7581926347222, 9179014910785, 5808190142402, 1986265296116, 7819020255433, 1478675038554, 7580137030442, 4335840339423, 8798442646665, 6740374802933, 4414689837918, 2382128946046, 5065168351609, 5092335211276, 3619471572109, 3998844432960, 7972106771023, 7188284328614, 60279514761, 5315996664601, 8523008173903, 3827060308359, 895893675308, 5368094475062] 
Weights: [5886706113037, 4308655100841, 5348548210590, 3450879010004, 7059021528502, 5803588158796, 6130500892932, 1677198659350, 6859954592852, 6057269789569, 4617810890315, 5927831630999, 5736735672258, 5555725465068, 3411538420218, 5706430353125, 5665761452104, 2169849925469, 2502957943871, 3436729840898, 3143550799565, 7001682084804, 666279602250, 6052760449084, 5682902128971, 3073167491255, 2117948353743, 3183831904069, 4830505236194, 2885816898047, 4696464150665, 6324510541417, 4795036042266, 1235162605461, 5483939952474, 4418849272684, 5066628857818, 5939152093471, 3427946429649, 5250795766779, 7404429989209, 6529915188329, 5025978748164, 4597101133056, 6653755958277] 
Capacity: 7481816506968 
Capacity ratio [capacity/sum(weights)]: 0.03625 
Maximum value for profits & weights: 10000000000000.0 
--------------------------------------------------------------------------------------------------------------
Number of qubits: 88 
Profits: [497734881854, 2639214176973, 1106470566685, 8559400788943, 6133860074111, 9473313545866, 276359615007, 9527070802798, 1694964297335, 1967858622400, 7839051095168, 155255077159, 5183510092389, 3570470209628, 9792777352607, 5513573988545, 736398558794, 1379509745705, 6185190299482, 7630655775399, 5190873556706, 8547922864810, 3819017306736, 7635290797310, 8074818177969, 4248850804107, 4442885961753, 4779556596138, 7978473487361, 3553389619231, 7003845463975, 6444459448301, 3966833673491, 4298722077730, 8852822438925, 3824007257763, 595120858937, 2632723493503, 858865930846, 4795995445148, 6490812051215, 6348325313933, 3788670393770, 4459530657964, 8384636339375] 
Weights: [4190045687762, 6769062983783, 5636956619163, 4547112835280, 7038531845217, 5393708415695, 6078699745551, 3524829773376, 3444654986598, 6950892213387, 7076571669880, 2552222934880, 3180410189537, 4997773066089, 2622818033244, 6883965957889, 3189170223599, 4161561720285, 5587267874495, 2628334738099, 6597024659869, 4852923757943, 4579260600332, 3737818845058, 3517019091824, 5867735255876, 1566605394696, 3265500725735, 5736533917039, 4449755526006, 6910004351044, 6293993679857, 4553570029143, 6381387563891, 4261398312672, 5819472161150, 5728088259884, 2797992656800, 2471247242508, 4913807952010, 6677479395527, 5865611689915, 5479224266825, 4133320363968, 2425132272535] 
Capacity: 7720603420504 
Capacity ratio [capacity/sum(weights)]: 0.03625 
Maximum value for profits & weights: 10000000000000.0 
--------------------------------------------------------------------------------------------------------------
Number of qubits: 88 
Profits: [4103476830839, 2821926168461, 5005362923409, 5246698748531, 8120336029738, 6512228852557, 5149320984507, 1595729295920, 6832726295899, 505359597269, 8536156527046, 5666311232242, 3829005591990, 2670432702532, 5591764268985, 2055061773549, 3496169836029, 4809301215235, 8993254853092, 5754098811410, 1611960726157, 8094568844537, 4499056495374, 6734578681233, 9399363727768, 6132778031275, 2895566049856, 288872272111, 8600874814853, 9680211886833, 6378748705466, 9179123588302, 5321856676165, 5251852395076, 6658631513709, 6107588020544, 814913962996, 3805151700106, 3991272245339, 1527013026699, 3082561696602, 7677665859484, 1373850695302, 7598631112426, 4250537363536] 
Weights: [4002208395487, 7878690776865, 5722148051177, 2480538679320, 6930615411208, 2154070317139, 5455330549878, 5661505750097, 7371163152440, 6397308172048, 4533370449583, 4911087952772, 5367048957298, 4755523942145, 7852092016988, 6690569384613, 4407151613262, 3765232752880, 4504774948670, 4108100124808, 5756682144123, 6353169410249, 3265420551249, 3904202140343, 7030118813611, 2854077742645, 8025466557461, 4397084907009, 7925995531551, 6444306363422, 2405377328415, 1031466237013, 2614585393768, 5675733716501, 3794903816946, 3567080842818, 4017977534482, 6012213306359, 7858894290868, 4028906860977, 7261159581867, 8023740127471, 8136159557506, 5870636659491, 2108032986863] 
Capacity: 8386373363578 
Capacity ratio [capacity/sum(weights)]: 0.03625 
Maximum value for profits & weights: 10000000000000.0 
