Number of qubits: 100 
Profits: [675164603620239, 397199690643406, 29177535825905, 352619673440835, 530047824686628, 524586399721048, 465584223550830, 408814519715500, 52247380436606, 409707375217587, 467646675492520, 572932365093502, 440467333944067, 142970786521912, 243818338535586, 858161701864491, 275439471321533, 905123985791177, 333104685230583, 499673415220959, 237394976656652, 312596571180945, 372160875675155, 104832131184386, 133110386944552, 684695266212254, 116593701149121, 335841918311669, 34557197634572, 910186072067739, 874800207418601, 771155300963233, 468188712490371, 303231234831180, 829700164305571, 601423483050343, 838355190955812, 609414720108120, 705306890283531, 526790884174444, 888992287392602, 179542920538345, 584003715908492, 876099348547705, 225512637944357, 329144503876297, 94565658956273, 457735524388296, 426047536024679, 312983353351468] 
Weights: [210449937244587, 433887522422668, 651409635399590, 441323984218836, 184756484743937, 738690501547632, 555270555512148, 454479625599055, 524612280579541, 732316374053936, 640131681161096, 185481474474117, 610427759205420, 740623417666875, 287307847735184, 353356219297182, 608708967877314, 732083915513606, 695232832609674, 190516364480514, 197775566575757, 688712622879029, 375511230269498, 122227240433971, 721565345313557, 598422091751803, 647779832191397, 688057768348610, 636123197338417, 412425325544576, 225505641775724, 713598971610825, 166989605348645, 506335306541175, 721581087252621, 673922136537541, 734546197925131, 641793287437779, 203206691890841, 175357397981870, 640418302198848, 565132077984150, 287046665553431, 249695813097217, 242712469189740, 372896130694384, 361095776950247, 331722644803209, 409187420599961, 602865590259315] 
Capacity: 756777771380699 
Capacity ratio [capacity/sum(weights)]: 0.0325 
Maximum value for profits & weights: 1000000000000000.0 
------------------------------------------------------------------------------------------------------------------------
Number of qubits: 100 
Profits: [689001778913582, 486016017437723, 243881055063423, 593129510669269, 455832974381061, 985867678477303, 428589391540347, 67523416438001, 892837395220205, 14422169835725, 927564435060323, 976321962560134, 33768091778943, 861807124200512, 17316008181040, 468434343506509, 793705209355664, 594551691125875, 118187012366253, 751473037130999, 56358742505211, 403265388108981, 376221952383153, 889250001322412, 165098456338002, 197896409269816, 908830549844310, 50133426151857, 717958273856267, 475051013898073, 664583088143362, 320840768906112, 650080980613448, 1328072577866, 426173010980184, 8109141081384, 930605593860054, 770622818099621, 960197318884319, 10692481858354, 882726527555256, 697285997167793, 557560560053482, 930417878610076, 150764198715220, 930256299779315, 69731056048634, 517152726984121, 590047432723666, 22348758725016] 
Weights: [332924236292836, 260461303573547, 348057192541714, 381656825611808, 342444825583549, 410899911004308, 559855114192991, 406086859495093, 287865756623834, 662270637910579, 476138463986376, 206583434183707, 356013684956900, 434677987482446, 320248426293463, 387851489539203, 631750001197660, 696600031603112, 595034964613451, 230020655604476, 642594992717656, 452932388492990, 478706414638901, 418053493054036, 623730559163916, 184305628885747, 711979992160017, 352513332368874, 606628435537909, 421488899462573, 306856409722305, 702450435557757, 675681598407731, 397505348348797, 407393427354046, 619795525592743, 267409185398194, 299567282189909, 382712179087714, 676367438765764, 359286859611241, 216623351640042, 485204707401926, 343632563871910, 655758048786478, 408819725788284, 629456755703933, 677129459878661, 272509681532992, 423000858093945] 
Capacity: 715450616413500 
Capacity ratio [capacity/sum(weights)]: 0.0325 
Maximum value for profits & weights: 1000000000000000.0 
------------------------------------------------------------------------------------------------------------------------
Number of qubits: 100 
Profits: [460982398486957, 186210501432126, 437202501417528, 954109885694543, 749083123925932, 5639023913386, 589437879183352, 790354773587037, 62555902525814, 949326768865199, 528031839036436, 36130147730341, 265518178959111, 650930448215581, 736953342513860, 604346510649776, 35593425170662, 187081253837447, 646239843108679, 271280015306031, 639833202807991, 792334317091077, 416680080150994, 775008143492341, 110204299902053, 804513841396241, 287878026783835, 68692008495918, 198252499825841, 470758652953482, 910203042831101, 932115651360055, 563902966562861, 282124980911224, 127022921402850, 478555955657178, 446578775442355, 792359885246967, 935100152257769, 202113097496933, 359905681084622, 726412634984038, 263980913827698, 860938400688792, 768460531928233, 627862674068107, 150951590267433, 788146885002390, 458600584674980, 545946080303051] 
Weights: [160577888773795, 903233172736539, 858652138759719, 856557098440594, 236507114712456, 398542814803194, 594697815320767, 229040505100090, 621199588897789, 561937795862454, 647316999548509, 496922608801241, 624289620034433, 685631549251988, 347874549787218, 666353893054670, 194414523552923, 259225787773041, 764293884570098, 700308844753649, 591981578300500, 516100959853529, 463703587795680, 921990026654028, 490203346376012, 806340413475017, 350211566440785, 345855883720077, 710047756264639, 627780144374169, 550406318792666, 455256617456849, 610399327392794, 599441239766940, 307384813665245, 465662995002174, 590984966317622, 840850628379047, 905898861067801, 831714299607367, 916950783508938, 906184233820956, 835664431389247, 454149095474846, 651347822434514, 569494946255379, 361362368421545, 433827200380064, 741471722770982, 778753559628680] 
Capacity: 932583726590664 
Capacity ratio [capacity/sum(weights)]: 0.0325 
Maximum value for profits & weights: 1000000000000000.0 
------------------------------------------------------------------------------------------------------------------------
Number of qubits: 100 
Profits: [474381073346679, 184673203039559, 20656037794073, 343514283886836, 571946613385933, 160628274610676, 103327529517516, 913977798107153, 36074900444289, 66538099362937, 708949334620204, 559870384742175, 850353688234332, 805553117431250, 761092832670251, 595271304723473, 699412718095698, 459681630786078, 330353377100888, 181439924805428, 670766627326977, 325497930057444, 164891268116121, 14733610124585, 273381092699787, 472276032820596, 206696108611434, 317033528090696, 471653648434568, 756189454521750, 549984462632021, 623258200368199, 423394421810959, 782129821060160, 369465448408341, 88882459358978, 145512298773349, 254753445765438, 427083498559277, 862723807401272, 615709535178645, 30751215426842, 381889291256036, 572785227437459, 881509723463616, 426382685325961, 544956134040821, 188563754331546, 656547488030796, 769747348142294] 
Weights: [644750593748457, 665980069170853, 379801927147020, 834121542954234, 353766218379013, 831667225007536, 541591285335352, 540301981225997, 444877212335538, 449395748783686, 691554536931848, 340593489627303, 780416976713434, 526817966532918, 601154376838555, 815212858185239, 171887738715264, 485338568891308, 191374622307175, 681787313629632, 668803677115306, 652945098002519, 483657102414827, 612966763385789, 240558317504296, 627142807084367, 724317269328863, 527771836032216, 325132410774018, 710816722408023, 619520521904084, 762629149450276, 394474597636882, 443590419345200, 678458224518148, 191469433052477, 386115615013934, 616180563930427, 309944816028860, 536240351710022, 233241627635736, 385904158427874, 755056553041514, 763758937322694, 473190438859165, 380689973105722, 479484900201684, 845542639969330, 815244676211383, 338730862804827] 
Capacity: 865197741945938 
Capacity ratio [capacity/sum(weights)]: 0.0325 
Maximum value for profits & weights: 1000000000000000.0 
------------------------------------------------------------------------------------------------------------------------
Number of qubits: 100 
Profits: [105818066221504, 799675073025522, 617520723939805, 487039842121400, 941385718628585, 661779316406112, 205814260053993, 737806885110491, 936081380037803, 71958653910137, 20794541388814, 585089753085757, 598662305902427, 963434510281738, 241131862924622, 610149035385737, 448830762085162, 184157017591502, 150018805716414, 41273562289273, 93416574953242, 517462971631844, 988169704427196, 497077694718109, 778395311935223, 626800071080117, 533127153193061, 209111315042250, 400344890646785, 299867722564881, 635852481657564, 263336915636999, 633470009443212, 389252616337266, 957557514927267, 406088885427598, 47605980170549, 139773436998131, 804816667111569, 809593305463779, 974204536780944, 383684322275286, 573009361478443, 489693615554789, 170837961462399, 179349627152583, 184607936030973, 907141979519759, 302428191262476, 327873761384972] 
Weights: [692375973024869, 648797751395548, 41498118180215, 586198429185425, 314703005444648, 620397508344786, 720555172508267, 169302841671843, 670015884982311, 301244224126544, 276364963883151, 670479885774694, 702897083110240, 612783991787736, 722266009029161, 410106087429992, 312717505218133, 430225040725880, 379002314188655, 646436526313602, 629079092842241, 353354327644357, 580612750737699, 648933266261572, 674211835917727, 374651278709517, 355875791259495, 520131899083259, 362761653191071, 125189308350444, 425227243290946, 453813563780920, 330459254926483, 668073691263166, 406988972614699, 461906062988641, 103757697458345, 527667884236735, 263471133406401, 505635394705880, 332563569944572, 616823651639512, 613683944333273, 262574390098212, 249051454593857, 594099871438929, 449629243218947, 482672412754341, 586711109222186, 503345174984386] 
Capacity: 743967765993758 
Capacity ratio [capacity/sum(weights)]: 0.0325 
Maximum value for profits & weights: 1000000000000000.0 
------------------------------------------------------------------------------------------------------------------------
Number of qubits: 100 
Profits: [301614412366609, 807205798003029, 469332563225611, 417692445024244, 653392202350095, 126727206487062, 382934420177730, 932770055238526, 336439830769042, 956533823785418, 463540392818192, 608078382119781, 557686947794443, 688156876802521, 442905991309615, 220207025008690, 466533298653043, 165945229448831, 953097281406088, 460365527663526, 429862939949960, 572040420762294, 345986671077122, 594083448371786, 314328616376913, 355564141510742, 820318771082775, 487551157566343, 981118741933818, 605040604208279, 927234712461268, 207032502324512, 288414494561799, 128908094575055, 895776965916286, 438137261574816, 622571797521396, 929378821359065, 1347561367237, 970087041300353, 513928323148449, 706279136448091, 369203969135759, 7385304405195, 314512418006927, 562004214399771, 121797390202108, 442141028664536, 35533664836934, 266956161185855] 
Weights: [913845278922230, 874281170903073, 629532854128456, 169049693090285, 680284019847375, 593792685658858, 667381448091712, 861471954374669, 524609908915134, 507805105572264, 430373157270291, 606077787038229, 540409270431590, 898248801490105, 567711940514614, 542782506919666, 141456654571132, 587037396520959, 460208328402837, 802262329196700, 357492038064566, 766620384955138, 672846192908681, 481786431560041, 825268059312178, 633184496065065, 405503126204457, 749378182658268, 647036604637658, 263332395674446, 250208578550485, 532725621953568, 513988219882138, 477615039620599, 877270486589180, 880970314437198, 789690322340417, 921293813135830, 561367372983036, 567907482742782, 688366409923420, 556532047449806, 667230195806280, 645599191728539, 475331543159675, 618626760805886, 712754153173711, 236298945907146, 534188680674088, 670017021710631] 
Capacity: 952938080802423 
Capacity ratio [capacity/sum(weights)]: 0.0325 
Maximum value for profits & weights: 1000000000000000.0 
------------------------------------------------------------------------------------------------------------------------
Number of qubits: 100 
Profits: [920074975473112, 958640879718637, 815885239851129, 72389362651071, 425388709653270, 149916972079045, 26540309509120, 889382926757649, 95619532395930, 756654222199826, 979795716847813, 336050736496814, 354289566718598, 957138353252524, 792848413081769, 416032722571053, 457204532705456, 166460424911304, 735632452935122, 186069442948730, 986729938721085, 980116961100448, 297214192878618, 893003682441679, 449021407895510, 285054397740011, 99371093521218, 663568855157544, 331950593565841, 265205580824186, 361476938127309, 118338468650099, 714752835253499, 688856965342298, 492571336651388, 500426861540919, 731192599993825, 804723260823467, 8028781234221, 121275175193645, 287553630849381, 752454843272756, 582099543487013, 279062096358029, 860842553035993, 707597490199399, 767095787338816, 112608352886408, 562478108513999, 947080722255027] 
Weights: [781076584002868, 352713773996392, 547207184975853, 298957776749430, 484793339784551, 506003324747739, 628543963816022, 479855707989698, 459490944353495, 415027399180558, 409626385295877, 614364070410648, 401736216023989, 763758031711718, 401590008338710, 464280194640915, 516173991393598, 465971381773804, 423501033907166, 648192142813703, 750754795662664, 100769414605100, 626024649103353, 767155114660729, 339457688638258, 89115123106216, 285961941723211, 517475121087437, 854009298151728, 502240266486713, 415446297660837, 812177196546850, 737099300094300, 565308668571517, 321998678155326, 531558270030747, 820079677335826, 751543500080044, 356277905601128, 378622983414941, 520458660174015, 222843150450231, 585576862514699, 762020562848212, 774509104858112, 758751949688613, 812067302190289, 667715453983558, 637026859346301, 691389810242995] 
Capacity: 855935971129916 
Capacity ratio [capacity/sum(weights)]: 0.0325 
Maximum value for profits & weights: 1000000000000000.0 
------------------------------------------------------------------------------------------------------------------------
Number of qubits: 100 
Profits: [963364391849139, 712455458832648, 938815241503856, 658987377971193, 716994494279067, 724727984901508, 113883950420993, 650328587730503, 584497320988279, 769667723385308, 141738369397955, 150031628572572, 668851927527695, 549823058191798, 646471777740741, 612823662329220, 455360208806315, 623043383515621, 994539985731673, 645496252110438, 912403184567551, 320341027383270, 947868612736944, 277306412608483, 412418091715889, 133525588001048, 445048169932308, 704009990304852, 16096600062071, 345297153289244, 976011064449485, 103484463230486, 981045186173298, 388837766794581, 267309612843162, 656456747400523, 778723421297723, 216942948237340, 898150507315263, 248506417828110, 526576854946963, 828826717262261, 533546068969799, 868067267071261, 336227094031575, 398664917849011, 365530293005608, 856234978354059, 979460306033117, 182996213061498] 
Weights: [451558604642148, 395331265910093, 345832116892279, 469342897796143, 332853128935306, 680013740584595, 715568031098528, 690744512609002, 401932217226202, 366458015125896, 380860166918260, 396870082311808, 662857134033967, 611287153564434, 676209153906149, 223367341279222, 495606425297012, 719850656757433, 315990291155152, 253702116241345, 331038201134757, 464559037441009, 362240105487470, 342871908731149, 286060112526719, 686090764031603, 642783041261121, 341813215708155, 285456915936190, 575504865061877, 547806129596200, 267066991714576, 546749741290642, 279253368396689, 176761748623469, 670844899334241, 686063913692029, 397801478646573, 556993241658614, 272372732361691, 580143634318073, 311005444823553, 471625066866434, 719174995141564, 504603476558839, 92231115835082, 308232344951753, 668294017874849, 366658804149346, 244898908763050] 
Capacity: 725963340001837 
Capacity ratio [capacity/sum(weights)]: 0.0325 
Maximum value for profits & weights: 1000000000000000.0 
------------------------------------------------------------------------------------------------------------------------
Number of qubits: 100 
Profits: [358513518215203, 221570229175627, 282621130213798, 96619565004620, 698070032854068, 36938456943703, 265000882279068, 888717897192180, 104501905758974, 70943170506601, 315352666957474, 946883377874831, 30172826251066, 867846347704763, 384301854045528, 621016501553142, 138460913371942, 595391751638092, 65546153940522, 281886580756264, 588732724086229, 636738591050145, 993380490032185, 165879016530669, 228848472707224, 866677268390158, 996617511784028, 830981445383467, 430639211453909, 772405125697557, 122541301951771, 763595267989456, 570296929151666, 514630304400976, 493729772786148, 146578039882192, 689088871074156, 771569080084500, 398662155957571, 856429556675915, 799783239397551, 788592037962771, 498305514239037, 119710580633273, 527359224211288, 387301946715148, 740609036051149, 306791429295978, 992641436474400, 884348084608372] 
Weights: [718166968750916, 901913599874084, 917159286421321, 809915862113372, 670996742838428, 511474770314813, 732192777849790, 858957996132314, 399939407116736, 668358677209294, 826812901259112, 580978336473179, 633599774333835, 398881727469593, 82104160212400, 529341175743586, 422190805487720, 973941147016093, 665702954780900, 150707387211306, 400669372487027, 473371038230903, 803557223613344, 927972396201723, 917708957101205, 820738602923664, 423163386382910, 888098637085363, 669542586222321, 185068220851988, 837410172284345, 621788871069643, 724838846396915, 50336437958094, 164689879095326, 475691598125827, 803154694564606, 457916271460813, 431142188749010, 445624532039986, 866727307828297, 101713267715200, 713693986002256, 945014840922509, 490454973305653, 940052593821356, 967044373747785, 902090104675255, 892783752190960, 785052609636875] 
Capacity: 1001264437471648 
Capacity ratio [capacity/sum(weights)]: 0.0325 
Maximum value for profits & weights: 1000000000000000.0 
------------------------------------------------------------------------------------------------------------------------
Number of qubits: 100 
Profits: [181007808655002, 469736463001971, 910107306954379, 740670504728964, 958664137968076, 686849104946001, 573964281102027, 270436845635042, 832046921294350, 562083106144102, 910723293408937, 169602281788630, 866383027378772, 400802428182695, 186228729484321, 345028573167102, 931620737801640, 318283195573013, 608158131111004, 747380127771190, 284903174808067, 442879674814717, 841325706405925, 752963315854473, 560722239026340, 918125536017690, 696755706144883, 81271566066505, 106796026118210, 479167238740089, 219696796841176, 824510831142208, 191612856283612, 762344192874992, 418378194811083, 165579017827105, 886757302080263, 13458266857612, 10328161021576, 250318800761027, 90853043434461, 486233644094357, 751998103243183, 996059317702295, 520052129111876, 433821887128596, 275248749827453, 205294314743332, 357097305124125, 365180588570500] 
Weights: [512556427293330, 453893900899399, 348796157781180, 755059735048669, 224607619105116, 669092499549387, 716909885119844, 769281937105409, 342990395977718, 623228485451805, 234569244947487, 505131408323128, 378934216353026, 542358485869238, 433706590010590, 415259710272926, 389189875975591, 98048875875106, 623629192184661, 458560861151408, 702382720050963, 329293166112291, 731153354805682, 543263328045375, 660778052672578, 775603464737508, 406953263217262, 743069141136576, 538499929012818, 665761474314923, 212172232407286, 556472696582721, 636471657343448, 540616653744744, 741735377563276, 598474236333106, 751188603974613, 506761485771810, 462763397858564, 358872391492879, 577466801026854, 345467418437711, 465457557324949, 301542179659250, 502864643753887, 394797474798418, 172306587140783, 483621481761385, 221972612887016, 521161417011369] 
Capacity: 794146450408493 
Capacity ratio [capacity/sum(weights)]: 0.0325 
Maximum value for profits & weights: 1000000000000000.0 
