Number of qubits: 69 
Profits: [3863744069, 9114463223, 2051907801, 7656200810, 4560177474, 4993087565, 2311209878, 6033182472, 307056476, 8399549216, 248866398, 1050274998, 7610139852, 5400770989, 892898662, 1467167321, 1638338765, 2813482458, 1343792278, 8786121162, 4004833009, 6284495158, 5141764430, 3833949435, 3239435226, 2362521255, 8559806330, 683497148, 3036103442, 7191649453, 5175748732, 2494432657, 2567383763, 9416256700, 6366124049] 
Weights: [5074113358, 4722434981, 2783012181, 6664344099, 4667213987, 7225586888, 5632460791, 3643799292, 4210575157, 6278498246, 2848883065, 5521472845, 7061842194, 3851216127, 7622510140, 6731838807, 5482632101, 4036752722, 6831698397, 8274017119, 1733889006, 2815350052, 1215966311, 6911698944, 4820568263, 6028585518, 8264454759, 3741171363, 1142397390, 8236586312, 5611958952, 5733088021, 5375569784, 3519425478, 4787186697] 
Capacity: 8724794891 
Capacity ratio [capacity/sum(weights)]: 0.05 
Maximum value for profits & weights: 10000000000.0 
------------------------------------------------------------------------------------------
Number of qubits: 68 
Profits: [1655630100, 7416177330, 5540135897, 7436231392, 7481773841, 9569207998, 2099746386, 4905943449, 5614421278, 5796601539, 316431858, 2728371663, 2403383387, 2073753599, 9160009102, 6231350728, 7197751918, 6651087804, 8130878838, 9094785122, 2621438493, 6157632461, 3338650927, 3648645486, 9755546510, 8751263676, 1353469128, 6374850257, 6604846687, 9393158570, 1849226406, 9343628592, 8723238679, 3776951571, 2992051980] 
Weights: [4251303154, 1281325767, 6961476155, 5391346977, 3705563702, 7654175968, 4318847738, 4562021074, 2693427418, 2016109512, 1635278541, 5413842520, 2948221013, 7079173585, 5682233651, 7536962880, 2914938208, 5169711529, 5845148574, 3835507616, 6161140715, 3016943602, 4695811078, 5007603410, 5203629829, 5570058146, 2991729576, 7227327569, 7008271456, 5030720281, 6950717577, 1712377311, 4633803171, 2326380390, 2401038160] 
Capacity: 7929598721 
Capacity ratio [capacity/sum(weights)]: 0.05 
Maximum value for profits & weights: 10000000000.0 
------------------------------------------------------------------------------------------
Number of qubits: 69 
Profits: [7499441902, 8716233766, 9130289012, 9967587791, 7389600882, 4734180686, 4550417762, 8188702107, 4997361991, 4779088752, 9715267032, 5445995627, 6101214676, 6241384402, 254263688, 7689641116, 446817551, 6374762883, 5598240521, 6806222340, 4770590469, 3855919696, 1881881670, 3496402699, 9435557993, 7008553805, 2809092131, 3985783780, 9599787858, 2348420693, 3903883388, 9439398670, 2647002936, 1304921407, 338874982] 
Weights: [6589749653, 1659529778, 3749638858, 6145690035, 8109779139, 6786590209, 5139972835, 4599355832, 7531516566, 4180156786, 4487916011, 4795488100, 2914034702, 8185929818, 3851818467, 6150261547, 7990557472, 8130746045, 4523238650, 7265896018, 7048651356, 4643030898, 8340789412, 4131480189, 1489977710, 4603671966, 2423814840, 4727971502, 5034535867, 3607073728, 1275253871, 5525879208, 4966320457, 5819439016, 3765047873] 
Capacity: 8832175639 
Capacity ratio [capacity/sum(weights)]: 0.05 
Maximum value for profits & weights: 10000000000.0 
------------------------------------------------------------------------------------------
Number of qubits: 68 
Profits: [4648811901, 5900686592, 9172992579, 6728992735, 1944104828, 2238401371, 9247009177, 7198681499, 8015777062, 67748143, 8224829252, 7500558420, 2130072352, 9030205986, 1772739279, 1700415898, 6183707267, 3296693767, 2640887676, 5673124070, 4674481290, 7048012447, 6559255286, 6506957452, 4661097866, 5134543147, 6606386969, 7913646936, 5395004259, 3429687151, 5422898627, 6451259642, 1750273622, 6517475090, 7389963133] 
Weights: [4516690653, 4235872213, 4869668216, 4734140586, 5655675183, 4864456396, 3537846722, 7125557021, 3896002864, 6561013155, 2816675523, 464474025, 784700973, 6354538224, 3414898324, 2736082024, 6925593869, 3817335224, 6996759868, 2199638479, 3625127805, 6568284404, 5089502486, 6057281141, 6413680059, 4247642638, 2888986107, 2219955001, 2526153377, 5350268595, 3424517532, 2841195741, 3073719903, 2289320050, 5423595419] 
Capacity: 7160528950 
Capacity ratio [capacity/sum(weights)]: 0.05 
Maximum value for profits & weights: 10000000000.0 
------------------------------------------------------------------------------------------
Number of qubits: 69 
Profits: [8128721838, 8772907026, 905927000, 6400516194, 4239478920, 3474633837, 8824456199, 499730162, 3475438153, 9003506310, 1786565829, 5774157489, 7400773165, 8589864423, 8784558134, 8187412296, 9282986490, 8684054213, 3300958512, 6405035977, 7003348987, 9563718901, 4029218940, 9879406447, 8071778469, 4839290456, 4492739543, 1238627557, 5332126923, 5944774771, 2469514078, 8557426016, 306587882, 9848049055, 9553248254] 
Weights: [3502315180, 4298280972, 2940487008, 8906625960, 8236877887, 6370677898, 5755358288, 5414332504, 5678914079, 768029359, 3636738189, 4647040259, 4915199519, 8955109544, 8747872236, 6060327989, 8074500475, 6537275111, 4052387965, 5534571484, 7442868583, 9010336528, 5854167504, 4071931427, 5714670239, 1928918297, 6914462431, 1941341802, 5017701522, 4003514307, 3194096771, 8493772836, 1330887683, 6664615768, 2410595238] 
Capacity: 9234915947 
Capacity ratio [capacity/sum(weights)]: 0.05 
Maximum value for profits & weights: 10000000000.0 
------------------------------------------------------------------------------------------
Number of qubits: 69 
Profits: [6448717731, 8744633785, 8935770814, 4562482734, 1670672787, 7843805334, 4207636562, 916476957, 2982807678, 4629656507, 9965238914, 7478817976, 7181216427, 2254716160, 8373988413, 6634429332, 6757774442, 2388838549, 5104571119, 1674886165, 4309526569, 2926489190, 5581442876, 3809194905, 9312519213, 7061638363, 6135892276, 6901083678, 8045140947, 8146398002, 5829664860, 6603588116, 4725510257, 431598695, 262487581] 
Weights: [8557674889, 8526920976, 5427256211, 6304697668, 1343109917, 3634478999, 8281487928, 2927953384, 8609259673, 9306718120, 4763342467, 1955617633, 5194987409, 8173156866, 4534710315, 1763968513, 8991328193, 7713459490, 7727859546, 5101480869, 8576616314, 9642429927, 5324040971, 2402305977, 9644015468, 8609666794, 3949028868, 545882928, 6608949980, 8700802310, 6338522864, 3790843363, 855763800, 9718631053, 2344922476] 
Capacity: 10180605320 
Capacity ratio [capacity/sum(weights)]: 0.05 
Maximum value for profits & weights: 10000000000.0 
------------------------------------------------------------------------------------------
Number of qubits: 68 
Profits: [5643741958, 4445856703, 9044937751, 2704338714, 7382727961, 1334214359, 8679562726, 7539939793, 1066289752, 2503926139, 8854764324, 2159072355, 725803088, 7246535927, 6934961337, 563584008, 4319012721, 9458922315, 7049670716, 7326733840, 4018273830, 4756840196, 3457812127, 289852984, 5330941845, 5898005891, 7314785479, 2416318611, 8065931352, 2792045088, 5873126803, 1526520096, 5681368163, 9908283506, 2290801106] 
Weights: [4114914466, 6778975022, 6136376505, 3270887684, 6586563779, 1227050640, 3453293269, 6725364611, 3393760230, 2943932371, 4837970461, 4062230935, 3379178142, 5548482697, 3172955696, 7868872362, 2888906750, 3879187529, 6140764189, 6200393962, 7828572289, 6410716507, 4155865256, 4896732163, 6548319185, 2853477176, 4354264354, 4970626614, 6427647098, 4690808504, 6886791280, 3459307564, 3157832338, 2991263494, 4388454942] 
Capacity: 8128063268 
Capacity ratio [capacity/sum(weights)]: 0.05 
Maximum value for profits & weights: 10000000000.0 
------------------------------------------------------------------------------------------
Number of qubits: 69 
Profits: [1986092322, 5653854409, 9453945128, 2101875090, 1455682608, 7605702938, 7138871234, 6131799385, 298076898, 4649951389, 3076695885, 8120232804, 5763880360, 8946120942, 6395844648, 8332175481, 6096247216, 8002338424, 7599511328, 9142180028, 6002614531, 6973546478, 3419073249, 3462255139, 2222908135, 6668508108, 7172008255, 9570945257, 98122450, 8394279528, 4017960926, 8855760133, 5633284151, 919688871, 2847570886] 
Weights: [4428040427, 6133887741, 2008873115, 6824043372, 6744948670, 5684434868, 3530121747, 8021499504, 2190934259, 4987091647, 2503471983, 4239055594, 8563955865, 6950268435, 6829880315, 1730304840, 4113376452, 3354017249, 3439941475, 453082982, 4085955546, 5102162063, 7576293876, 6541764296, 6459939034, 8653347927, 3603267652, 8646371223, 7200344368, 2417088756, 7605525049, 7721679565, 2043986776, 3338274558, 2795896281] 
Capacity: 8707502233 
Capacity ratio [capacity/sum(weights)]: 0.05 
Maximum value for profits & weights: 10000000000.0 
------------------------------------------------------------------------------------------
Number of qubits: 69 
Profits: [2479975608, 6088446912, 8610069527, 4885638417, 8519067639, 8588256306, 3868100184, 7533126526, 622194708, 8560710049, 769489187, 3142012254, 8439514548, 5894151504, 6236661013, 3990650867, 3179004013, 4840540069, 3463720725, 1120199486, 6045801106, 6794313209, 771726068, 7698520822, 7774382978, 5104839697, 8082220685, 4125682219, 3628398680, 6798988822, 3052735620, 1285616801, 5702478360, 6046936860, 9376487322] 
Weights: [7265372873, 2520247053, 6359654601, 3536839357, 3879559452, 3233520775, 8048772501, 4982689658, 6465623950, 2238838928, 3847509985, 8835344024, 7940751036, 2700869197, 3386001280, 8603705768, 7060459347, 3373889500, 4316773025, 8601306167, 6382921285, 8135925122, 4490787446, 3534698960, 3545054640, 7475397092, 3193476924, 3319302091, 5906121620, 6811851353, 3799365807, 5144438010, 3856578461, 7404605936, 5828795599] 
Capacity: 9020212197 
Capacity ratio [capacity/sum(weights)]: 0.05 
Maximum value for profits & weights: 10000000000.0 
------------------------------------------------------------------------------------------
Number of qubits: 69 
Profits: [4415353720, 7156339021, 8471602223, 6546757331, 3847491357, 3081294595, 390626104, 1668794473, 2270211316, 4984909514, 513854888, 8327550452, 1016908898, 2833026442, 1202509426, 4514538058, 8382563828, 8296533656, 8850137327, 144866982, 6462677438, 110002619, 7250473622, 2804336565, 6109537030, 3163440088, 5088605448, 2360324152, 8362039894, 5893202209, 1692152378, 4675461995, 3046135697, 148456615, 6215267187] 
Weights: [7876655676, 1379727141, 8039708723, 8938862246, 3676811316, 4485476644, 2035048931, 1621503967, 3534155864, 8318814833, 3414724074, 9401527134, 1659886138, 6932682521, 6010670374, 3166908674, 5055396000, 878794038, 5009842600, 8859203183, 3604189732, 8311766281, 9286310315, 8825157612, 6217643798, 7426151100, 7995321347, 8810002956, 3143535691, 1009413907, 7476121102, 1687968904, 7036366889, 7881095213, 9290683202] 
Capacity: 9462803151 
Capacity ratio [capacity/sum(weights)]: 0.05 
Maximum value for profits & weights: 10000000000.0 
