Number of qubits: 40 
Profits: [712858, 496325, 806558, 187230, 212326, 387966, 965146, 210362, 260677, 676860, 32059, 546606, 121622, 329580, 178250, 746173, 818105, 849725, 327124, 877673] 
Weights: [455472, 390630, 472893, 410463, 631151, 455876, 772641, 554576, 716824, 669611, 221071, 653466, 332687, 501062, 190459, 742208, 677327, 496568, 397911, 698682] 
Capacity: 780727 
Capacity ratio [capacity/sum(weights)]: 0.08 
Maximum value for profits & weights: 1000000.0 
------------------------------------------------------------
Number of qubits: 40 
Profits: [964953, 227546, 430677, 687993, 172134, 123020, 81151, 147337, 85397, 954070, 272211, 147098, 793716, 1428, 303499, 290495, 954748, 111694, 410566, 850417] 
Weights: [641512, 724614, 595179, 310539, 526130, 399639, 538951, 761092, 176224, 674599, 748112, 363307, 469954, 585836, 517583, 756088, 512150, 607865, 482182, 648635] 
Capacity: 833696 
Capacity ratio [capacity/sum(weights)]: 0.08 
Maximum value for profits & weights: 1000000.0 
------------------------------------------------------------
Number of qubits: 40 
Profits: [705574, 652635, 44404, 109707, 680404, 34999, 451159, 202952, 99504, 815938, 428856, 151319, 309008, 598166, 347179, 807221, 157610, 417721, 881974, 564497] 
Weights: [821597, 717697, 701700, 318021, 442949, 695074, 768932, 530776, 602218, 153089, 498096, 454472, 301432, 374396, 848130, 623239, 739180, 256939, 841044, 346565] 
Capacity: 859986 
Capacity ratio [capacity/sum(weights)]: 0.08 
Maximum value for profits & weights: 1000000.0 
------------------------------------------------------------
Number of qubits: 40 
Profits: [727537, 83631, 703252, 920869, 86386, 586947, 975724, 846320, 260027, 484254, 697709, 956551, 719636, 775792, 884623, 693990, 357045, 569208, 714377, 197030] 
Weights: [374431, 376632, 518810, 415178, 484834, 429247, 417621, 330867, 485455, 365310, 536153, 667370, 402959, 459040, 691483, 493883, 608116, 83195, 505338, 360028] 
Capacity: 693621 
Capacity ratio [capacity/sum(weights)]: 0.08 
Maximum value for profits & weights: 1000000.0 
------------------------------------------------------------
Number of qubits: 40 
Profits: [960144, 578641, 761410, 789114, 81794, 716974, 569316, 606120, 459096, 742201, 665676, 503455, 168829, 922964, 802121, 144693, 778401, 378670, 330419, 428768] 
Weights: [110125, 500224, 566221, 514211, 599032, 451773, 423494, 397188, 381374, 599257, 469294, 512987, 661747, 454892, 728872, 485142, 437345, 335767, 733731, 723217] 
Capacity: 752063 
Capacity ratio [capacity/sum(weights)]: 0.08 
Maximum value for profits & weights: 1000000.0 
------------------------------------------------------------
Number of qubits: 40 
Profits: [177535, 481155, 740128, 937346, 971478, 896507, 373602, 580185, 801212, 111080, 31166, 876693, 4398, 354024, 339239, 27375, 737276, 297843, 769311, 357097] 
Weights: [347522, 553197, 446806, 185859, 621763, 451043, 570540, 587061, 240735, 519747, 640845, 382925, 383160, 457366, 334021, 290942, 664304, 527262, 398080, 648314] 
Capacity: 689973 
Capacity ratio [capacity/sum(weights)]: 0.08 
Maximum value for profits & weights: 1000000.0 
------------------------------------------------------------
Number of qubits: 40 
Profits: [471562, 491141, 103178, 878072, 145243, 427181, 381239, 861329, 818415, 472890, 319478, 72063, 827810, 966357, 440471, 441251, 413141, 118843, 56755, 37283] 
Weights: [731014, 860682, 944314, 891842, 704354, 744662, 593436, 335415, 110973, 431857, 844405, 893192, 947098, 895672, 405124, 438392, 634723, 401015, 303893, 885815] 
Capacity: 973209 
Capacity ratio [capacity/sum(weights)]: 0.08 
Maximum value for profits & weights: 1000000.0 
------------------------------------------------------------
Number of qubits: 40 
Profits: [925591, 801236, 3416, 746683, 694914, 19223, 831410, 547756, 616384, 912924, 265055, 868030, 715934, 104181, 441929, 799846, 702827, 942448, 333987, 323383] 
Weights: [527488, 483108, 644144, 698776, 375513, 764796, 189174, 517549, 422306, 523830, 773254, 477614, 453372, 810904, 377091, 737017, 682562, 487365, 788602, 850582] 
Capacity: 860649 
Capacity ratio [capacity/sum(weights)]: 0.08 
Maximum value for profits & weights: 1000000.0 
------------------------------------------------------------
Number of qubits: 40 
Profits: [184127, 282638, 282496, 433303, 162863, 716821, 994507, 785245, 237935, 15948, 451046, 165015, 551883, 57405, 536095, 776800, 41620, 564228, 890758, 997190] 
Weights: [196564, 265674, 529066, 300405, 351790, 291606, 311914, 482038, 455079, 578673, 490539, 556261, 599817, 419045, 413586, 428487, 270706, 379970, 495207, 291341] 
Capacity: 626992 
Capacity ratio [capacity/sum(weights)]: 0.08 
Maximum value for profits & weights: 1000000.0 
------------------------------------------------------------
Number of qubits: 40 
Profits: [749168, 336796, 297603, 685214, 440572, 229036, 976646, 526022, 860382, 688516, 696630, 137163, 24730, 221767, 213299, 590595, 198594, 713704, 460968, 481641] 
Weights: [406399, 604267, 647406, 861355, 552719, 326529, 445539, 733186, 709213, 331983, 793405, 797432, 867880, 728956, 413567, 350021, 745914, 595147, 489803, 325695] 
Capacity: 914545 
Capacity ratio [capacity/sum(weights)]: 0.08 
Maximum value for profits & weights: 1000000.0 
