Number of qubits: 69 
Profits: [2253180173, 1780289704, 3556521246, 9505433123, 6149959773, 2603780331, 5464666128, 6120767236, 2754822189, 5720612587, 3484656012, 5038228494, 6556883949, 3286321764, 6784339757, 2875602728, 1615735890, 162276048, 8450503363, 492340023, 7312133612, 269084186, 8518313490, 7059930496, 8452506870, 6091844163, 2378392522, 970741425, 454108453, 7359913403, 6600871950, 828815930, 2665746209, 8811878626, 8597613505] 
Weights: [2656494709, 8695763808, 7357615382, 5287900366, 2255520778, 7363847089, 2545432444, 9449454612, 1590060852, 2587329483, 1926311434, 6628308098, 3462554787, 1695421187, 4927773373, 8414813076, 3714543383, 4570994771, 4564339753, 5592325103, 7901412882, 6204249341, 7008288646, 9094044398, 3886230736, 7294773159, 3835647588, 5810719382, 7621823584, 8637106369, 8853117024, 8033389950, 8489723711, 4546821021, 6553164483] 
Capacity: 9636669930 
Capacity ratio [capacity/sum(weights)]: 0.05 
Maximum value for profits & weights: 10000000000.0 
------------------------------------------------------------------------------------------
Number of qubits: 69 
Profits: [550309364, 7063038405, 6065794942, 4170648249, 1456105861, 8806879154, 1678487136, 2869115051, 4305115243, 1143767797, 1154334560, 6430721835, 8342733530, 9774557406, 2861763060, 5842475314, 7367480950, 6488559288, 2878144668, 4535783515, 8457171170, 8855521240, 1138822454, 4194841466, 3840803654, 4881548763, 7495817072, 3986514811, 7712818971, 5183467332, 5775120673, 7626260374, 7224974282, 1645461595, 9567273071] 
Weights: [8355697303, 4295065220, 1000482387, 6878196802, 6876961303, 6292905474, 5689864797, 3041463821, 7589085406, 6310890454, 7481813524, 3248208078, 2663859512, 1897367335, 8356059190, 1972627533, 4574521080, 7188416842, 6274750234, 6776488626, 1954798677, 7966142656, 3034615890, 9066667484, 8158428100, 4348079530, 1557528547, 6222584033, 1813818883, 5290818692, 5282333578, 7771820274, 5467958093, 7503896938, 1668859929] 
Capacity: 9117763409 
Capacity ratio [capacity/sum(weights)]: 0.05 
Maximum value for profits & weights: 10000000000.0 
------------------------------------------------------------------------------------------
Number of qubits: 69 
Profits: [6000929199, 6866531401, 2252232933, 4136523579, 7154810677, 2032907191, 3091619048, 3819912041, 6514555610, 4171377978, 1237798111, 4857299624, 9981197275, 4061535421, 7433356049, 8259999567, 6174849934, 4985751128, 5698078063, 2869217400, 5979855740, 8988744647, 5403957330, 5390829014, 2773358366, 2764562059, 9987853989, 871879993, 4892688332, 6748342965, 824597767, 9397789903, 7089537134, 4924852476, 2123861257] 
Weights: [5366649595, 3416023528, 3596481888, 3973753117, 8343582321, 2395632072, 6879321808, 3311129706, 1845729152, 3442933001, 3186649634, 8827029906, 6882905597, 8881333707, 8068888906, 1989473100, 7620320576, 7043517648, 8579213322, 9015291710, 8161242635, 2685087666, 2377137158, 4317573191, 1895248113, 5064184169, 7553195697, 1935410797, 7487548518, 6276496523, 7602423612, 3138376254, 8355626509, 3800118534, 5062855338] 
Capacity: 9174817695 
Capacity ratio [capacity/sum(weights)]: 0.05 
Maximum value for profits & weights: 10000000000.0 
------------------------------------------------------------------------------------------
Number of qubits: 68 
Profits: [9561681423, 7756406663, 1830339577, 9200966234, 1713328851, 9192305879, 4683430576, 4976125587, 2239585311, 849044573, 9009474017, 8198555762, 4538790289, 4550906986, 1983913194, 2304286652, 8373442603, 9285391883, 8130988616, 687525668, 4613645495, 8674794229, 2860884726, 4618913354, 4116528170, 3419096128, 3025783794, 637640638, 658005229, 9476233358, 2188019623, 8489547122, 4338369809, 3147361658, 7301851152] 
Weights: [2616053924, 1516887040, 6104247825, 1535033905, 8103187600, 5728564040, 3759796303, 4609528769, 5884507567, 4772292413, 5568951427, 6256361665, 7445076581, 7675034368, 6001448539, 5268085945, 3042382420, 5416260670, 3165683388, 6656174819, 3814444124, 2777168856, 5725120043, 2534961451, 5854273407, 1856367662, 4232812972, 6632609301, 1396517943, 4196539048, 3349134759, 7671916383, 7269245523, 6185035860, 2897143001] 
Capacity: 8231724321 
Capacity ratio [capacity/sum(weights)]: 0.05 
Maximum value for profits & weights: 10000000000.0 
------------------------------------------------------------------------------------------
Number of qubits: 69 
Profits: [4128671649, 2576996571, 4776387795, 6841565257, 6236245747, 2268705556, 8360453239, 821451891, 4781648371, 9326462764, 1472008863, 7773625972, 7490292331, 5831684466, 7032042777, 1847754736, 2310899808, 4705410101, 1475172329, 7614013599, 3331591600, 2719926787, 7874444145, 8656652669, 726559874, 5081334897, 8994752001, 9844872046, 4075745957, 2754979703, 4192219104, 820785640, 4520103733, 8930852621, 6423992122] 
Weights: [3702992628, 5685635724, 8327234233, 8421447852, 8169878392, 8293690658, 4263924457, 3596165839, 7031634849, 6079303174, 8519122730, 744995189, 6496120972, 4106398118, 1182523821, 4921555321, 8428442019, 1875787056, 7387230584, 799406279, 7315206397, 661523182, 7188567031, 5670839474, 3534794449, 1676698406, 7858903884, 1542349471, 4243415654, 5023561868, 2376300718, 3503756465, 8134645617, 7239021033, 7448207719] 
Capacity: 8703115182 
Capacity ratio [capacity/sum(weights)]: 0.05 
Maximum value for profits & weights: 10000000000.0 
------------------------------------------------------------------------------------------
Number of qubits: 69 
Profits: [9414778586, 3365597951, 8916565577, 190471870, 8256966607, 9235166926, 6943338544, 6645952787, 7460899699, 573630029, 7625041345, 9068722639, 225041135, 3522222114, 7380627237, 1195118476, 6385530801, 1533119853, 8895860239, 2484168001, 9891294181, 5407847180, 7156482298, 5207555819, 5710580911, 5196008022, 9681472017, 1158965082, 439771482, 6479846358, 9678178625, 8309009125, 4170680838, 4083155908, 1508178501] 
Weights: [5645454419, 5108640187, 6572744729, 5080609773, 1957972533, 4349585515, 9614982765, 1814438868, 3497586493, 9364603605, 3010408279, 3602089063, 6066797811, 8857614893, 8838644453, 8796052330, 6138033758, 6039699703, 4515092227, 5734889670, 3988866586, 3732699774, 8452313057, 5117659202, 4983099005, 6560283560, 6823462075, 6885995912, 9356896978, 5768247642, 1544363052, 8286762648, 4136953488, 3196748961, 3294740833] 
Capacity: 9682124989 
Capacity ratio [capacity/sum(weights)]: 0.05 
Maximum value for profits & weights: 10000000000.0 
------------------------------------------------------------------------------------------
Number of qubits: 69 
Profits: [3750701670, 6431898020, 9372613475, 3695728143, 6366905007, 174452853, 5125357161, 7978595595, 4704948154, 3082923922, 2257551948, 1240303561, 9564909884, 1673408312, 2159025323, 1842593111, 4483820335, 4083215020, 8020139148, 8417566511, 4420525005, 5722993656, 2623645260, 1998077136, 2331779627, 6217556428, 5846810484, 2184592170, 7541232145, 2070762643, 5978204720, 2963083100, 9283107918, 5655812736, 8766716877] 
Weights: [3121361549, 7430428091, 570412588, 4670336215, 7414650419, 3102036394, 1422578467, 10081078109, 1886553061, 4708460701, 9315803117, 7740490201, 9930032627, 5865019707, 7160598893, 9186077022, 7471816572, 5475672740, 8273127718, 2878555707, 9613645279, 2569808856, 9765803113, 777209964, 7236404383, 9948072463, 9002353842, 7211409426, 6254102295, 615334490, 1783225479, 7491667298, 6056981840, 6285449189, 8929247811] 
Capacity: 10128229623 
Capacity ratio [capacity/sum(weights)]: 0.05 
Maximum value for profits & weights: 10000000000.0 
------------------------------------------------------------------------------------------
Number of qubits: 69 
Profits: [7893916739, 2694408334, 3747278409, 9803441156, 4763909079, 6109404388, 3244402013, 4489643147, 2503028495, 4357540483, 9860592475, 5159380701, 5571551182, 3809260484, 9773529166, 191269843, 449765621, 5537092946, 9262286668, 6339612311, 9694409760, 4718912205, 7427544587, 3595410636, 1345006308, 9643080248, 4379410035, 5811508151, 2385844186, 4040518246, 4536777423, 2338125778, 1036283986, 2873832896, 3227679425] 
Weights: [7746465009, 6522737493, 2147005739, 2149743830, 3936692934, 2428032028, 6426973850, 6185178133, 4316779727, 2841637701, 4759167885, 3905856777, 2276276032, 7540229621, 5899340529, 7295308783, 4882587341, 8508458248, 5590934938, 3530274753, 1267802613, 6450838754, 6448022661, 4517742806, 6147263615, 5507396619, 8372289317, 7674396552, 2536368707, 8106247758, 4201895271, 6410102975, 3616325656, 8292886448, 949969923] 
Capacity: 8926397773 
Capacity ratio [capacity/sum(weights)]: 0.05 
Maximum value for profits & weights: 10000000000.0 
------------------------------------------------------------------------------------------
Number of qubits: 69 
Profits: [9535920889, 381496665, 757276875, 2902720179, 3801787347, 607579029, 91133217, 2996192923, 5779158359, 7546527658, 2973649734, 6206181858, 1133575481, 4327588939, 6742193570, 6203920523, 4657488615, 4250929452, 2877327139, 6496342352, 263173766, 3342242718, 9689497093, 2256858912, 1469953237, 4518825354, 9775115076, 592641231, 4909930692, 686851790, 3759086098, 3341686013, 1089551882, 1887918916, 7831945565] 
Weights: [4165270435, 1276713232, 4986437046, 6797005540, 7313561008, 6419354855, 3528843048, 4576481824, 9416914455, 8721852967, 5473092642, 5958596398, 3443808594, 3150210662, 5743136383, 7050049425, 5931894892, 8166171188, 8667286647, 3577329745, 8251078057, 4232340184, 3432383574, 9331760647, 4732493909, 2909391362, 2951423417, 9685835031, 8542220028, 750137737, 8262568655, 7902578246, 4400167372, 8196312764, 7701657796] 
Capacity: 9907788559 
Capacity ratio [capacity/sum(weights)]: 0.05 
Maximum value for profits & weights: 10000000000.0 
------------------------------------------------------------------------------------------
Number of qubits: 68 
Profits: [7450454874, 6733609782, 3111090502, 2779650438, 7980326133, 800781407, 7710793459, 9845443675, 4187612082, 696336248, 6195177522, 6378680206, 6004462327, 5272124480, 5983987803, 8606539898, 2422014372, 3727544567, 3101921539, 3637274426, 2421439358, 1316855502, 4388805530, 4091738339, 8374231408, 1294669922, 9869514031, 3350690746, 1082234801, 5953388478, 6095935018, 7639195543, 9151196094, 6748455295, 7475122969] 
Weights: [3768154490, 5525979177, 5444911831, 3951100898, 4696946631, 3397479728, 4853867664, 3886575580, 2309182527, 5582707716, 2818161938, 7586572255, 5673463689, 3470868236, 4194896775, 2558583655, 4715145304, 4173283314, 7761160726, 4380608486, 2899806278, 4857791096, 3066154092, 6147439802, 7603486131, 5315615966, 2264317759, 7098192030, 1128608533, 4740747773, 2716580960, 7111680173, 2275526260, 7015507303, 6284517639] 
Capacity: 7761734251 
Capacity ratio [capacity/sum(weights)]: 0.05 
Maximum value for profits & weights: 10000000000.0 
