Number of qubits: 88 
Profits: [4822818823439, 3520466440159, 7765600235869, 1023095720375, 3892295874792, 328988631724, 1283870704241, 856186564159, 3505251021077, 2045614866303, 7292598529141, 4920509447337, 2219143066118, 8885788285344, 629971254990, 432602622723, 1906186755527, 4182704632633, 7789617999358, 9337465052950, 1932738644022, 3456237343139, 6964878848261, 3900547391314, 2249441493872, 9710945895269, 1044255655682, 8188188984913, 7606191897129, 1204611578959, 6318295677060, 1694487403589, 209163454588, 453619813894, 7629695298910, 2393557334285, 42735284969, 4395403055455, 3267406127128, 5355114361154, 6645039897951, 7357121052784, 3300644948586, 5663622862678, 3431470860455] 
Weights: [3150736213115, 7414023148348, 4526695215650, 7695971164617, 6067104639883, 6729999937361, 7778538835297, 4709175497160, 5310442949742, 4797916818081, 7399229001625, 6923819433133, 3035881891849, 3254457818527, 6431785305377, 3283661527227, 3371444039607, 6522042087430, 4768056967624, 7624476075974, 8742451763529, 5820379049536, 8330547442888, 5658319884191, 8324412126106, 5082319388538, 8558918551651, 4877020111864, 3126809864482, 3208112196948, 4621140566174, 3657898027548, 2702066262371, 4744260205900, 4950694946570, 3486024608955, 6929927048501, 3420914958659, 8584002530206, 7131654072153, 2874276598188, 3225113524506, 7825060529302, 4845462496500, 2618161970820] 
Capacity: 8756110619332 
Capacity ratio [capacity/sum(weights)]: 0.03625 
Maximum value for profits & weights: 10000000000000.0 
--------------------------------------------------------------------------------------------------------------
Number of qubits: 88 
Profits: [732196430870, 8767129839120, 3407864300575, 8726358735914, 4905429133665, 452022785319, 8360040658537, 3331638750151, 7885724068551, 1859049248935, 5560263541313, 547080382106, 1152453216973, 1559934275609, 836138313345, 6546828109035, 4665164690940, 3836056830017, 6819353024500, 8782729043436, 843281903953, 2114893331419, 3626024443958, 6166965880569, 6270939971058, 6144086784706, 331318007073, 8984476849180, 2284357309223, 4893558608309, 9533868474697, 2506564468023, 869514089114, 7549640049835, 9929910855259, 9495894975137, 8136455977909, 3881269105464, 2923705896925, 9946760826984, 1356268882075, 8028929230481, 5095060842128, 3517424159908, 4524066809774] 
Weights: [5772967835945, 5942302502271, 5816481258624, 7206614105188, 3293119541033, 6637361710953, 4104976038140, 4925819606255, 3835031582472, 3967009524688, 5388473588739, 4624184856053, 7459817284102, 2454042865373, 3755276900395, 5005671456024, 6244406024751, 6964323120002, 2463262670664, 7614882124345, 3980238369345, 5011844035473, 7556793591055, 4036395901481, 690880164238, 4418811629051, 6327880853236, 2476642953684, 5639377491194, 5580646661611, 4094491007252, 4759395893714, 7697897158730, 3807572548751, 7285354519911, 7722451673462, 3541862317227, 5763933077821, 3113896242312, 3902316493030, 2396925697160, 3350326056055, 3567674936020, 2993858598924, 5285423517348] 
Capacity: 7732974040442 
Capacity ratio [capacity/sum(weights)]: 0.03625 
Maximum value for profits & weights: 10000000000000.0 
--------------------------------------------------------------------------------------------------------------
Number of qubits: 88 
Profits: [9900842255873, 9027494516022, 1315022367531, 6860756017756, 672098971335, 7287115439962, 7991237176871, 2514936037729, 5566842718790, 202032428302, 1395795625215, 8737580264465, 7446465586634, 2236093834955, 2509507813345, 4131267628369, 4338323273609, 6473145374685, 7641934046788, 7874940418982, 1922560458102, 2936117206821, 431970494300, 3740050577149, 4917687038702, 3562380743669, 4095384301285, 6247200920969, 4524363690484, 7423142626914, 3375645168098, 9448788896541, 8945464035904, 7541250797908, 6944796086778, 1602394369249, 6801090874386, 8403926336962, 6701128197011, 3803315425968, 8584822426531, 6503702748577, 6299958481257, 524255291502, 1201547140577] 
Weights: [4567388407886, 2998035481487, 4717812387772, 2702674027144, 4991619660225, 5448926432150, 7433828244908, 7271078898818, 4658688470423, 6253490428961, 4152439383441, 3795000834792, 6792423518577, 3113229451887, 6200268864901, 3951560719213, 6064152332036, 2997977242698, 7229292192462, 3033592834939, 7159932458367, 5597559200142, 3369123862126, 4941914342484, 4706849550473, 4184439137514, 5255107766966, 6805587157085, 3154389605412, 7534042463133, 3560461204279, 3580189050405, 3645640396738, 2986287780826, 5955462738922, 7763761393379, 4552312643961, 7312547505595, 3714160321351, 3126246214004, 1570428625222, 6981198359617, 7546648297567, 3685053757899, 5934396615219] 
Capacity: 7870122958629 
Capacity ratio [capacity/sum(weights)]: 0.03625 
Maximum value for profits & weights: 10000000000000.0 
--------------------------------------------------------------------------------------------------------------
Number of qubits: 88 
Profits: [9552436405691, 96747923012, 9112297232121, 3696515355332, 636120510624, 4488069586860, 1444694854974, 1239869766185, 5015766255712, 8655708689689, 677034947261, 8490162272872, 6021719470681, 6929506496219, 2178826878905, 4603744127921, 8584717485455, 2737626209242, 4248180220492, 3526122731942, 4198083653262, 9404451750735, 4396271524522, 7884298010486, 2503990202377, 828934071545, 7193131051581, 7785107855114, 7722980868050, 2975087030281, 5919507504568, 4405337222752, 7982265563648, 3408345636504, 2117193008137, 9779133436225, 6814053782745, 8445464279745, 68763908353, 7501466077891, 3898384651434, 6422091730165, 1016622923577, 4673030271958, 4213882267915] 
Weights: [5314609190479, 6537286549988, 2090194947592, 3953930565809, 4278540320043, 7799353672565, 4869155731809, 5247335802465, 7722922721199, 6480109706156, 7414441991370, 6620169733534, 6004605215933, 7817483428947, 2566698419711, 3285867478678, 3703364187111, 5769187924294, 6560346567010, 7487122987739, 4597357777545, 5207285539164, 6745900134843, 5951716736321, 3232201055131, 3398749598709, 2564341436444, 2795268685548, 4986194891302, 5186533789618, 3263144930390, 5491123785542, 6486153014109, 7805517735401, 7260387359119, 2778572338986, 2570145346111, 2134151524304, 3077824243041, 3982084894834, 4591301278401, 1910515903161, 4721873514854, 4337835027037, 5032402590628] 
Capacity: 7854468867307 
Capacity ratio [capacity/sum(weights)]: 0.03625 
Maximum value for profits & weights: 10000000000000.0 
--------------------------------------------------------------------------------------------------------------
Number of qubits: 88 
Profits: [5922169235246, 8286608034752, 9751544818080, 3592281913953, 934543107371, 3953313815716, 8764277585824, 6446691515782, 6360193637695, 1101423133308, 3830671601521, 5168430206987, 267587070299, 7892061557274, 5413447954432, 7224332902467, 710932460487, 2505218897539, 920877543851, 4757946662810, 5532561397458, 2791495398776, 5773755788980, 9638783226564, 2842736988852, 7850306875782, 7556406397718, 8717467753658, 4208184981107, 4700653641213, 9542247614162, 8760415493542, 5076931014624, 194229839331, 2674728729623, 4588373064205, 6097608742805, 3292795532405, 1045203370032, 7521203159440, 6458206434135, 7643799499832, 1729288958922, 729704474074, 7031326903476] 
Weights: [2139554803081, 3205126679368, 4117011786506, 5140611399162, 5554139508779, 6773730791393, 3414517450641, 1755996029356, 5193113031164, 2454898124195, 5607088140940, 3401125005478, 2215506574642, 6810435801208, 2648135583286, 2805424788822, 5827715131291, 5947955510559, 6843362817270, 5520242315608, 4446838956589, 5396081941110, 6116470632971, 5727102398184, 4483383659147, 4325226095902, 3650107177455, 6787929148436, 3894071021200, 4633792479454, 2097096180765, 4273066598917, 5263664425749, 6787727565653, 3891256361320, 4942201278937, 5043246882776, 2246712260672, 1691466250952, 4868436536245, 2884748887266, 5670142263671, 6520346636873, 4141968652237, 2940100658463] 
Capacity: 7149392096055 
Capacity ratio [capacity/sum(weights)]: 0.03625 
Maximum value for profits & weights: 10000000000000.0 
--------------------------------------------------------------------------------------------------------------
Number of qubits: 88 
Profits: [7485593705766, 3721770908614, 4931839677559, 8325244167843, 4163269837518, 9819414331618, 1538502875016, 1728087887108, 2573992272100, 2816345859309, 8402746737507, 3186487230415, 5488846011861, 4394730585393, 1222370123581, 7060642091499, 2255251130066, 3930291036294, 1789050418177, 3680829949320, 8861733381095, 5005440114447, 4078423350752, 8378060484041, 2734042484665, 7294086606171, 2574651492498, 6911736767080, 1412833897210, 8137895002151, 3975388536385, 7994930265289, 4417811280370, 6946351288799, 8124701034817, 6288353911807, 6079643491350, 1035021453264, 5587106265348, 8990778008837, 354105000691, 5876597537106, 5104749007408, 770451616217, 4831601100461] 
Weights: [2364480779513, 1669387192271, 6116816739531, 4642859355719, 7034531977457, 5589521954511, 3529615067474, 2510459177081, 1976447916048, 5165910673029, 7763766452758, 4732525494691, 3190539740590, 6955816078931, 3033334884064, 3007934691143, 4304154965003, 5294101055787, 7407896565681, 5434930583611, 2553794577319, 2494486288459, 5957991581683, 6535996017259, 5564087926071, 6424712089243, 2348445948283, 6976396470350, 6943676425242, 6196467971492, 4393841226174, 7225799949145, 3332965860726, 7182402067659, 7103897827992, 3450166643778, 2661543238795, 6291013352209, 6286864578042, 6269316453700, 3634089469724, 3727218418419, 2073356883891, 7177862118505, 4855192584640] 
Capacity: 7777349489849 
Capacity ratio [capacity/sum(weights)]: 0.03625 
Maximum value for profits & weights: 10000000000000.0 
--------------------------------------------------------------------------------------------------------------
Number of qubits: 88 
Profits: [7007404454700, 2870657620225, 550968914014, 7573322297589, 5835275082724, 7086167824391, 4749599237163, 483402463036, 8671684163710, 4668874245789, 9442563425729, 4858397181436, 9516284454162, 3610761672750, 6022785707595, 8900908339004, 2210544957989, 6201277643800, 7084881631163, 1886420583457, 9447650654319, 6911449303085, 1971518414122, 4499789183544, 8624318046023, 1410765774325, 4096064826810, 4591619643969, 8391211017945, 1144623791849, 9603802972864, 7711443301551, 8499660107431, 6256012307431, 9068681192731, 6863940506742, 4803597344613, 6024511458337, 2611313972412, 6578398048842, 3005173224479, 7460790939031, 5207836387944, 9695396299846, 6122839275727] 
Weights: [4875510992020, 7203172072766, 4282738797720, 2515498246914, 6998826084604, 6652638638112, 6674253790748, 6616211491832, 5816830539102, 4420405501623, 3821107792240, 7632575314754, 3201525455358, 2747089126752, 7049514943670, 3261648729198, 5125611777899, 4125950795409, 6396828752945, 5526256167657, 6208236091101, 4649836518838, 5758300694525, 4550095408051, 2843929875306, 7781163608214, 6969439167326, 3573857919127, 5502151814696, 1703568617910, 6718155017516, 4588808487827, 3142985994269, 4843336996588, 6183832583813, 2063082502528, 5125268350716, 7943265074572, 2496699668593, 5136507672450, 2839086377178, 4624640390769, 3272160536031, 5975771742844, 6689881005959] 
Capacity: 7956364142628 
Capacity ratio [capacity/sum(weights)]: 0.03625 
Maximum value for profits & weights: 10000000000000.0 
--------------------------------------------------------------------------------------------------------------
Number of qubits: 88 
Profits: [4330201690017, 3239640334649, 129678596146, 2632711371976, 8432783294428, 6109855509751, 366420331351, 4219433657942, 2082524829294, 4215047188533, 3305245601259, 8037174104572, 9401697837876, 5324612121055, 934392930033, 4950938053087, 9105758581635, 1779967160791, 8702628719501, 1062067336524, 1660748858639, 3382529012634, 6301743193390, 1670325156660, 7360349551021, 375963780639, 7813250596749, 2122424715661, 4545759944613, 2153759009476, 5303667870860, 269712857917, 7589760100875, 1959745964781, 2759797433992, 3476218276063, 6306061055248, 9956478780859, 9940211348412, 443399640776, 6930467954524, 8322489893121, 8991893709581, 4931742866917, 4855045412192] 
Weights: [6158767757639, 5488694827877, 6259383816177, 2564288086040, 6735177538233, 2286476661272, 5350460693886, 5900050107293, 6622030191925, 2754756529172, 4730797752074, 3449801105898, 4789878338387, 6078013754344, 5515940270122, 4498776097135, 2383780218050, 5495000609453, 2746220609296, 2386563097256, 3541850003316, 4045805338308, 5146432818624, 4001054722315, 2448533415179, 3469229111313, 3611529771347, 2796561795756, 2482598174116, 5640258485868, 5849289340224, 4745105525591, 2549644403212, 3482782129304, 3061172147429, 5273288002705, 3954915087825, 4448660787525, 4946742682813, 6527662026596, 2759733804601, 5053285788649, 3864590558071, 3754127936433, 2330684153459] 
Capacity: 6876523087117 
Capacity ratio [capacity/sum(weights)]: 0.03625 
Maximum value for profits & weights: 10000000000000.0 
--------------------------------------------------------------------------------------------------------------
Number of qubits: 88 
Profits: [1384377110295, 9099139950788, 1155002396508, 6361659761827, 6551579964118, 9353690408851, 1428717765423, 8683536138931, 4074926730411, 4626209028787, 1450991545657, 5285093937772, 1979010325791, 7307109840785, 3037198412486, 5195651153659, 1361832113825, 4431355853740, 3262148318966, 4190628030762, 4459561231485, 8811477428622, 9964665178273, 7736425370353, 4611596759303, 7634273184096, 3145725220991, 4300598911368, 9210722451313, 2160268188134, 7466656693159, 3791132042503, 2754912008891, 6148760944599, 3892731518058, 9257442437694, 3056874836661, 896440530240, 9866641933009, 1678695308182, 4251977083997, 2064779178806, 2063162755282, 3402883729500, 4746504139484] 
Weights: [6873649565892, 3619917164446, 5503354122947, 2059440804507, 5102574365916, 1736496154463, 4748076641961, 2157747896885, 5827573103150, 6238921717389, 3326965886226, 4071974671728, 2321625589719, 2424161481916, 6464987305353, 6858408828312, 5253233845695, 6102096828728, 5663611498078, 1564932903862, 4533622886946, 1964030971778, 5944131868696, 1626765828198, 4812267262971, 5628482567857, 2874942620148, 4161631379822, 5899840802041, 4943871599806, 6670664204729, 5313354953084, 4785120560183, 6077954297053, 4070603460512, 4245443570033, 5209809009069, 4064004885482, 1470582786059, 3472662559363, 4520275621056, 5947171294193, 5467531485353, 3985830262777, 5299280793017] 
Capacity: 7093069633589 
Capacity ratio [capacity/sum(weights)]: 0.03625 
Maximum value for profits & weights: 10000000000000.0 
--------------------------------------------------------------------------------------------------------------
Number of qubits: 88 
Profits: [4071804231819, 8462532569143, 292948556919, 8109101899251, 3230252813434, 1182971611781, 1001881179050, 1822738266758, 6012236172399, 3979660736707, 6090627045857, 6347285537518, 150847647615, 119981330215, 4986180680606, 1902492110793, 7725267008147, 5723812564363, 4640433698802, 6414208332710, 5416452616181, 7779607959164, 2599178873546, 4867783997399, 3479605231459, 9534197197237, 3217819576141, 4252726768094, 2484426736778, 7351041382796, 1314151880684, 9658377237360, 8544005252301, 8903273355342, 9966872253704, 2819383080182, 9172444112241, 5648354819227, 96099169925, 1319643599681, 1798992307636, 9201493789232, 4540154712380, 5804390671847, 981538088635] 
Weights: [1958571967034, 4786024164245, 3025903710505, 4753849522802, 5424845421768, 7194493686427, 6745699239426, 7077599016972, 7470305596484, 3754354260150, 6460348008631, 3659684878049, 5156477757578, 4307963061131, 5144895289134, 7179470951777, 1647358468388, 1696353381841, 4805440514854, 3433993295949, 4963482775532, 7431845724685, 3872027055213, 6056570671229, 1475207356961, 5953002575518, 4851042550854, 3611480071771, 4409024661980, 6440774685349, 5625334183056, 5020699853525, 4074028674310, 5127837298002, 3413048520403, 6548528556139, 4788234148807, 5495351695193, 3459200673315, 2599614145488, 7059650863786, 3322317818862, 5539226355210, 3929059384581, 3294295350755] 
Capacity: 7642195145967 
Capacity ratio [capacity/sum(weights)]: 0.03625 
Maximum value for profits & weights: 10000000000000.0 
