Number of qubits: 108 
Profits: [4493806398163496, 287057336369482, 4049491815705882, 3005950624164513, 2308633171307836, 9992665530797720, 8024569049950852, 5646834348384507, 5778375826839092, 400809504726694, 368086843022828, 7800697831066042, 9233769881323672, 1754949905011901, 3264428583681278, 410479403734167, 8555820967056367, 223293715232257, 3741837469860437, 5922221789309060, 891255284463529, 6205189103549475, 773966604380058, 3376150825166925, 4561723819729768, 579454027368611, 4626448276043294, 1124684580369158, 4799530902336649, 9293973337641803, 2491367290747074, 8459860410922937, 7185485804128297, 6160173059949313, 7358057858429647, 4381853044537217, 8888186030561767, 5398815771386765, 5878616775546611, 4605382162080623, 8373659579721110, 8218259360393619, 3437741411756271, 4395282769247731, 9707182774000332, 7291938931678127, 8395267367270945, 7205016604692345, 9506070509190079, 5553303838225504, 8934871692984068, 3302583398367048, 4003552908968207, 9712173399873289, 5818161988080084] 
Weights: [5106060913734493, 4352621226703314, 3236927216186830, 7534845175456449, 7392226920017274, 4761381441849387, 4660703572594641, 4112185207016463, 2009511315028475, 4712073448622488, 3134976446951886, 4310867816929321, 3564822852464964, 5630414499841024, 1762615511717531, 3935900883709400, 4990069265838830, 7714041152760752, 1511787312344321, 7516539153051945, 2805383332338526, 7425806390113470, 7469141983553360, 6590310298128744, 5141335739973838, 5569819548772017, 4127246851555475, 6097051687954032, 7344357842573903, 4145634898229965, 3813393989530376, 5642611959688444, 5533965009575579, 7163099387379188, 6361103690071750, 6958387206526437, 5771228162860418, 1986066771201618, 4385181479306978, 5093217897851861, 4607714754747892, 6737813903823432, 7853630448683874, 6615299753715949, 6195778201115348, 4071894550396262, 6755322538665619, 6850999636894361, 4998014734563507, 1994189838255707, 5677465107474062, 4393890517760443, 3886565564394281, 4349755986637701, 6448240450970110] 
Capacity: 7954085596860286 
Capacity ratio [capacity/sum(weights)]: 0.02875 
Maximum value for profits & weights: 1e+16 
----------------------------------------------------------------------------------------------------------------------------------
Number of qubits: 108 
Profits: [987405743131211, 1008907789257578, 1101904968396577, 436904919731913, 7489996877437929, 4721486662203377, 1837608143011655, 1417173049147887, 5392005891502975, 1713774961716431, 2897732221708560, 1675517808572932, 7524639399702132, 8818976585188615, 2230309989912279, 1171775157299429, 2411629770132536, 6594452797124889, 8124359381043802, 1509552451285029, 8500025431493267, 9451777531389168, 9362427751606851, 6869521184856823, 7798959167893678, 7207276919245790, 4958516202181369, 5488517848956259, 404861053729332, 5161367030293201, 2133646702862589, 9495068539332663, 3684975529255280, 2041446874999288, 1400317547001127, 2988462996963309, 7868089581182349, 7142935788603004, 4650232635036864, 4623692540516583, 4731370826311520, 724338800641716, 2296870918296529, 6926305233569671, 126159265337397, 6310472238329092, 5775846365963781, 5606129692602819, 5015004836115234, 3359878755129907, 9924608474652928, 434347622185107, 1325491970129092, 9251504275365855, 7699843901932242] 
Weights: [8293549604274109, 4490300525008077, 6444970149690776, 6565402429868027, 4734398114123271, 5445301347743634, 5286724917302275, 3687813583817824, 1618683904279070, 6037909969970905, 5914433636648766, 8563514885780903, 7327982900268215, 3693584786618091, 6517796086341936, 8623668368367690, 7725307410587032, 4717303456497389, 4679958117612717, 7967707724580902, 3226226524487266, 8639446824278440, 3952079158620737, 2694064497622424, 6635160835402687, 3045372730493010, 7951128031664997, 3543524532794493, 2620930133270915, 3888412928968402, 7657691809212991, 3769775380180615, 5439913120887637, 5735777976156146, 1745683733023561, 7251623443900254, 4225520102166502, 5103522548038517, 4404773331007581, 6226471874738585, 5202864094994063, 2237228633857464, 4874781100631194, 8207066610450719, 7999264026645440, 3565005926524620, 5674711305580689, 7618170748715396, 6831198026515978, 6068991519131353, 8237267613980611, 4552573320679216, 5697939557894699, 7862314425571881, 7393324545068744] 
Capacity: 8652390802360341 
Capacity ratio [capacity/sum(weights)]: 0.02875 
Maximum value for profits & weights: 1e+16 
----------------------------------------------------------------------------------------------------------------------------------
Number of qubits: 109 
Profits: [9058261509415093, 7289728757608390, 8252894871517420, 2596540730996488, 3942565734958327, 3964928994944300, 7718105773744305, 4662332764403615, 8310455581297214, 5526600152944495, 9173585303922324, 8647720954209321, 6269477222845560, 7490899331642924, 4853852209602883, 2012967584647093, 9682736239420606, 3816401293877412, 9211628667631121, 9400839316936514, 3591611713135376, 8093599719524165, 9063202581673042, 8006723451223940, 3043493973777796, 6521382228416202, 8730449241485972, 6842285756292902, 3964841268027005, 7854079857490611, 483512523804528, 5826698795257846, 2529154678478826, 8398055592689640, 9021460819694721, 8690259470792591, 1966520993237847, 6689274527061449, 2367849239011705, 9146471303720860, 2657749896437398, 3665581039240481, 5904247623529017, 3201145522204699, 8684068665130863, 4663340133719181, 463822270697696, 2502425121113525, 9756081081941006, 537484404799545, 1036569408842998, 8006689123957820, 1071527715785138, 4365323946371382, 390246013418785] 
Weights: [1457538573163321, 1074246994100346, 7895897828918276, 4974122894671921, 8133738028213739, 7936717752637200, 3880607575922418, 8230420688176333, 5315177340968364, 4005946261860850, 5056052999538164, 9164007701879814, 1666637857905756, 6682874190309337, 8592095199179110, 7536464774757646, 6488764714177373, 6919860629318296, 4565560727831510, 5532754467868320, 6351729208395134, 5102844372587317, 1336981256450489, 9084083309824160, 5343532080513536, 6288503828377319, 5209745230536029, 2178488756998520, 8584370555631268, 3351830965510227, 6773071023957605, 7939168277300079, 4040347481342585, 7403470940521530, 8181014533679046, 4323444513178950, 6522143711524159, 5211890234954860, 5411157731912718, 7494781050835614, 8556875543352543, 4764401920393788, 3439395002884649, 8933694929164161, 5962226872835495, 8061347503338443, 6450061650625831, 6137149613354426, 3726103615631752, 7032208491593396, 7553659498195664, 1835514030006790, 8085356145648954, 7228845489846422, 5201853701344023] 
Capacity: 9173712737711076 
Capacity ratio [capacity/sum(weights)]: 0.02875 
Maximum value for profits & weights: 1e+16 
----------------------------------------------------------------------------------------------------------------------------------
Number of qubits: 108 
Profits: [5564871683758259, 4522823196869833, 1528011257967158, 1488739055378185, 254739022008377, 6686181422648278, 6204930972732156, 9607542454745704, 5384417252704450, 9504019443571593, 3161207887328142, 8656907713553548, 5201676388269801, 6755867168895343, 5055369981804073, 701803675769404, 74659413359755, 8609530470371841, 4785203052457868, 8825203531381029, 4255913967284174, 1076086835001803, 2065947759626583, 9348102136241168, 6433073058512920, 4155337934747805, 6199973109117046, 9230996197026908, 9742767612245770, 1428289297737488, 1167486844199437, 4085178681663223, 871116503407223, 6065735823506277, 6395599427561304, 5572404280956245, 3249262825597302, 2515653696209571, 5001676826929460, 5670777492063893, 7733465888499628, 6178398445009854, 3935463846263532, 6785393956834618, 6444835733370614, 6346737850807074, 3754313286053680, 1252033778185938, 5209681683140484, 9667082165618519, 6405417236662598, 4727005182665012, 9477898070931725, 4838243411246841, 2755014026289620] 
Weights: [4069189915352241, 6679837542724171, 3847529266902571, 6526110862743983, 4041867596634220, 5496955789571493, 5844561317222310, 5917980258226075, 3587409383874654, 5420960104416285, 4974445745389474, 4320648402270415, 6767287051042669, 5391650069990023, 6803296457896257, 3514793002332547, 5020692755208396, 5276309285431993, 5713358789936445, 3518810288516781, 5391470701028827, 3465756722383102, 5300801393432185, 5326720797925784, 6915657249087052, 3455759498056841, 7316382084957379, 6641182987127884, 6640220922097124, 6270146381009206, 3351877798718427, 3453101429259563, 7424048417596011, 1524921331376903, 3781313766561510, 4957186633934025, 5855118935476317, 3915982093235333, 4059993279910116, 3698855380697900, 3697901690880125, 6392715525709610, 4170703444923329, 1473253742731101, 5774518229786868, 6280142310175163, 4347668729318486, 3968890176524413, 1799465711329563, 5030453188360916, 7549305137480329, 4660460546450378, 7165172229007908, 6459927039789672, 6484081974107877] 
Capacity: 7773979491643533 
Capacity ratio [capacity/sum(weights)]: 0.02875 
Maximum value for profits & weights: 1e+16 
----------------------------------------------------------------------------------------------------------------------------------
Number of qubits: 108 
Profits: [3524340283197388, 4537828017390054, 2833276355300231, 7012276126830817, 9748681035739102, 7926800481622706, 3157795107462353, 902810396563899, 2280835736763267, 1204215238862956, 9572405272841364, 7756368109588098, 4074173840563596, 5163956821497697, 467716157029116, 7038708899365465, 9020728228529344, 2703224296384090, 8607230479455382, 648956728412148, 594219166705852, 1614775201804315, 4928266102781917, 2556899973000962, 8365468677791990, 2049220122381925, 3830936411988910, 8703749478593304, 2691152069645622, 9308083264065676, 2010678576112506, 7111985429679816, 5345590594024754, 673278205489549, 8666315753011067, 338763560428149, 4867416281776442, 2983670240464615, 422626113562698, 6586748409332951, 604340962308973, 5841489800192627, 1129350032413274, 6403544672026034, 5706292580836068, 3811440702596588, 6744005309434931, 5861626833401548, 4333313559227401, 4486855647912923, 1425342495330686, 5283132289115936, 9660595195617999, 3027193804271011, 3425354072892800] 
Weights: [3803031044561260, 7635999293616784, 2213263153466868, 7731835843386343, 6595399850292082, 5721465090516276, 2787411987859840, 6263504892197168, 6621586789822631, 5472099859958017, 7109153607032810, 5281380823053603, 4093253716746774, 3613863278444089, 7857344408008248, 5433439063834532, 3502514255925524, 3379935113242801, 8016269620069392, 7082908236695538, 6140382171141794, 3646369269676358, 3207239800074263, 7111991380865799, 5277915264037004, 5445820491437240, 5762205045844773, 3193248809831931, 3448417312589598, 4996355921084433, 5017487810544636, 4061954318966066, 6190949765210061, 7523765373458208, 3244542528481795, 4380822494171906, 6061038127958082, 7212536431415833, 6996201168624239, 3554752585942556, 4530961082736399, 2734848488379328, 6968400351922230, 7234493369486087, 5778579898090682, 6478362155348307, 3240228000859290, 3949926941065296, 3117039972597202, 7469626420583564, 4612876511208118, 3661373215270757, 5813439890592091, 1600909210938366, 7817505624678280] 
Capacity: 8050021560575134 
Capacity ratio [capacity/sum(weights)]: 0.02875 
Maximum value for profits & weights: 1e+16 
----------------------------------------------------------------------------------------------------------------------------------
Number of qubits: 108 
Profits: [7469532294392040, 3161836611414370, 6244630758903824, 332051836657188, 2591401654909355, 6921177804976115, 6301858753649932, 8487263393978273, 5043169911050258, 324483153699370, 148592809523685, 8964853796855051, 4507047149622525, 6721356631942718, 5408277526323992, 5640738639230193, 6269533683572448, 9692480345198593, 9679761424413158, 6999936304556692, 1718501747739134, 9256559895144517, 2778030797476485, 4808387460337591, 9785640101375395, 1483004473710535, 997598347952297, 4353635394185391, 5567043006028732, 7537113458052281, 8716530223870680, 2641012152534921, 3922782203502311, 7730043286194138, 8531677448030729, 8030330907478381, 8950948523113280, 2634485120589542, 3883242312521308, 2592655431783278, 9818181842862373, 1590435606609858, 9410332657146662, 7104152474695536, 4382856646458993, 2888224994010657, 615715011524850, 3344289320234089, 5294982650768089, 8961265063496456, 5892524036441888, 5643611695130155, 8784881105001207, 3061569448029646, 479052781609264] 
Weights: [3122555239459605, 3942940969798363, 5678162747434378, 4289281282590509, 3107805411733519, 5095670188659374, 4768232191919940, 3663961571299973, 1648711047338183, 6714260134061103, 7158678075430969, 6569075817862011, 3741228560700327, 3694937643854516, 6272458422778178, 814391241506500, 3198925887253927, 6054071729574202, 4588542511184376, 7038215661248619, 6832681884893423, 5209132824848062, 3204756406853699, 3445956751536665, 6930518785971736, 7015838457343434, 6983442668358200, 3293225436347277, 6190278367804941, 3149493405331374, 1299994817757758, 5733158115072973, 4183104245168950, 5530557270606303, 5541499893827813, 5298128972204628, 5349899592078216, 6907068537614946, 4938659166381740, 6844001838749855, 1996961195113139, 6336553703855161, 6144503548213790, 2277250905862737, 3257998305175904, 2059494178181409, 5899275276635888, 4127965886546923, 5217751709708512, 6556603543094551, 4793502669933560, 4152978261570465, 6011710550592355, 3205962809360200, 4274583657694528] 
Capacity: 7392048928604009 
Capacity ratio [capacity/sum(weights)]: 0.02875 
Maximum value for profits & weights: 1e+16 
----------------------------------------------------------------------------------------------------------------------------------
Number of qubits: 108 
Profits: [7517237964939086, 9769277832125111, 6972040926484742, 7908653085014419, 733412386171175, 606088647403634, 3931457001147582, 2324311767350441, 1995553856308062, 6914379232375874, 1491631571401569, 3076960761658809, 4283450995815088, 7891715646270220, 3609231814036376, 3722847192477307, 6767727764446910, 1530130003449450, 9900663164224082, 8407130078467129, 7786937392931770, 3578278843192541, 5656380332606876, 1715552382168205, 5357511184639432, 2424838745426824, 4133580313454014, 5195228705170497, 4772425272874866, 2251749232131573, 9498210653203134, 239826589753006, 6030149910005159, 342470539520, 1150921637610226, 3335566475640740, 9638519191510967, 7481011734121872, 3328228819836944, 4760834725230576, 7634951002397351, 3671576733601742, 2964957526510375, 3451158301687654, 519587823761037, 7071947166811064, 4574678444581378, 7665123796156985, 8236865610413606, 2444337368566322, 610857296956259, 649383902354860, 276420548653007, 4820290043221223, 5847911377914189] 
Weights: [6242716927782940, 8334406401153294, 5576404681517324, 3264701886069017, 8216922432602548, 7988067707054841, 7869649637705472, 5610667999666260, 4524922646463426, 7085882183253221, 4946766732299492, 6695392048183128, 6714920896747979, 6901229439283315, 8448179424515288, 2132403704545254, 5731437025063531, 7444108736042943, 7727140720158849, 7562239298145086, 2142471721845392, 1350229326813974, 1158804013450850, 2325727039841987, 5993322640144395, 3124475650755097, 5798968379171847, 7225908366604693, 6327636989816478, 4078039173456988, 8282758912681386, 7310223371086923, 1124966652724926, 8250211779167796, 8231833787583616, 5277225130112343, 1775408424241768, 7981459515558437, 2587344095079601, 7444543243826938, 8441122111885978, 7410030386796267, 1409447017945635, 4731617610136986, 5123101696373724, 6317412011732814, 7877100367773734, 3912927276245420, 3871901739538904, 1479726236977596, 4413902141985121, 2237027536990737, 7027266632177366, 5343487102944228, 5760840769291601] 
Capacity: 8521776689055274 
Capacity ratio [capacity/sum(weights)]: 0.02875 
Maximum value for profits & weights: 1e+16 
----------------------------------------------------------------------------------------------------------------------------------
Number of qubits: 108 
Profits: [4032753047009452, 2644703815220169, 3191919641677778, 8584264512279835, 5909076850635496, 1198121718992027, 6994759640648625, 3463087896346282, 4397232977342997, 2875115874419975, 6226852107348391, 7242930909856987, 6689792387617468, 7842547057184538, 5247594849646426, 8091827716639416, 6281382912373810, 6571121635749709, 5731713949414111, 5475318579844451, 6682998906317184, 7484962105933380, 1729162639192546, 1613823836061232, 2611113738258086, 1671555018944497, 8623684846472471, 1431195982768213, 8752922881970526, 8760916413762211, 1896938478177459, 7018662046817240, 1417205955732341, 1150040169299818, 1999322430702284, 2678922930111715, 3313414936975132, 9947980347185452, 5012928313089262, 5328506643956788, 3894098707873199, 7388913999212084, 9682467895190941, 7705411963991160, 796685262732704, 3811272835366723, 587624432514297, 6316978820665939, 8561545034908800, 6677697465569910, 6761064910767672, 4178370591115823, 2038285524803573, 9834694535941421, 5458256496112360] 
Weights: [6424173743115456, 3943369505419292, 5608619827105067, 5224024682776828, 2590333715308940, 6161715651851401, 3770644804730047, 7564329917775109, 3656838022451603, 2811715005395248, 5253741892071076, 6983982341303308, 7843352637002171, 7332572872480003, 3764192068315217, 791546173485252, 4741037112997390, 4590463963369280, 6043925813459806, 7339712717793944, 3617119557908202, 3325161295165158, 3176130444256328, 5913292848617974, 5011009564125838, 5386845472910504, 5194260169023991, 2767836164908050, 5865043245224430, 6350055945830781, 5860688197818016, 6417953469581909, 6030065685179553, 7122604391178939, 7661338838705564, 7783471768700914, 4679738406120597, 6084766380805890, 2546662896117678, 4507400026285383, 3354847230461820, 3203553884083504, 2058990512139763, 5441057723433731, 6921585213157720, 2553655814147263, 3822094973753952, 4971741364375293, 2591823380254464, 7743774161459598, 4445774558486143, 7870176131988987, 5122609554655469, 6547873084895616, 3867779511868647] 
Capacity: 7890377875804855 
Capacity ratio [capacity/sum(weights)]: 0.02875 
Maximum value for profits & weights: 1e+16 
----------------------------------------------------------------------------------------------------------------------------------
Number of qubits: 108 
Profits: [7928549676497042, 8632019858321854, 4807025930836503, 2152106300880835, 6148106670867325, 1512449616330639, 6876320050028488, 7459868356871239, 7062278845146341, 5413386320852747, 5013372327788209, 114233823584818, 3719987223826986, 535963376076032, 9128228628551340, 197692414103087, 3968399466792387, 3849930470356803, 3052865901773926, 6692485404385998, 5635783330486589, 1521148505051308, 6325031006382709, 4679025695614977, 793309889849503, 6861604110103966, 3214783287964386, 800631874680749, 8593658186817945, 7245627296495058, 5638245051431822, 8695882416610995, 8422880126823253, 4879979439722004, 7257621147336546, 7005287009051000, 6180915243577261, 4961294573430801, 7962029415944297, 5320820357284097, 4643363226872250, 588823140712482, 6200634393566977, 9171263968457511, 9788989010789710, 8331690325467435, 2703794065212516, 6225145614692270, 5771201242917095, 1977570418307029, 9115067834397471, 6976418152699726, 827446765138618, 9022423236879686, 7086341060982385] 
Weights: [7490238688833729, 6630661741095701, 7060249719414599, 3102343692733311, 3793656922553226, 3860465859015467, 5274319919137008, 6299552252771300, 7451622083534281, 5356500127291914, 6310867623797343, 5233448325925480, 7058815466753112, 5110271768069396, 4678685385762916, 7267163525945662, 6747962122900834, 7867895601607187, 4545290339158287, 3164751249301999, 2138560638484187, 4981561442072332, 4651847057679942, 3194405035367944, 6674945688611199, 2577923811526931, 7996885198026827, 1213856607001421, 2930236394096518, 2950093445802164, 7876110299521912, 7313582593416314, 2858398885669718, 3157837503459061, 5343893929155694, 3588917830297729, 4626078154717928, 5210689062468232, 5853925741855408, 5654076500034655, 4326680971931980, 3222633644331565, 1690755744875748, 4298489043762587, 6826055621115632, 6519636956165870, 6870334835202897, 6062255621101069, 7397383112952313, 3586626632032333, 6149792999133163, 7746890835613375, 5953978013497358, 3602901641992407, 3361531303692304] 
Capacity: 8037468419518682 
Capacity ratio [capacity/sum(weights)]: 0.02875 
Maximum value for profits & weights: 1e+16 
----------------------------------------------------------------------------------------------------------------------------------
Number of qubits: 108 
Profits: [478222752300506, 1444625617125793, 3365561899892444, 2648259210927172, 5955112235068998, 2160168557237561, 1420493513301445, 4193482675086997, 9269039734601265, 9375743936691942, 1161643176989285, 5612561514310405, 9089529602014719, 1450104183976060, 4754028623257865, 1266743946499629, 2038268352201572, 2780395539948844, 5964810689145851, 3562395438061591, 2954358209260508, 9912403783623835, 9666274864055112, 6452907300548212, 865077005540841, 5397082702509835, 1654210815621266, 9058026085996654, 7061813627174268, 7266100682780542, 9733394051366810, 8310168221634571, 9253977182978378, 5889968774954298, 6289659149466707, 5788584687243826, 3718331820279735, 8801384815869455, 7306246474136046, 5027174883965650, 4832643720231182, 7839267707414998, 1238877324803093, 8724170411798932, 6316767539050813, 9392918284691908, 8385445833850216, 5436392695685003, 8017341459273588, 2247483953651059, 587252048281070, 2321179800245966, 1661985145255126, 6106713202445133, 3668162012429215] 
Weights: [4330199736018828, 3490559989247328, 5968624478001182, 2325806356919447, 4261171173027191, 5312558252993547, 5992414015001670, 6252003757464901, 4441716739644850, 3170613966503842, 7307731562956183, 6201909295424771, 5227883857439027, 5374143407526404, 5543038237911558, 6683110023358155, 4608486073665980, 3803034054929609, 2062489365332995, 3628227543605597, 7246774114120072, 4419806400880514, 6487144506756841, 3430600467736486, 3536930555590502, 4214770138395640, 2928672265949423, 3403498430897736, 700082597697279, 6372148544207899, 6038337499835600, 5322879314225783, 4052320431593001, 3323469629392407, 6210393638332848, 6616042027351650, 5061455073014328, 4950722377595803, 6909674315859856, 4790307567671553, 5706625078165708, 5702933508337443, 5444432421948760, 4122917156195009, 5069447545747883, 2489980046768347, 5106688148915630, 5721855966183133, 3284076673398528, 5581941262814145, 4294849500117489, 6267360565976945, 4791781621211526, 4524669842206871, 1419543569805431] 
Capacity: 7481135080398525 
Capacity ratio [capacity/sum(weights)]: 0.02875 
Maximum value for profits & weights: 1e+16 
