Number of qubits: 120 
Profits: [471292077837581865, 148229549470752960, 264794489977190351, 148536146677761847, 461377571639682651, 881752878623192488, 320893384744521125, 361188835911972526, 795460276432212516, 364805431689883914, 444659388832373565, 683231815724273470, 282013878484156765, 72628026400276523, 489087036606498299, 165710852259315270, 670948946605401861, 974875452151341084, 748542272295783387, 897106497918449038, 589373033249936331, 197731897817625775, 427729646768271130, 244974599036669570, 459155764673963985, 688630121335528107, 251146002699869293, 892078177572185554, 209449000448843650, 130060341722610234, 811416660961501598, 936310028320253849, 51449825756721686, 892525785301922109, 551075898895686439, 489311280518415679, 337690095337896658, 154756968737185963, 371181280245555463, 811961883249326852, 811895708410356658, 46718587838231777, 440771256672385006, 672152830090720688, 746258218970493319, 388144968260434769, 499968214481706681, 525195543207909828, 944578645097163674, 808155440095128551, 417362495765663611, 81697002862618935, 686736718402142655, 912603453148440359, 594828727289018623, 552146163121352130, 834248300575139365, 632408032254984263, 776067508398393781, 881715462211802467] 
Weights: [548451413576460599, 652322223624750231, 622708511494171541, 485850050967081626, 285059348539466822, 654265964860336073, 714803875161925838, 653891027742696567, 755014290653203516, 530123876984815717, 683876288599892614, 652142202475078911, 611137095486632292, 754109302114979607, 688443086746315655, 571070301239574585, 578072410185282215, 340189336187927824, 443844754997117726, 593476054669232489, 488874437541306437, 467490849543771084, 773699580473184693, 247400864516746680, 689591486724371473, 792032071570084195, 514172977732435039, 673714365465497344, 259395923261345200, 626386028490233044, 799957660228045826, 760748003894856760, 622410529776004873, 297569742153522492, 660913934949370450, 493084784004175156, 454522123518765147, 590150159707589533, 162521057936100553, 732007365918995344, 484054578692138686, 407035539212238028, 143678641479048773, 556097915342194865, 395883974395681868, 327034243818597484, 607426921475133468, 555812555075816717, 540540363835792041, 476017510879315318, 458942405827313961, 558174097942618834, 682040165762839136, 479433198816970011, 407903920185542214, 698250278930754917, 391618933711617756, 321596220159688346, 801591245174357109, 701026112314009409] 
Capacity: 805881026266172032 
Capacity ratio [capacity/sum(weights)]: 0.025 
Maximum value for profits & weights: 1e+18 
--------------------------------------------------------------------------------------------------------------------------------------------
Number of qubits: 120 
Profits: [493700703947301408, 148011454927740790, 314701024750692503, 431160588350495138, 435404286606404582, 958916743297213228, 784570653201007663, 452692489823787417, 382184906640288751, 308035059542756498, 383466001988298949, 203952994130740877, 98507308524708735, 353171982150435173, 594361980380494098, 316817297196207104, 186825036349129354, 496369157756136937, 25409341795006102, 762407061906043952, 803190437107274134, 120052983072740224, 403220407358785382, 815963486377995117, 487470116577077081, 340019441529340605, 15336247840102570, 71845114366336129, 465060221230118196, 715191779082156602, 587785986146179786, 240884967356718345, 160242822710235708, 922149555521282774, 301546231040840969, 70261602261645646, 75976279230270631, 105245321396101065, 949702271343401092, 447859441842876286, 278902315666930799, 782565208499690177, 867841271838272765, 268616610357226803, 531453246201459247, 501407399359134283, 372085933797398858, 864404220175408229, 770648770026300222, 453846587723704511, 410238674667533203, 341397059122305158, 91165499475227198, 479534210879387108, 317551761050271468, 900926816465303569, 496724019314016015, 908328098091688735, 411004522115442873, 479805660286283441] 
Weights: [142111602379665985, 680902187457754186, 395838306945211817, 515299997751792810, 432929196241131598, 642955260840965175, 410545714180140406, 261719169795381219, 343505852508237497, 553666885905843446, 547457703919346478, 639022420736317268, 102028032260294890, 563888936870535896, 272353638878413799, 397254008239512881, 425449764492790868, 324075189587792030, 462823360021685963, 467403606214623375, 425999245329109492, 610300823677116442, 365792914000712943, 283357622868266274, 443811624435239819, 650930521837935766, 546781206867273912, 472048938416476003, 470471665011358190, 574190139166748459, 642779138217744312, 631365893392674693, 583204750645368655, 584379238260191707, 330679242095346887, 418814018434664586, 390008315879431682, 534738533313001301, 464938046398720799, 584662780170142257, 632086583358082266, 507978804801624551, 519264885278671050, 224308487503205907, 623798669040425983, 494092101542565812, 280126880492836272, 551239814456722227, 281009710002215744, 591281941491227212, 647046680475591197, 652559430260480818, 237735544484518798, 621245143527506630, 359596227973643244, 634718580617315733, 471170070168406331, 480280414491962230, 450378709955865822, 455442933999229689] 
Capacity: 696502195334479744 
Capacity ratio [capacity/sum(weights)]: 0.025 
Maximum value for profits & weights: 1e+18 
--------------------------------------------------------------------------------------------------------------------------------------------
Number of qubits: 120 
Profits: [452565471925638508, 227162289376268568, 15982607807732522, 225311989506015156, 802682227208533991, 317238338279969023, 267069323245568042, 966441461871120787, 197660760321249983, 178767543603016489, 910032996233579150, 439559974702565790, 649931336491834835, 618373500009189940, 957210253853224061, 315229406708494845, 845436882831150229, 11689419051632548, 509052690840683037, 3477797340170075, 729280025789679113, 757269376071430298, 191061885994455622, 874749165195104029, 69501852056877051, 876954631512888104, 198685495517968315, 73030529558003821, 845311337754612820, 95025269707768958, 743506137829983651, 881611787856034, 327913842614955082, 9025291178328407, 84213308752383918, 226121922798398652, 913643043238263306, 903305117671759063, 939380578086695842, 336130941495160782, 364469762158564703, 217183419438233167, 578706917634710206, 794674802692154287, 832775232761422995, 612252172520617242, 554300581674510092, 294651857705415889, 249144191816952103, 854681146621643937, 282629777551452400, 983933690705514720, 766641374007446015, 84654036437223777, 897875073933071422, 74171531230410766, 468807458398413917, 204615213878728932, 754823776775925782, 584272761002446971] 
Weights: [721973547928037122, 436736229773292860, 680843712520236148, 652411602873825277, 454056200114360870, 592510666603354965, 433980566485755244, 617662377167107140, 602274407230247231, 561220644167652563, 688568998026897965, 496610851387232543, 447631052874188973, 695554512180430231, 358080034580824289, 542526969632875617, 477847602553084633, 335891725654719723, 141448168028473581, 337039694119347974, 716469622663747790, 703893260633920812, 561599988020226023, 404085353230827887, 637254530018717933, 509532655957516684, 394966326465654959, 612193937866921670, 313080908411165844, 506129357062310964, 403335830912708232, 372813846545128233, 436956500204754127, 660045059112960244, 73957939709653993, 508319771503749876, 707800580776759000, 499011704100913424, 596321564000777861, 385328156123665090, 675204245168688591, 486610085212947355, 611467835921840859, 663346829619293019, 484282305231520214, 487207866870316015, 214270868347776225, 122516910719637042, 635336782623858467, 329723775181573033, 341926792342903788, 604068811500053858, 606633483669723544, 347150862940474107, 388769441218426994, 370189644804879072, 403074034958162575, 562425340118940005, 458488539055822676, 183664587361026090] 
Capacity: 726781167088802304 
Capacity ratio [capacity/sum(weights)]: 0.025 
Maximum value for profits & weights: 1e+18 
--------------------------------------------------------------------------------------------------------------------------------------------
Number of qubits: 120 
Profits: [177675173763686650, 358131513839711293, 468701504818857902, 246641373958264485, 310094728417985578, 269745513578912861, 715003928555135716, 285569724195671653, 687078864323285938, 368258411837502404, 932137527440200941, 298038895742535148, 862108401613652612, 656209442695164859, 429619987105388406, 991811661380500545, 656045719168683644, 315578580519215747, 467864679662917159, 664341437153345190, 770087804586080918, 582705492123975404, 465992690513954458, 674473438415463299, 350327809440318439, 117843628624088069, 338480566825969760, 977792070015635419, 1002196113347694, 673872056322215439, 366336149899514756, 676532564732961792, 220051988364698380, 402134384055706222, 749575724641731633, 205492169686262380, 571175978257055894, 74860147288349607, 905348955551377586, 924149196883391140, 360279599325981255, 443912656096210011, 282685923321626864, 489323979364640793, 922319374782531400, 655805752686011907, 778031497972025291, 890355504203038390, 568058298213002088, 707972304543468687, 346224100443603018, 636546424210514359, 442486443520510807, 213687337972946885, 499067286181950459, 79008432911619721, 718945876211270686, 833295138698261627, 957776266635000605, 502765105157063631] 
Weights: [450273179342325159, 567935891721087668, 463934506233120709, 433680048594455623, 482550091586231466, 284668075293752986, 472649226824123730, 583564767313288616, 459007014400583266, 631136252757746891, 350353551573492752, 241450045754387502, 285492976850790564, 585582063054205450, 619047170317104051, 395194943504756664, 346766390988642261, 594118536374199790, 366108041158604327, 622175624209274081, 382981998975922096, 325151652740863545, 480364295436733843, 443862723194988740, 569606182023504791, 228026565188683219, 614609099306912971, 358021316115294295, 547187827777279107, 461887207455192075, 415104782718402472, 500557325913360730, 495875058478529211, 499657446238711754, 440540358560693570, 510152780016178698, 369505272289298160, 329043897328332225, 136468307900475229, 474533130055038780, 592526244460266145, 341360577084270464, 153535804649190406, 363496012169224799, 369714115590979961, 385060426323422933, 500278841530523373, 375126037231390921, 615924564077516212, 406724439393547436, 198288369686301631, 361838022785762682, 407921501689098428, 474805500016670419, 364875518009889424, 400607619942795063, 481910008223925061, 413237877016727403, 439083862723173987, 384679974339353009] 
Capacity: 636885370830823808 
Capacity ratio [capacity/sum(weights)]: 0.025 
Maximum value for profits & weights: 1e+18 
--------------------------------------------------------------------------------------------------------------------------------------------
Number of qubits: 120 
Profits: [969802021235240798, 978585879267229373, 103018524256444456, 75981204638793811, 136981901980601010, 168064014658602687, 444202515975071302, 902120498488222370, 951800520696716551, 513373794396690850, 876686931346240330, 244798949035831317, 193080452996647942, 982838249507775309, 210611942416687523, 830271277756970463, 15684858142835660, 828069999493031108, 512273385086943572, 467951121691292633, 721702822049961761, 615884829424728810, 700056101987550353, 69691347815075583, 529005579552750635, 821834381289559948, 229463396962706560, 343085302453489127, 494828436509362616, 235618458917532615, 779257420779090297, 410707181363178230, 987797026582000250, 139454685614599403, 932915077998678553, 243784235725606901, 742686891336507994, 367599028404027358, 972495631735089868, 889302202774383888, 16730646412092602, 151315947871750749, 212341685751312982, 913302659211863936, 768969206834527665, 770291722868115936, 925205531622083340, 46658588034069733, 456867115028552484, 679893514495369456, 66893506821342509, 230704148830097076, 211371567030424484, 679717675739723438, 560235056644404286, 136630426270975162, 343109670207433275, 442906234326414186, 652414436724005755, 998439053780998708] 
Weights: [390161395967459793, 113995976785830494, 405230872441662296, 289078010578570403, 671915113545982967, 423618384993085201, 727453847069487393, 662195735440243580, 574799105740471765, 687782212026004996, 619556896677345682, 458260045049105001, 581006531386440195, 645323716937792089, 633014530122599780, 616403457757508463, 404207330312705142, 551355206192787742, 606370623441340932, 118634689366956869, 615509059949655608, 324126161492721099, 672341196996402225, 216360363658698775, 578509020002144425, 390518277193843835, 669661207451553417, 399604236019714972, 303003475643507820, 602780874389895551, 477085733363856823, 724468246143845530, 512453212392490131, 663557661353947010, 767112082365699567, 720979053941095496, 485905196365195126, 738601131143972907, 723102653240347375, 598024705666444321, 653104639580376815, 577060628163593057, 724963493680298291, 394935962230611767, 421255531782999631, 467906384188701560, 512723369871352983, 626799184420899807, 457782811114996343, 408892113250199135, 407337307492920831, 149078690336775210, 612708762221287066, 677206926448932419, 583898429589981977, 529237445299431021, 481596559356641994, 260035545215718572, 399869471323577817, 433192727955986179] 
Capacity: 767973851729734912 
Capacity ratio [capacity/sum(weights)]: 0.025 
Maximum value for profits & weights: 1e+18 
--------------------------------------------------------------------------------------------------------------------------------------------
Number of qubits: 120 
Profits: [882075636923921606, 538889103493029960, 476661742588408491, 706526726375337158, 105263101923378809, 866114281355150813, 911251439316348705, 523558002837842959, 401144583556640255, 862626801526405160, 843913923520582821, 272292590412092632, 567637167448075343, 497914514918542439, 263918165213679178, 888557580837905975, 229265707468448069, 360758214753374036, 884162840054847386, 255764608860939201, 5469659747184990, 549283972095630857, 950544798563714547, 959469361107410229, 412566790456690869, 177289949847555432, 599443388644018508, 175122707535550648, 509995646683611692, 343101266877660305, 85217331866828946, 3470259549803414, 240721205461315820, 666201015452051946, 522034011273305719, 82186659719675539, 947492535718617518, 593767135848251824, 80357262050805205, 351009329050338560, 555686406945061706, 665859913884466565, 368614865168561357, 856358287629083864, 386299078087280215, 116054943639172114, 748842006456505244, 211737503677082937, 728362454501016390, 832637737626761740, 878021744177871845, 506735443098937435, 345167570462708027, 502095197811514071, 754271333792191021, 30094161921004763, 810173211200861109, 139712729204921059, 944302448568245900, 571972581710192517] 
Weights: [622922328329988616, 140069229587876221, 358585805698562515, 622515604798191480, 231113875179910088, 482258812977307106, 678138520676772961, 592460150670743737, 597315026063950048, 411125470451224214, 255690761047287756, 592539385211893044, 631057106296452891, 423608509174925692, 568688979072087769, 522912666268485056, 641971345489796692, 464216883608530701, 659412067750794539, 578702512946303949, 168597509550140129, 316246375390705228, 422822520935540849, 540728387856461483, 701999381761552745, 387471255957205943, 445972923350104856, 627529630037484221, 602825379414005006, 601727688767277092, 208708682502804512, 358609445961980973, 663398406571059342, 499243171391221412, 207548311580751028, 675014666746732465, 607515144779329974, 600087353700153610, 509304192479694766, 451065638686814552, 305528689474508709, 229419046858207417, 258335216218576250, 484310230126415691, 636315094445946209, 495299155965360961, 427945908853401549, 582532499306920711, 506737706512298837, 648685238017454285, 551358160742662689, 638547569103269959, 534431320431395689, 651412691629352557, 521627672344439356, 631592802371627235, 596285305015947656, 678013642616663694, 449355688566952727, 496661748398852076] 
Capacity: 737741844623161600 
Capacity ratio [capacity/sum(weights)]: 0.025 
Maximum value for profits & weights: 1e+18 
--------------------------------------------------------------------------------------------------------------------------------------------
Number of qubits: 120 
Profits: [836254238246052917, 422017110739385932, 849107496596392156, 813408807790414640, 881493377930993015, 255840230686720933, 644274854429631121, 842036100638020493, 431032766074144625, 124215043888156064, 624020905599808013, 140504885957665183, 620716220159403106, 933438408937609669, 639885554002524141, 714178515528016411, 333519726693307949, 271393340057308678, 410155460687291627, 502870923427099516, 820675303611502079, 739794583280408260, 300441871566061599, 34733605402556705, 905743580814835409, 570475618445047417, 968477517732130531, 618249628560946333, 290279000867688262, 994164701661618924, 486819221002329654, 766649165596609886, 439683975296928689, 515798212868751752, 13196800596735735, 112271457630739855, 27655748362481755, 872579334548282095, 861335617426978071, 643620071849325983, 609124909836156918, 303444923325872706, 268864449893158576, 218763429595583315, 473306264852161658, 938346943702981445, 356414097265408921, 34769306483751984, 174314372704620425, 365190175028836721, 148473446909237750, 54935737206421426, 977916002214765607, 224791681715535551, 497636774230693175, 846332238569296087, 78765139503849386, 250895023715351188, 235028778685998919, 509506560320214351] 
Weights: [573600888539587157, 705128618131846211, 240539220548258660, 634006518221501059, 684280055625229961, 303854795700775135, 623137029661135674, 349323281472900426, 581729841964763118, 240077514224393890, 456564906809781295, 326228803626334854, 465689283239042569, 679613866009006711, 267264100411769496, 117402756090013625, 406224788333976302, 617037320128921310, 674926056184593338, 536290326299542324, 527701386427359999, 310393665694273697, 503938307972869939, 583664241697684287, 500706923527804943, 93117916060800293, 705751338675780029, 608020412622625815, 670748056674328981, 463176580127861182, 282320783936191576, 678760838912513184, 549026102749935989, 320722146062286807, 494445929558634523, 495286659534539073, 707091891491017880, 338972173315431924, 616235802324706668, 694322858958828534, 709186246704957450, 312982080824275157, 527984451617711271, 534483677064195331, 564069957978100905, 634756617488765504, 373025739084924043, 620298735564422621, 607415269304394363, 719998375999174967, 621545565133799413, 677307423007095658, 608813139941522251, 469395191692478503, 380441522175008161, 635508294370731709, 557369150962973469, 590771426195758332, 523567891738310857, 410402259681496972] 
Capacity: 757431867762632960 
Capacity ratio [capacity/sum(weights)]: 0.025 
Maximum value for profits & weights: 1e+18 
--------------------------------------------------------------------------------------------------------------------------------------------
Number of qubits: 120 
Profits: [960623961444621484, 987244797791301420, 740908322438824730, 88237666747682977, 328796791380446753, 825659529343328447, 765593287505548404, 404533644741259316, 969079759337283483, 686739287867856624, 436570144854193731, 238427819597856391, 142662979969319739, 232631876002245156, 703640698587798547, 306271608336206568, 448701109121045932, 709049502885548137, 274391811604058727, 211076367087888389, 161348295072712433, 927176831604449947, 588305132113943487, 310924674645622762, 472233900063936842, 907203125521227742, 854850128543831917, 484654489861994782, 511933088241268663, 702429351810961141, 811434639090964275, 315275185064646462, 968181148047483159, 321761861392215291, 28950136606091279, 870666921971417594, 562067132378098584, 349672475994028486, 528583417666358857, 21352714183210139, 695732746784261062, 493549837563718052, 7482345769182706, 958749149444983677, 313128844319262836, 379740247063105831, 328625668979134481, 783079576430895045, 429302129430707075, 261873723481263431, 573302327887233014, 964659491362688672, 205562942109144248, 332941937216644192, 23543199212750086, 79470348040763456, 728086214217440772, 303628366457957574, 362240346516420494, 765482804001025723] 
Weights: [542946448662716019, 471191038378576089, 337647896795375949, 286203830698395780, 387481410965986173, 322638489122683588, 540716958744100753, 650988493578382871, 457005168280289567, 582904248619652663, 443572092717576942, 302772056075832899, 654512999440649586, 382845268358932354, 454981833401506458, 681877619139546181, 308299376014649549, 187309951920849714, 587584053642290963, 620149163646648988, 685139400101442612, 632417386257835625, 618563175848020077, 410727522804855507, 271164974828113114, 270242320961502512, 597736790067974968, 424803358801123801, 402821067364214555, 366035436381762773, 438077721594625652, 530798388207208956, 162399158150867404, 620397173260249569, 468636755104675660, 469298330584129317, 456863783308655200, 306233243954913897, 659051732953712162, 425247205232356294, 470380174596389327, 583277466766520222, 389290448990140284, 458322784557314674, 614721513076665129, 475468205777863731, 543960833931010605, 655378378920329556, 220204742662095109, 474779848855219995, 613036759432993871, 495825803835060302, 441745001654674065, 673528099603675695, 630798828527545157, 595592751556816365, 176078626775886970, 498109303595047384, 120403834513879445, 342693072614495606] 
Capacity: 688874773559218560 
Capacity ratio [capacity/sum(weights)]: 0.025 
Maximum value for profits & weights: 1e+18 
--------------------------------------------------------------------------------------------------------------------------------------------
Number of qubits: 120 
Profits: [971864476519107608, 722840338923994871, 182705122856477397, 586649519244050724, 977963927365079072, 235916179010151216, 17894591957086210, 165553938739836063, 454311384162146731, 558157966428581316, 44483628011086478, 563383343432417358, 112491083070033241, 360216557891285972, 424554134105473732, 820106872892618681, 950841420537089003, 729638500586610683, 171593592593129540, 583260367033125412, 430277985819532764, 986532350350406732, 579471236652723942, 357920916582271806, 294370514553793400, 12916008289160605, 612906772913421855, 279147125114196355, 775802345067664018, 694134424650587502, 670908663264229173, 406858609541701035, 299005576360877791, 236359986369619093, 204667315244484113, 190793998393037870, 408745133957267908, 957412279359616861, 697549321732269246, 510303447090156332, 66889492127901016, 864445579581724079, 57116817778320672, 609087477431264064, 640326649283493848, 378038229270031730, 258662787153246570, 35679048455463389, 410790117638686254, 217779013153434474, 650270614818463421, 640320297231609637, 357738619731824411, 439994899788232343, 568210720915242611, 665766638380612680, 517018229255461007, 347595836813878501, 543211835842230716, 575018873116860630] 
Weights: [522551703082980651, 365836754733767608, 473333250600218009, 392934550907237285, 445801662528686299, 603770073981907011, 527828478580979280, 545985930582284286, 619456210243116550, 681761923809809812, 583155811798011981, 95939064226798102, 713385907244987104, 537288354705979353, 538857188802690819, 293215318492407198, 515711203481747634, 602935669423924682, 702355939473154831, 607180326205627380, 302782393036796836, 331436504890331972, 404155660480717138, 411061675305766636, 563218125987332181, 522287123511437620, 259465339655840181, 257392489848593523, 316759718584724860, 594992654574702887, 327724645993753607, 702880930742497283, 718260586700872762, 499662072569669912, 531028799027341007, 488452896073023246, 131108880419106764, 536279243142171441, 667420901876079411, 631260823568639647, 432545104635574768, 708617318209113802, 485631835355292052, 204857272610333511, 569148672417060641, 710573738913867680, 421002586257299793, 703561444657284528, 649326757712932972, 724000791115665247, 506769690872248109, 536928278041822375, 53216229604534440, 519885233861441044, 672813157402863942, 670499593987072872, 258865765594816420, 711769991573787785, 417508800513884500, 87700677425769140] 
Capacity: 738390380742940672 
Capacity ratio [capacity/sum(weights)]: 0.025 
Maximum value for profits & weights: 1e+18 
--------------------------------------------------------------------------------------------------------------------------------------------
Number of qubits: 120 
Profits: [583021010674074550, 736814893555874604, 559747497276932050, 114073306788507100, 178633771502523597, 880073735496822086, 510138525363065264, 347906161137978006, 472860962660673547, 366385801211582154, 226463989644498808, 424418924351242600, 294214849723218013, 223816260087313113, 408618881125213283, 567898027916232220, 877225151994826653, 572244017800225084, 114139419080961212, 314452536998213212, 583721371506103117, 736100753775008482, 368249797961090509, 506657395839499008, 775986362932979984, 580999063558259580, 951977011284240148, 92852704070240928, 540939089622215680, 514590666398805879, 390222763813641102, 722323867300878928, 264299655851471675, 365723483935403156, 607325107938949873, 900416069481631127, 985863543206411654, 48711890003347419, 729221998810032638, 435698157319969747, 898525270663811873, 162104733252329813, 64295215264479095, 496047600396982068, 534613100512492484, 450512899446975645, 318915439732946688, 470879678201249164, 360113932806807074, 290512453768541335, 457198096284618750, 305184583412412348, 377862995236155586, 136722821320426364, 111903644322850983, 565467382271809020, 742555840254513840, 278808168311362815, 167366050105796918, 28046684399941686] 
Weights: [267973971442434584, 725355682339884002, 785128049695152309, 772497519787094302, 669152549928541714, 539443184298202749, 663326429055800270, 733652154226247557, 755432152279920818, 436524844865915019, 437620071520485155, 245587520088206151, 479604716797833991, 260527770577651119, 567948473546976230, 280889456226842438, 243770694812081933, 215707741900370935, 280495519201858142, 707675802141134545, 787159267229925916, 359133616470233375, 583130208685741220, 741177293181062851, 681018810806152943, 741436066087860916, 707291777669128033, 566569949037032470, 579399563955890625, 237872213373718715, 569209654950066798, 524458672655728989, 715183884299532164, 516156276878870598, 470922547031986151, 450246107112055254, 625714715866275592, 573342865130125050, 371960601780182061, 636131628145898130, 561084512267084588, 664489357999131140, 711926650459393089, 478022158219049211, 264209247141148384, 518854468357339438, 335299822881481749, 221784315818078968, 519510551656100176, 448052659420259248, 531200376998164813, 592796326749884790, 759634387986552382, 761620677325663923, 689335573714250967, 629933378981085703, 798560978471770930, 391063133917376455, 717406547987543329, 308982365971118906] 
Capacity: 802645589680239616 
Capacity ratio [capacity/sum(weights)]: 0.025 
Maximum value for profits & weights: 1e+18 
