Number of qubits: 49 
Profits: [441427, 6189639, 900358, 7064705, 6210056, 825356, 3012250, 2594408, 3413669, 5715588, 8062254, 1987041, 3714959, 4060124, 4838913, 2133113, 8091191, 8284303, 9189565, 5723072, 378217, 239150, 9206337, 1605596, 1870283] 
Weights: [9899401, 4744308, 9726975, 6730995, 1033225, 3518229, 9584838, 8496885, 6476915, 7665898, 2017920, 9844684, 7441858, 2475561, 1498479, 9042663, 5596189, 7727562, 8625713, 2739306, 5256572, 5007806, 8658968, 565804, 497178] 
Capacity: 10107710 
Capacity ratio [capacity/sum(weights)]: 0.07 
Maximum value for profits & weights: 10000000.0 
----------------------------------------------------------------------
Number of qubits: 49 
Profits: [3427450, 9795155, 1136293, 9436568, 9982126, 6813935, 1194684, 3062437, 8713893, 7510665, 3045263, 6221698, 6507390, 6924875, 8439634, 9562969, 8166788, 8495540, 6958954, 9255666, 5169354, 2126788, 4959982, 8646073, 4865953] 
Weights: [6129577, 7017066, 5660550, 7829024, 3070867, 3115745, 7670300, 8396132, 8617459, 2924115, 9254278, 6577325, 1079351, 1870799, 4558330, 7389915, 1767702, 7311254, 7323792, 827906, 5657377, 1549062, 6999763, 9173629, 6475502] 
Capacity: 9271816 
Capacity ratio [capacity/sum(weights)]: 0.07 
Maximum value for profits & weights: 10000000.0 
----------------------------------------------------------------------
Number of qubits: 49 
Profits: [6821519, 1892223, 2387614, 4006024, 2005587, 8500735, 1718296, 6732400, 8610608, 3827871, 1030741, 351391, 9032797, 8915688, 7169430, 8769763, 4395283, 4043347, 1110096, 4796949, 7746076, 4529528, 7831680, 3570861, 5240081] 
Weights: [4821280, 2548973, 7803606, 8555431, 4078956, 3382722, 5175372, 4714049, 8139233, 2516555, 3428804, 3688082, 4283183, 6404132, 4575777, 3636358, 8196082, 6109764, 5477926, 3616303, 3689253, 4494916, 6839630, 6949637, 5898863] 
Capacity: 8631298 
Capacity ratio [capacity/sum(weights)]: 0.07 
Maximum value for profits & weights: 10000000.0 
----------------------------------------------------------------------
Number of qubits: 48 
Profits: [1143663, 5590742, 1769329, 1077274, 2552549, 4510982, 6146907, 6647881, 4393584, 2033255, 9420434, 5316451, 5974705, 915599, 9647450, 5752381, 5039847, 6315400, 4541771, 9839496, 4600269, 2178532, 4994512, 2970715, 562628] 
Weights: [6482203, 1602197, 6167141, 6545277, 2990919, 2509580, 2695344, 6532812, 1442696, 6787254, 6821685, 7641774, 5769919, 6185154, 7565557, 2417782, 7152887, 938368, 6874529, 5881520, 5092964, 1428138, 1209573, 6139310, 2323779] 
Capacity: 8065621 
Capacity ratio [capacity/sum(weights)]: 0.07 
Maximum value for profits & weights: 10000000.0 
----------------------------------------------------------------------
Number of qubits: 48 
Profits: [1578768, 9916019, 7460016, 1000453, 4859604, 3763776, 3776294, 3139972, 1961149, 7064261, 614358, 2218928, 1017764, 8914402, 8184833, 8094375, 5333263, 6641392, 5316113, 8831758, 11132, 8616493, 2134052, 2547322, 1179927] 
Weights: [6126430, 868589, 2563844, 5302568, 6494393, 4386915, 3639282, 2679404, 2639462, 4511681, 3869204, 2726935, 4828784, 4795963, 3582505, 6055392, 6158108, 4476637, 2568535, 3826347, 6074272, 2917570, 5825488, 2673017, 2236743] 
Capacity: 6986412 
Capacity ratio [capacity/sum(weights)]: 0.07 
Maximum value for profits & weights: 10000000.0 
----------------------------------------------------------------------
Number of qubits: 49 
Profits: [3109939, 4918599, 162655, 2075686, 8356028, 5172997, 3643798, 7139600, 6469770, 8101941, 7589253, 6821364, 8999867, 3232317, 458404, 7153304, 715514, 936850, 8272310, 4167254, 3158998, 9006055, 3670471, 9206551, 290969] 
Weights: [8522368, 4494904, 6559470, 6209231, 4344742, 2952200, 7277927, 5256108, 2997800, 7321577, 7797242, 7256858, 4969298, 5892597, 4035340, 3222537, 6111570, 2456700, 6228860, 8390383, 2865694, 6404662, 4215673, 4194269, 7253353] 
Capacity: 9118787 
Capacity ratio [capacity/sum(weights)]: 0.07 
Maximum value for profits & weights: 10000000.0 
----------------------------------------------------------------------
Number of qubits: 49 
Profits: [2010540, 3192505, 9505376, 4915241, 8117955, 2996133, 1391665, 6253385, 9289126, 2482701, 944360, 1483878, 8400185, 3713699, 6107139, 7217715, 9011555, 6565750, 4360507, 3666436, 2780715, 7269400, 870280, 7808608, 7162245] 
Weights: [7355973, 7217544, 4891293, 5504038, 5223622, 9167525, 6878771, 3552975, 5908200, 5763728, 4414833, 3619621, 2891531, 4305601, 7629755, 4528848, 4595664, 6314595, 3751122, 8432503, 4788631, 9025115, 8025267, 3243257, 6242374] 
Capacity: 9638153 
Capacity ratio [capacity/sum(weights)]: 0.07 
Maximum value for profits & weights: 10000000.0 
----------------------------------------------------------------------
Number of qubits: 49 
Profits: [8598968, 7313403, 8170682, 6059912, 1237374, 5111860, 7351204, 7122688, 9202703, 3654232, 1804819, 5493217, 4498545, 4047557, 5686060, 5613626, 4970930, 4074674, 8632514, 6199163, 2559025, 6545361, 4655227, 8376322, 929512] 
Weights: [6020274, 3519656, 4535151, 2546732, 5324205, 7849957, 2352151, 7510260, 6695947, 7123017, 6668655, 2284823, 2175155, 5684036, 7353238, 6068405, 5598054, 2136137, 7355624, 5554572, 1434508, 7711111, 1620788, 5676314, 1967293] 
Capacity: 8460285 
Capacity ratio [capacity/sum(weights)]: 0.07 
Maximum value for profits & weights: 10000000.0 
----------------------------------------------------------------------
Number of qubits: 48 
Profits: [2633348, 7251903, 9935561, 1252749, 3633940, 8827400, 6055978, 9243816, 8020709, 7980493, 4830752, 6720715, 9106745, 6845201, 1569504, 3520374, 5495576, 3692038, 594888, 8715823, 2774345, 5561388, 8214855, 5724060, 219495] 
Weights: [1749907, 7655942, 6949372, 5148192, 2981762, 2022566, 5436109, 4091710, 4450048, 4762706, 7548138, 7554714, 4768263, 4042902, 3456274, 5175277, 927300, 3468163, 3699435, 4177385, 5426257, 5874634, 6513417, 4659330, 7589919] 
Capacity: 7879445 
Capacity ratio [capacity/sum(weights)]: 0.07 
Maximum value for profits & weights: 10000000.0 
----------------------------------------------------------------------
Number of qubits: 48 
Profits: [9028475, 7354694, 6814972, 5938815, 4857787, 5064092, 6476739, 2202428, 629208, 8645318, 9130900, 7587061, 5074065, 7663634, 8616414, 6532180, 7140072, 2128106, 9167407, 909396, 4792782, 288858, 2038139, 5816028, 2807374] 
Weights: [3631976, 2884758, 4738318, 7398029, 4827535, 6194993, 3810072, 2710800, 4990088, 3874683, 6570591, 4454730, 2707128, 2214333, 4432575, 2707651, 5985950, 5681220, 5388944, 4364133, 6946043, 3988992, 2063520, 3131079, 3964324] 
Capacity: 7400460 
Capacity ratio [capacity/sum(weights)]: 0.07 
Maximum value for profits & weights: 10000000.0 
