Number of qubits: 60 
Profits: [19502867, 316528681, 758943882, 769201506, 155417674, 727726116, 700396294, 461237190, 10906131, 401696867, 893480933, 472228226, 212902817, 440160186, 97638663, 602068595, 846741076, 278474061, 15713686, 223067259, 415786095, 769434583, 88282884, 949466944, 939440289, 769711304, 940522416, 451207082, 822906156, 594190427] 
Weights: [506871834, 521216635, 559818638, 239231481, 352775396, 713323109, 179391727, 703605635, 195301794, 174967817, 444800048, 162082118, 755020654, 472729971, 439064270, 431828659, 568043993, 758164535, 171506182, 389742332, 546359324, 223600990, 709904388, 491622765, 418805392, 211921723, 346085626, 510607089, 572122898, 677764509] 
Capacity: 766693792 
Capacity ratio [capacity/sum(weights)]: 0.06 
Maximum value for profits & weights: 1000000000.0 
--------------------------------------------------------------------------------
Number of qubits: 60 
Profits: [514665835, 291327613, 474743859, 326100710, 973577209, 930430716, 13070551, 399931942, 758878431, 748323760, 860834762, 77738254, 252780375, 621149791, 581615304, 46096280, 812649230, 7894240, 16567873, 951786572, 875940628, 11007621, 352012489, 217759463, 468288086, 931581319, 488411882, 864580816, 315151792, 524086264] 
Weights: [743875429, 569695023, 717384714, 380004724, 314510571, 183324309, 237891153, 587287345, 620362291, 804582081, 779852150, 132982317, 305527445, 203861483, 489211394, 355744042, 303361161, 345685833, 786102924, 265966930, 744895657, 555754420, 663720885, 767902080, 756786687, 222646523, 242266988, 364785754, 140070367, 586155024] 
Capacity: 815622293 
Capacity ratio [capacity/sum(weights)]: 0.06 
Maximum value for profits & weights: 1000000000.0 
--------------------------------------------------------------------------------
Number of qubits: 60 
Profits: [406466875, 197065370, 796752515, 596748017, 805026207, 283217149, 749735134, 363993557, 447495820, 598233747, 980960670, 453926058, 244971203, 427281983, 830772093, 354949386, 409550404, 441999087, 80285709, 340159368, 329147770, 888142736, 998186452, 477267199, 981435740, 837082539, 723149565, 79065965, 597589590, 223747118] 
Weights: [262629208, 457265631, 406689107, 1008261071, 728736397, 545486826, 988251870, 993946391, 751285047, 540684178, 93867429, 497272951, 294152535, 200709174, 890039934, 335775583, 207771639, 664544215, 904358486, 290145961, 472122650, 627786823, 735089218, 300680226, 575962641, 912177077, 830108604, 836711283, 483274675, 835444620] 
Capacity: 1010410132 
Capacity ratio [capacity/sum(weights)]: 0.06 
Maximum value for profits & weights: 1000000000.0 
--------------------------------------------------------------------------------
Number of qubits: 60 
Profits: [301000042, 441825012, 396133302, 370573624, 548271456, 994545618, 662762429, 627797905, 371663515, 313844113, 814899491, 1495734, 885330425, 910169266, 974970634, 22830263, 693845714, 814619511, 918234317, 538753935, 223456680, 252326325, 122432521, 485276614, 139356631, 906091506, 319445532, 985527348, 721133650, 906506260] 
Weights: [220936008, 349193001, 210581107, 807804954, 381001893, 194182295, 567621445, 731492018, 511207644, 411387431, 273001568, 484966097, 270002851, 561264844, 379704671, 571050694, 741630709, 542913214, 574004091, 686917454, 803094234, 778108244, 233869536, 367431578, 280280181, 165552457, 632212709, 245039687, 627109273, 435248340] 
Capacity: 818009130 
Capacity ratio [capacity/sum(weights)]: 0.06 
Maximum value for profits & weights: 1000000000.0 
--------------------------------------------------------------------------------
Number of qubits: 60 
Profits: [572768306, 151410875, 936378114, 609481979, 350852182, 741356292, 86448589, 817499666, 925882162, 922657934, 146023958, 354520047, 846566871, 370806673, 241811894, 726406740, 46960828, 131180875, 455289645, 464931115, 478240156, 165600994, 133025266, 375223117, 79765501, 678712546, 954698841, 516328325, 831716072, 761148493] 
Weights: [254282235, 834436878, 663685435, 835978671, 573404261, 242711676, 154220725, 833431111, 364143809, 234853702, 686356038, 220382121, 800020773, 431676455, 722943033, 753497480, 213139951, 711577418, 414773432, 368966993, 363679750, 628153199, 236038206, 531741014, 458706977, 806324080, 621193582, 907608789, 918190104, 877960855] 
Capacity: 947496512 
Capacity ratio [capacity/sum(weights)]: 0.06 
Maximum value for profits & weights: 1000000000.0 
--------------------------------------------------------------------------------
Number of qubits: 60 
Profits: [688195572, 961383237, 11037486, 997681727, 56787837, 412407597, 908280894, 808624691, 541637527, 500998526, 720123535, 99203859, 467265739, 272273179, 576671035, 965909624, 259703201, 436586497, 758153981, 907887589, 599638702, 831875364, 155424509, 115484362, 343808213, 632468104, 965050694, 757566483, 495035819, 437625621] 
Weights: [650817728, 379740942, 553542327, 656947883, 731190714, 496400044, 451574139, 367708381, 298878468, 578292150, 587091472, 637370346, 201473995, 361822179, 395624849, 205432067, 138012948, 228795992, 316518190, 323819026, 399980559, 376411632, 549281738, 621225898, 372110281, 295499886, 151772141, 344327758, 514759819, 719453068] 
Capacity: 732596537 
Capacity ratio [capacity/sum(weights)]: 0.06 
Maximum value for profits & weights: 1000000000.0 
--------------------------------------------------------------------------------
Number of qubits: 60 
Profits: [118718813, 686414980, 730577074, 765816607, 112572575, 447400885, 441590626, 208071449, 941853101, 356500723, 764509927, 191843847, 489070995, 464188097, 208037366, 971436079, 383807085, 633681712, 170404169, 859104873, 489287773, 463014053, 658675969, 434033886, 864093114, 697131253, 15235143, 593291118, 637500868, 282759073] 
Weights: [521279693, 447254571, 687946217, 245698693, 746392730, 536076540, 124148308, 79779969, 429629547, 80694226, 234463884, 674885246, 454961808, 508892700, 96495883, 387852784, 469595514, 500866524, 499765985, 522427000, 494434212, 561596673, 378812262, 449175188, 661916397, 381225224, 469752402, 469343417, 305439750, 191598179] 
Capacity: 749695586 
Capacity ratio [capacity/sum(weights)]: 0.06 
Maximum value for profits & weights: 1000000000.0 
--------------------------------------------------------------------------------
Number of qubits: 60 
Profits: [899364718, 780691248, 476020517, 191382761, 143462353, 161162412, 908502421, 942179073, 906117075, 91727542, 981021447, 274906206, 274297041, 947628846, 127689092, 734317246, 128601202, 607674850, 259239189, 834866749, 727490662, 458006040, 579138797, 988444, 485430138, 489478457, 341313460, 274229999, 505059720, 469387609] 
Weights: [227604747, 694808821, 591221934, 628513560, 713683457, 304310579, 675898639, 912636230, 628884401, 841338246, 361659441, 851250155, 377313081, 170381763, 292075107, 126856014, 554256341, 359090208, 113553535, 660431629, 454492504, 660300438, 847795351, 215196868, 862546654, 563982601, 506285730, 651044139, 606451096, 615956259] 
Capacity: 927787893 
Capacity ratio [capacity/sum(weights)]: 0.06 
Maximum value for profits & weights: 1000000000.0 
--------------------------------------------------------------------------------
Number of qubits: 60 
Profits: [536324369, 837872875, 626254097, 166296342, 686877388, 31815212, 69944915, 487314936, 398536845, 13642263, 252818087, 260184002, 95364342, 627746302, 957012293, 715242248, 719426958, 811223917, 219217633, 225383258, 898829728, 538515853, 692909654, 851924841, 34775915, 896559584, 223034613, 850665414, 144233509, 256311022] 
Weights: [192452095, 571119306, 356305280, 281278736, 540497941, 517227115, 354233243, 659760688, 308425158, 213778541, 440849511, 318526894, 261244623, 232532846, 363884770, 381587679, 416202907, 346724284, 389944051, 226080872, 677944771, 518352049, 583601751, 525254474, 337979884, 256822243, 286369749, 677745488, 421167447, 426776024] 
Capacity: 699807713 
Capacity ratio [capacity/sum(weights)]: 0.06 
Maximum value for profits & weights: 1000000000.0 
--------------------------------------------------------------------------------
Number of qubits: 60 
Profits: [547361168, 393438682, 714271449, 832286273, 539714171, 321928319, 822228377, 260986817, 889442068, 57156222, 205702466, 802437128, 399946623, 421142307, 533631686, 905035253, 435765801, 500847297, 229334355, 315010524, 744292347, 777949073, 52096371, 978558880, 585908012, 818027936, 915193711, 683627019, 478813821, 263964924] 
Weights: [911099273, 632588563, 280790449, 887686869, 540114884, 634817655, 472682972, 135901436, 857170873, 853928997, 628916377, 658232050, 51277361, 18072208, 84979954, 793347210, 453975839, 920747676, 837382782, 684771275, 743821309, 993800191, 670957523, 807298238, 185412099, 358953250, 415054330, 644951874, 862099093, 5235040] 
Capacity: 1021260088 
Capacity ratio [capacity/sum(weights)]: 0.06 
Maximum value for profits & weights: 1000000000.0 
