Number of qubits: 88 
Profits: [430891427153, 6863108179869, 6644999612835, 1992734177883, 7493213271185, 7439389357350, 4885669467790, 3538265098646, 8957514365770, 1231749310420, 9342725544821, 1419519389041, 3400683989369, 2479251068471, 9668253095144, 2760121819910, 3199921781016, 1331541661880, 7827249351365, 8678173521245, 245864898237, 9323036506470, 9272635130505, 6097388515030, 7598862727871, 9881043180320, 3258982813011, 557538909997, 9311083147242, 4133888895650, 9861664209246, 8073477149888, 4248230800939, 7976621140504, 3230936184640, 8690599067229, 5741411893646, 5985740923531, 7558672038939, 1631717035130, 1075690845537, 8755774026349, 6267022256207, 905447446987, 7140071519199] 
Weights: [5218387529937, 5617358657357, 8096466356132, 5369279531093, 1743622690937, 6797045825962, 6508296251946, 1249699380512, 3220991693451, 4074209267424, 2705617555128, 7525385535991, 3999951106091, 4423557672199, 4091246310878, 5134864182778, 6962962256357, 6338064502580, 4781945610310, 5952272495376, 7600058226964, 7837046759717, 7056885088652, 7961850638720, 4956015721111, 4019566633413, 6958964058059, 4716075378783, 1233136106701, 3522584871437, 3880446367530, 8281169846782, 6143619807804, 5887997866855, 4378314116471, 3818160121524, 4624356261519, 5275884196072, 2664970056753, 8020621502666, 6660312280144, 3004473917391, 7661384348520, 6823233190776, 6097986671182] 
Capacity: 8439452939044 
Capacity ratio [capacity/sum(weights)]: 0.03625 
Maximum value for profits & weights: 10000000000000.0 
--------------------------------------------------------------------------------------------------------------
Number of qubits: 88 
Profits: [7531324152127, 5836304826965, 6985034325108, 5801359540327, 189106467701, 4343562163527, 4197531205756, 1638504776936, 562210644734, 7293695686848, 26011711642, 1444860971641, 2605511092362, 7274395055209, 2897250857567, 1273343164946, 8847404529610, 8522860944883, 1008891612940, 9389069709260, 9846374168124, 87275337915, 2552370113740, 3409388689633, 8549641916309, 3812932851975, 4574827620477, 7360724712079, 2770204239315, 2343598053152, 6512829643494, 5686550049275, 6953421672693, 5825716834977, 6942365442437, 9956050520037, 4436640721099, 1219860538377, 241917310965, 5699804985019, 3486178494339, 7099796593084, 6358621168782, 5514152067028, 2923844009602] 
Weights: [2911164293915, 300550741054, 6551152531719, 3257760256351, 5495280451090, 5117926997792, 6540361757969, 5981956720478, 8195486031493, 3217367663946, 2483066255523, 4091176998052, 7761134127636, 3497041471924, 7835141654783, 3540136903242, 7041355940123, 4427536375855, 5068996340300, 5325019290900, 3614028195425, 5993292750293, 5485464239554, 8604742920968, 6009494251643, 7114013118714, 7824833807161, 4437165072466, 6650969271943, 8302683183457, 7930788241492, 2530056658259, 4803019748154, 6612314445063, 8504865834741, 2824476720891, 3091708908686, 2502341520430, 2610511673331, 6399368856299, 7208319124611, 7076591972059, 5733190687138, 7377252866775, 7288500363483] 
Capacity: 8624251987115 
Capacity ratio [capacity/sum(weights)]: 0.03625 
Maximum value for profits & weights: 10000000000000.0 
--------------------------------------------------------------------------------------------------------------
Number of qubits: 88 
Profits: [1461212786389, 691920325510, 7290896654040, 7914662136798, 1333231330186, 9077339072271, 278953992774, 2663910485557, 1903847635227, 7816000983563, 3587905362122, 4837931589559, 3622972001366, 4174039897900, 5971770137799, 3720317739807, 6097751721852, 4917525578754, 9242847793207, 539564283975, 4601082044823, 1793914007148, 4747673790707, 1687742432092, 7267926980201, 305170652839, 6805987333474, 8568859317727, 9126462932068, 4656540896989, 4138188657926, 767378024125, 3616735032374, 2033694519559, 5010322613671, 320340521906, 5631602628084, 4344921020087, 8788279517328, 763750901252, 6245493693676, 930061876830, 1373467688268, 1344458805345, 951296904897] 
Weights: [4262307082493, 3758230360485, 1675259950265, 743862981749, 1890977807127, 5602512865876, 5366770111345, 1447370832985, 4531360442055, 6917755995092, 4514338307243, 2792504733879, 3812581994712, 7626384351022, 1506757861357, 4243202361323, 3495296340745, 7019168473040, 3904327993344, 2447956682994, 7006598580858, 7097045660633, 3697133521796, 4979605831253, 7048721831380, 1774414453306, 7100692176918, 4899458653440, 6563962447491, 4775057527021, 4116944740355, 5631348971135, 6804638283887, 4192326560852, 4654761576136, 7042153735191, 5566352363197, 6178939127232, 5151717661632, 5083268774148, 5985086087208, 5434935979707, 6908281609266, 6777492901498, 2116583600842] 
Capacity: 7688222066097 
Capacity ratio [capacity/sum(weights)]: 0.03625 
Maximum value for profits & weights: 10000000000000.0 
--------------------------------------------------------------------------------------------------------------
Number of qubits: 88 
Profits: [6051473131180, 5465420432711, 9385048861150, 170393895835, 8012697834501, 9593003796711, 9044418108012, 1472577934719, 9039302776381, 8666590754637, 7570040534713, 3850111507084, 133318499976, 7611615107217, 603944114878, 4979939683008, 7465195333853, 1106612889192, 7396944349123, 4723602577689, 4248806110007, 7080146363087, 79372395790, 4107819965470, 8207601567784, 8782720534882, 6410389289515, 2267679152677, 2418761019369, 2497633828222, 726178649374, 6898486007714, 5479935277974, 6466253273098, 2614566780719, 4290448926184, 9938785275932, 2248077658368, 6978772272493, 9714679845278, 7324072146493, 9014453328082, 1592894666216, 2092920143322, 6350014653144] 
Weights: [4240226037969, 6603804788923, 7473606244069, 4412400458404, 5500902319993, 5566437722904, 3029614703634, 5256207385246, 7438355486606, 3409160403144, 4490009153106, 4321019700060, 5817094864538, 6868671972543, 3456932942142, 3766932188093, 4326693679427, 5081474966088, 4823655216345, 3397903418658, 5784839621373, 5575747716897, 5045348323201, 5016698643787, 2606659491842, 5186179864402, 5130836136648, 4909312550434, 2002469863764, 2349548987180, 4468845938822, 7535427969354, 6102471538537, 6072121094979, 4718010670134, 1718143176674, 2980545344721, 5334141568297, 2024573098527, 6379108870202, 4445753551247, 5027906536202, 4687179892932, 5771000482914, 4913532339507] 
Capacity: 7626469012896 
Capacity ratio [capacity/sum(weights)]: 0.03625 
Maximum value for profits & weights: 10000000000000.0 
--------------------------------------------------------------------------------------------------------------
Number of qubits: 88 
Profits: [8482011289049, 7743611750942, 3682175476718, 1179497618690, 5880562318185, 4722258286693, 9354028529481, 498182111234, 6868831492798, 3264905261081, 4122530021849, 9612068490026, 2675869091231, 8227163835958, 5287172193298, 5952029060082, 8000760169540, 5780523863988, 1720681432820, 1152341183537, 2209714232550, 126643822218, 2853993736189, 2281900746486, 6117666082216, 9460719895979, 6449769871107, 9470541928279, 4093556320987, 4551543041909, 1285474332230, 3572382992625, 8636547860622, 3760672076581, 9076506510147, 846473857597, 4724973588667, 8452565890514, 34978530604, 1789309962500, 5827737207037, 7298952334490, 7905043702044, 5825088412833, 2088064443934] 
Weights: [2677507947380, 2340654509927, 5910064654943, 4408145139936, 5578009232492, 7685006519153, 3675068461868, 5148043404898, 7031998871981, 7773678714903, 7152968786568, 2859468720475, 6655392954095, 3766623667237, 3662957635518, 6613729003390, 6584892432637, 6060494601686, 4232666915189, 6995220419570, 2430714097684, 3019556505775, 4283836745781, 2897617430582, 2542414936006, 2972755956134, 5200881978575, 7013115699966, 4504554626543, 4419453058813, 6874811921233, 3527629058316, 1872753407044, 7530075604636, 4542291993788, 7055521006116, 3966311894438, 5865155239127, 4407730167546, 5688468460754, 4268745707060, 3062625217429, 7334275209544, 5250818505846, 2783396628206] 
Capacity: 7880201849735 
Capacity ratio [capacity/sum(weights)]: 0.03625 
Maximum value for profits & weights: 10000000000000.0 
--------------------------------------------------------------------------------------------------------------
Number of qubits: 88 
Profits: [5058200475561, 6407778073782, 4938779915326, 1496959833575, 8092989261066, 4826121713108, 1364565968061, 8827439570828, 7279632348820, 5611215966084, 5945132539556, 3085195006756, 3719681463662, 7428934490629, 9884140157579, 9178997635531, 3398307376229, 6819848445039, 8638947635608, 9820969754009, 2246016387606, 9123477980356, 8862545346146, 1619935814009, 6361721954211, 2071725837386, 193277530264, 3068433474084, 7769411427729, 9392665033052, 8934728317020, 7171354160180, 8333721115266, 870918772673, 5469629711166, 4055480161876, 5308641870250, 4520280427186, 4522951800956, 2700515075751, 9453429465583, 7280071848970, 6711364715261, 4420984678135, 5187832344522] 
Weights: [5193224078163, 3589482873954, 6158184757570, 1886836726068, 2115764968707, 4799886786551, 3109478343716, 7546892730601, 5898577569842, 4845407831959, 4385970782367, 7136162790368, 7687857519997, 2592649929339, 2381509164903, 5176783393982, 2364893442136, 2373075808291, 4701063437962, 6620118824369, 5386612471810, 5206307248035, 3009053138517, 5989139607274, 4426232088273, 7219133622883, 5336184460271, 4716382385520, 7753474488732, 5236824033653, 4600783868916, 4091584213238, 7797334234466, 4388611215370, 5642996133606, 3289023543376, 7102329143790, 3004289538503, 6600915570982, 7823669685731, 2622158805713, 6602294002265, 6203045675443, 1737841102929, 2364734821681] 
Capacity: 7849606119182 
Capacity ratio [capacity/sum(weights)]: 0.03625 
Maximum value for profits & weights: 10000000000000.0 
--------------------------------------------------------------------------------------------------------------
Number of qubits: 89 
Profits: [2723745102850, 1514967025288, 3107558289327, 1148633410226, 386598942928, 3642502528656, 4765166848321, 2466800767279, 228869912122, 4944106299925, 6768259146030, 1352185121435, 4596848531707, 2479899295237, 1127369609468, 6156411820811, 8521329570910, 6090132591554, 190247893106, 5425945142630, 8901154633239, 3540744309017, 1345209107944, 4765911018647, 8191343298858, 5922096456920, 9976847534338, 4755232081692, 3676657380728, 5250910664922, 503426625965, 6502740641056, 2994748111668, 7156809309014, 5755368612538, 1212333921534, 294422768399, 7665797808430, 2680349356146, 1642574289465, 3889861496948, 9296626494729, 816578313747, 7967489615205, 5603639562238] 
Weights: [335121487516, 8590654359912, 5749671512832, 6617076878413, 5353152518691, 5522435491812, 5456224587073, 6953014897707, 403776235487, 8433647830482, 6858669522312, 8705777332570, 1197443314249, 1511868379065, 2035032376356, 8075082050299, 1343778237356, 4636080630734, 7759531847605, 8755143475386, 7170141324211, 7120632323371, 7052064818828, 2210003802914, 8479098491755, 5248971476759, 8357409904099, 8890309484268, 5587236534313, 8529936945173, 2592249200231, 303933456697, 8879938213209, 6634036112523, 6920522947337, 5687574347170, 2154219008970, 6767004593896, 8886323570311, 5910772666745, 4414726086991, 8125263033749, 7058045935908, 4687391952928, 6018728835215] 
Capacity: 9142934896445 
Capacity ratio [capacity/sum(weights)]: 0.03625 
Maximum value for profits & weights: 10000000000000.0 
--------------------------------------------------------------------------------------------------------------
Number of qubits: 88 
Profits: [137845775211, 3536918409637, 811220259364, 5301132290886, 1599821100551, 8330965859583, 1231517421524, 5553496196514, 6281249760330, 6350591138534, 2200712268172, 8311559454623, 5363391351689, 5774702241612, 7207895132178, 9073800538963, 7685775341354, 6618243134232, 8057003068589, 4713921591329, 4270299380493, 5127726880159, 4764347290725, 6239820365579, 2415670409275, 247584916752, 2681627493835, 3930544771008, 4117937043846, 4035364133990, 6871135170525, 7020915516206, 6954077705910, 1002983770989, 8863665872009, 8035893836027, 5096645321574, 7022055746931, 567407852890, 9617094936107, 7985285212114, 1061745337544, 352149530078, 7753692814880, 5144482600071] 
Weights: [2501767071501, 3013518777728, 7461766927454, 4424827958408, 4830123948583, 8269987088999, 4822596493606, 4742361278651, 7787821876781, 3925901468737, 4490408108507, 6619189916885, 5031723345089, 3953058587901, 6319382255162, 4974599130784, 5735709585059, 5311562050530, 4834070814969, 5944009881614, 1280162959605, 4083035749549, 7246535406391, 4883138206007, 5037760696420, 2432728306132, 5953187334412, 5161568106481, 7619067257721, 3859358092870, 6763849652937, 4661677964414, 7180504148021, 6161617996878, 5955841274807, 6854392379551, 3769742284920, 2828752048764, 5879227266614, 8258384961374, 3749097339805, 6093102838767, 3298071029654, 6127695316959, 5945086377055] 
Capacity: 8342480728364 
Capacity ratio [capacity/sum(weights)]: 0.03625 
Maximum value for profits & weights: 10000000000000.0 
--------------------------------------------------------------------------------------------------------------
Number of qubits: 88 
Profits: [1996965392092, 2044128128020, 236184563721, 5442128348930, 1090399578760, 8824530086339, 7656705431008, 1081194265260, 304430263365, 6985490926605, 5875498296542, 6326361908745, 7676787926008, 7142426229133, 25374412434, 2477701316064, 8429979663959, 40067885819, 4909597660652, 5890268356719, 7591278771000, 1327492053686, 2041329569002, 1039623954638, 4679186984339, 7111056216336, 3434504379890, 7304690693097, 3622166560073, 8593862580625, 1926065701227, 1398990249232, 4245102821510, 3620274722840, 6243279375161, 7000458177417, 6604748080061, 5132964055790, 6241777036179, 6400322743996, 9954872834887, 3285383736851, 9706003161407, 6865717987816, 8975593861279] 
Weights: [3026721598950, 7256926267403, 7058683468271, 3165788149525, 2867841420730, 4864678292707, 5163028945710, 7188461127825, 4709219801452, 5313434901803, 3771007886659, 6414936024708, 3077549183687, 1570164333195, 4382634290279, 6794882788470, 2269649020628, 6045218421396, 5696163295903, 3576573395026, 2986774725658, 6244879391631, 5106756902265, 4309926512335, 2625474150893, 5196693447322, 2766759473183, 4242934749971, 3446898133127, 6329566019734, 7036003579828, 2179593693465, 6271376658694, 6996772154468, 2670294526734, 5859514813413, 6823339954150, 1295140602080, 4254603492371, 3871542487340, 6374654246721, 5444963049676, 3332343632252, 7097093834925, 3704800287754] 
Capacity: 7504786148896 
Capacity ratio [capacity/sum(weights)]: 0.03625 
Maximum value for profits & weights: 10000000000000.0 
--------------------------------------------------------------------------------------------------------------
Number of qubits: 88 
Profits: [9903856673409, 8521373313963, 7720496320937, 9740606218273, 7986316338706, 3525618287109, 108771708436, 7829529662243, 3299617745036, 6009803895143, 2814462733028, 1303543932369, 7027321027717, 2390198867685, 95139989679, 2419709326672, 7663968491164, 4134333279255, 2395177501820, 128871448167, 8157888790422, 1969432980303, 1736426767566, 3314665545635, 4685337462933, 1046145809741, 7717571308021, 2585784789275, 7723964236968, 6766634249414, 565670134537, 6731086420919, 601306535052, 7373752780206, 589639697794, 4369406957011, 9171669018693, 6613939676626, 5496557780391, 6664384673889, 1719767293221, 9226495385652, 2014611768174, 309888490027, 9697769434796] 
Weights: [5695026778487, 4193761534993, 1242123103832, 4376757281437, 3893542173827, 5262273813763, 5335109559948, 4943404202285, 3418756711031, 5940474705477, 5402254064817, 5862365964526, 4040127544407, 6869588282161, 4870300485155, 3881719177345, 4298698349306, 5936901277564, 4782707530584, 4951575691988, 6444444739403, 3897633923989, 4202562328432, 5708637238908, 6317552785246, 7475935828776, 4685323030735, 6565951474120, 4811957011348, 3250422024276, 6311390910214, 1998970966930, 4441877586146, 7742656358515, 2641223321049, 7623425351385, 2304648323684, 4683100049392, 4324684676601, 7821951634414, 7002927854190, 3640649051309, 3302343874069, 4362622530762, 6278241779265] 
Capacity: 7864454376460 
Capacity ratio [capacity/sum(weights)]: 0.03625 
Maximum value for profits & weights: 10000000000000.0 
