Number of qubits: 108 
Profits: [8808057902123364, 6741818498393901, 8015216976814465, 9276725121869795, 9580070190080250, 8075402723552359, 2627431162493130, 9898966101407188, 2120222937043155, 6873806988975236, 3222425120864569, 9799468548770089, 6461421681787061, 485309977153871, 294873552111446, 111650733522599, 8166196297788902, 9627737771358158, 3741102217363584, 3962281225851605, 9059786421158732, 1960226066775805, 8564779560037632, 3805206476572666, 3203055220127988, 8342987832418662, 7182776148900018, 5640117742282526, 5521412429071212, 6043468573402025, 9137260334949161, 710754730159012, 5665625556725677, 2143100801498104, 4998220305864993, 7395337768114144, 2258406091480706, 9686693082476847, 1857589095851473, 6427615220924491, 4122863862918545, 246274856412569, 193077631752086, 3625727826758238, 5969288400929637, 6191181557635387, 5415348936793580, 8946924534115274, 9292857648255517, 5042762916872277, 6477104492206780, 9273276646568684, 5807514239924465, 8449123803849572, 2671600767351081] 
Weights: [3863884549056193, 7658369925400524, 6608915183336589, 6853387777779738, 6594918825824476, 7289227658209036, 3255937720569181, 5195421740015053, 4592157017377901, 7327395257957355, 7210690919316909, 4614876975124277, 3558419045998266, 6323448263303978, 5364254713609039, 4563977465007861, 3335947842687421, 3522702196684040, 5228909051073776, 2207733780477876, 6406345077426816, 8218953429321112, 3427678482795506, 4239777080938950, 8780257749992534, 7638070084347532, 3775089224935414, 5009054947594020, 7711342912876188, 6849614928796228, 3442587623122009, 7168815011545656, 7714048580788180, 3691735689768194, 4881121385854460, 2772120004519489, 5097848376015839, 4822465492234244, 7879534869300646, 4772417122669730, 5498631589859442, 4256529274835217, 6900207756615611, 6322005186988205, 4996908409844335, 5892334010583866, 6185849047505023, 7571261548638184, 8496130100333480, 8811650131745248, 6716241549099910, 5710816705945311, 5666662385769319, 4498346612289857, 7843637100089068] 
Capacity: 8827804693433865 
Capacity ratio [capacity/sum(weights)]: 0.02875 
Maximum value for profits & weights: 1e+16 
----------------------------------------------------------------------------------------------------------------------------------
Number of qubits: 108 
Profits: [3774246248734165, 6097318057381416, 1702435461245793, 4693474539687758, 9609058227675486, 1840561057395813, 2569984405050862, 733150195573128, 8467249087300142, 9048201101873970, 4872487646414648, 4326543034438924, 8650283418485631, 655101473936926, 1737183945813592, 9726536161435349, 1645933481556377, 2406522919975581, 6523955553516612, 828313702821991, 5522322032059770, 8304593184508064, 8368534580643656, 3015622404338009, 817405655785940, 9318765595794526, 6847282314010915, 4331733513887706, 9533211811278393, 9938787529364069, 1787979734369426, 8375813231191513, 2117938758266241, 7360332585305725, 2859963721741396, 8378424087357439, 1571632564980966, 4978297995873405, 6289818884387141, 5615977918080433, 8853605955491422, 456929805817382, 207287500659788, 4614041970128057, 4889570682711551, 8923848380051864, 940703291308487, 9164062724408076, 7128936597590251, 3520468154588416, 3225924722674698, 9967624806951431, 1279841596020720, 1051461089239153, 9294165655370057] 
Weights: [5790061229641895, 7863950280686942, 5200108224173278, 6862283522529806, 7110070876709423, 7916726637580339, 2343724353950168, 2054519075830530, 7031230821981285, 6950743695377889, 2731485239683767, 3304315892220408, 2615601302371724, 4673683248194100, 5184676923639522, 5793200334098126, 7546104702139489, 6474108385682784, 3696394212324837, 3656119965663425, 4642643224722147, 6155969866780001, 6951680865065793, 7244151636473013, 3030168073122892, 3266520440405159, 1871095772898315, 7550808597980037, 5293350218247165, 2422547104403477, 5910936307919198, 5718707926564172, 5213393190043967, 5602104303045909, 5965899216056105, 5302093257058914, 3227752025404923, 6645510649983986, 5631506896658798, 5465815035308141, 5884265493405284, 3068878940977569, 7229859972193416, 6274648182662156, 4400798131405932, 7619323732201954, 6080807439504904, 3625526881191171, 7791254569863969, 4116045105081699, 1327506097980010, 5128904874524671, 6831041577344266, 3009875502024860, 5352492615844138] 
Capacity: 8059937153329375 
Capacity ratio [capacity/sum(weights)]: 0.02875 
Maximum value for profits & weights: 1e+16 
----------------------------------------------------------------------------------------------------------------------------------
Number of qubits: 108 
Profits: [5146085513139663, 9043449992899658, 9613150097227709, 1863726521045328, 1750138480003742, 4903035824306762, 3550448550940140, 3346538451702301, 886947477294946, 1012097546117508, 5217337752606770, 8333434991586193, 2178851921248468, 7075512648602289, 2882167120276934, 1348172273970405, 3864545671881808, 8000792173972181, 2093930280636416, 1306371378915448, 5632936906974017, 1988688061133193, 1277806207815696, 9068991787289484, 108947957519733, 1420810727052265, 5916962307936006, 3926116912782397, 3365550283460390, 7605704189552249, 8370439018357047, 422666824902165, 3614421905190311, 344999003517440, 6115233415037186, 5167064598037414, 5609572039886372, 8769597708540166, 1347332985821488, 4263013532853161, 6486418970349342, 9705644802846434, 3909812695869085, 9980574097266164, 4705300853379666, 878866229506946, 487108558918366, 2726122671419913, 757892578211155, 7552166113113958, 6469849432292621, 5886270791922143, 5379089476473470, 1005875707009493, 9402647035773869] 
Weights: [3461217736874212, 4783160437081790, 6736878862990083, 3796213337112184, 6736610341339035, 2900184247901591, 5055422405680218, 4359919637349720, 2297259823886576, 4561400845903208, 5646604965076258, 1172015621323182, 4933577819313540, 5330750785152533, 2982300906784200, 4803393862903242, 6561958676302431, 5178385229545797, 7013967093406165, 4901291056911218, 6659702502658181, 2967248290698548, 7080195164980193, 5653391258953572, 4068767850424116, 3830130017655161, 6611275445040957, 3938479603998785, 335897152834164, 6208108975996396, 3712549684262770, 7276236818085694, 4615356122125224, 3335300488689825, 3072377370502303, 5215855254577937, 7092588536277094, 5770090490128738, 4138638753111732, 4960219860068959, 5737704496981918, 5394773604391953, 6409708267674956, 4620069656527218, 6853915791679141, 7320671206391300, 5849731767890625, 2653540445813318, 5909111061460978, 5237741573087702, 3664967015422945, 2099349821694617, 6170523852957493, 1518335393847248, 7317025782611771] 
Capacity: 7452639709482750 
Capacity ratio [capacity/sum(weights)]: 0.02875 
Maximum value for profits & weights: 1e+16 
----------------------------------------------------------------------------------------------------------------------------------
Number of qubits: 108 
Profits: [7291501640939147, 6319284282161339, 9105470337158790, 3114023293587339, 7426739997154468, 7219048378060043, 3511326757362283, 7222969568367570, 2669177356444716, 6798985012926482, 6959289520254690, 397930902960187, 7372387338965281, 4601560992745187, 2108441773920418, 7297449964806767, 4384206117798383, 3397230017402440, 1837708418298031, 2154062705262190, 7573238798107850, 5900385266922872, 8563557222340267, 6140322067318644, 965646859173672, 4818988328397065, 4211898688658676, 7671641306330436, 6846968058304867, 5217325525160709, 8704780361285350, 3569833546192226, 8061568116415022, 636379219446502, 5687883482385177, 1146145650654413, 5934214358802600, 291573009683437, 7709054720553076, 7749385244810236, 7474969714761425, 2478532019868650, 2377071834418444, 1460171359758960, 6624078130854095, 6828811631732596, 9719532956722199, 7560616373963392, 465151657195653, 3833993971250754, 7095684737258075, 1103071975800222, 9492166361556435, 7988773897042396, 4187587059624861] 
Weights: [5684094209838342, 1381589459425000, 3692721487710295, 3034865322419533, 4849745853693637, 3817441641787461, 6369962151551679, 1055013062453024, 3971997798442235, 5277567954848637, 5027332297195521, 3802646951559035, 3741827626785933, 4239257117522468, 2928272891558765, 3032412902438263, 6644175856223852, 5369097892962463, 6915713624353267, 4709099697917176, 4522249304780537, 4699390068638039, 4574308366376607, 5736011906838264, 3457647904450308, 1588109747106541, 4820647429371983, 3783890508764979, 5385438669266726, 3073476125359620, 6866046582785583, 5379010976580927, 3199101294967256, 5146097421647782, 6924432019224268, 4072551171079000, 6888693583960269, 6097747200455020, 6952372253992893, 5386224666806473, 4569411770090874, 5580201915457628, 5835940447727409, 3510319461663425, 4863131326294111, 4731761040596748, 3989700522884355, 5579498870469724, 3320529524377978, 1304677543515162, 4222091665749460, 5785425537557793, 2453390221378453, 2643797126362146, 5650484915400757] 
Capacity: 6974755498855957 
Capacity ratio [capacity/sum(weights)]: 0.02875 
Maximum value for profits & weights: 1e+16 
----------------------------------------------------------------------------------------------------------------------------------
Number of qubits: 109 
Profits: [413394204378491, 9901108384199352, 9763547347954321, 8302690135214104, 9846183027460029, 8038234891149964, 2702174830699459, 131714665563456, 4150006380038498, 6748358838059372, 89074778315175, 1596572430615793, 2873890443108044, 7942680697632229, 1943630720156114, 6680866102514138, 6124315617903320, 4872187313890421, 5976869005867878, 7123371846614711, 4121453795487542, 9109648572308158, 7042886512647988, 4764747743432817, 8944316607143126, 5006970841939879, 293119032215295, 8568694690647848, 324776415722982, 7233105915770755, 8548945811417567, 8155673558850905, 8635149469810314, 4712514383008725, 5300286041287497, 797995350686969, 6439505218641090, 6070527593207544, 308547877533982, 4713255100277113, 2586536893481415, 1319004058736777, 8126504038786682, 6447131627483957, 312230699658395, 4997845625513575, 3256366517984275, 4361836818518297, 1649032275593319, 4914501196178455, 762748907602137, 2855969567426046, 5637861095361896, 6618422858063279, 4030039715563520] 
Weights: [4856910374862623, 2404403697688681, 4963219723348875, 5974247911526946, 6737431215430515, 8458711951762612, 7835297157703629, 6522030874648272, 7652377529481173, 3193900042584399, 6433095228915978, 6736287709332268, 3763837657660806, 4798221430802062, 8673434118969143, 9002644709001904, 864096631573825, 3862367720430704, 8356433837175222, 5615841574519779, 8321227963719860, 3266521022490103, 6111587338986024, 7145584707083285, 5612339021642762, 7931474491629918, 6455384098067464, 6238174309787878, 7681092059810880, 7793825800342896, 6153573853400134, 3900778969979432, 6334556449875258, 4184289008661871, 9084146326490382, 3918438325282375, 7696025390027630, 2451262729475848, 8070719220497841, 8980975651319184, 2388714512007270, 7560996748487058, 5107992976391658, 4445210067870041, 3768586667270976, 2926017672422854, 8819366835159423, 8152752371293695, 2617974398694198, 8556157317355710, 3458050791521125, 2892739390319935, 5161149619214821, 8281350916097363, 1919499885289684] 
Capacity: 9151122378823822 
Capacity ratio [capacity/sum(weights)]: 0.02875 
Maximum value for profits & weights: 1e+16 
----------------------------------------------------------------------------------------------------------------------------------
Number of qubits: 108 
Profits: [1749219389693087, 9130857243612457, 7314464366103252, 5461868586283406, 3572026100285258, 2008630430820608, 6722027325245635, 3991929953612109, 1170704853612767, 1775881535818776, 973062731666654, 2502500292518222, 5813901178411201, 8412938004882064, 5561230491949462, 7566858289598485, 8853473984500321, 2223291509922693, 4591184157650784, 2866622267873222, 5301223621971959, 6959008347577743, 7349181169153278, 8504011129901216, 2356450428640024, 8519566782404764, 7895138515267826, 4026412604280527, 9777219632735186, 9378313109881688, 3876453191344117, 4662003593465717, 6368631308458255, 9181153808147702, 8700663358132763, 7012388322081943, 2711942711006700, 6406662844241506, 8475401529743443, 6786788696413114, 4691056020917763, 7453304459287411, 6682875784217794, 7925784796653435, 8060945721591806, 1931163040407369, 2493146638755708, 998576227215256, 4632484898310433, 2344043138176571, 9528644693116156, 6391730023124499, 1742305253358417, 523063669057410, 6686926781532893] 
Weights: [5921724901891916, 3989935798139377, 2819804645750894, 5759815981536908, 4571920537861297, 5284880141820996, 3175481890356533, 6157967970535555, 3566483433553894, 3443020559518037, 5239861758510040, 5036654693503607, 4089427393486922, 2923001720882010, 4659821231138591, 5527735928056624, 4050116954711693, 5846238314365553, 4489237620509994, 3660809380250954, 5337807914673780, 5932587993698595, 2872189153078040, 7085889418226952, 2520736856921570, 7221926104752103, 5926376315772713, 5305248446425731, 6092005086253896, 5375230159688411, 5136959640310353, 635776751393697, 4944109072485835, 7221937047519633, 3833756855996888, 3649133559574849, 4574220576263321, 2653933998672232, 3190207757945417, 1545292626832354, 6203057255641886, 6642072486840579, 2654743108079328, 7080723832373308, 3529666511471508, 6632040649462566, 4842821324082194, 5119967098521596, 5812480741239603, 4377965823774362, 4772660471364259, 4625748934300444, 1639798560011559, 6320996469968531, 4036408110649935] 
Capacity: 7236472144896752 
Capacity ratio [capacity/sum(weights)]: 0.02875 
Maximum value for profits & weights: 1e+16 
----------------------------------------------------------------------------------------------------------------------------------
Number of qubits: 108 
Profits: [8460775783299534, 6576017754020663, 7875032782016276, 5965340826652923, 4552419298499489, 1341022910205469, 6105183719641561, 5158123913289650, 9929247517005657, 6148982657286148, 2977546446027354, 5024116782392922, 1080567321078969, 2459866471941632, 1205346138140454, 8933902128849281, 2623271812621661, 3275898606766707, 7498668591133867, 1288163074289468, 2501221211542970, 7049502064679720, 9374881458121153, 4963847574059504, 5578744742278318, 1184156169751307, 8002154562582530, 3861186211171155, 415317564037159, 9276799289862893, 5506314411847706, 7612426053650990, 5446114909296078, 6481226857819968, 366096302146399, 9853231233937250, 5250670217095201, 9772030992659765, 3902066820449190, 1039900273694913, 1177338538393913, 4342697516300530, 1765443576200841, 1000155350577261, 8646747744856253, 8168573457643191, 2817065899685822, 836762978885064, 4316848967675745, 4912943042251844, 6813993881942527, 518329103148486, 2111649673159215, 3205234963039693, 2609036728552229] 
Weights: [5599518638264621, 5265043978728688, 5033060762583349, 6760240697326348, 4540030581742786, 2810279522997329, 5949054878201862, 3287671581886629, 4715698522119260, 1465839488722665, 6750754256431137, 6326254181704708, 3120446063171068, 4779926776611968, 6469990456027618, 6049757281889530, 5856322301506157, 1529699948592367, 5002825304611644, 3273160361143364, 3039649831785621, 6698188495575116, 6569777896067725, 5259852597728478, 6180035848537520, 3249402763217991, 5239276472523800, 3684294363966304, 1792751894335789, 4171900105622250, 3820336017748965, 1596617843208115, 5288752904287401, 3147443462975274, 4466544933972020, 3955140644442581, 6112931170708337, 6699331564408901, 3342154926775498, 4222664608378396, 1749196475347546, 543788742649576, 3877921597328718, 3650937466969693, 3218179695169752, 5563242684493017, 2103887715321885, 5704445245213013, 6612833101366261, 6661485328616515, 3148625597943815, 5684922769754341, 6888628065081806, 1226219375521679, 2663122013200250] 
Capacity: 6894221355748747 
Capacity ratio [capacity/sum(weights)]: 0.02875 
Maximum value for profits & weights: 1e+16 
----------------------------------------------------------------------------------------------------------------------------------
Number of qubits: 108 
Profits: [7673234542421914, 1749122681164645, 8546819398704974, 6083893504576052, 2374942014719235, 7559290914517973, 3734036872778914, 6469422078198408, 8769279361632797, 3870360755489885, 9979129832902438, 6508681687231812, 7421329183621493, 548630702158374, 1596866519029499, 6693223807691378, 2101407487639561, 9778830956757292, 2536026390363039, 9529700587464241, 2824382698348922, 2835975180124509, 9683060966077569, 1255932838565833, 3389873809209278, 8420922747973516, 6806534283950072, 5947950851750922, 2827451462322904, 196305285920627, 9633036542525360, 8516282114161534, 5759705176542898, 1105693390003376, 6678159529008683, 7109204783710989, 7896988944894502, 8196845555791398, 9695863918984887, 1256226152025583, 7611710304790777, 1680827971676990, 7255283728278061, 1111378525408585, 7140636309533110, 8993604181348823, 50908023232791, 5337243054984313, 2144776328424340, 2861561015065883, 5010642217355440, 862465517166296, 8753068872700647, 1555843162526365, 6572029779244933] 
Weights: [8017114737753585, 7119551252481057, 4675432325082290, 8738402834222079, 3206048440294769, 3563702667141907, 4440979315859928, 5024550621934404, 8058735602339737, 7089585019754536, 3534335835189971, 4598655743048718, 2763212926274808, 7166759506420242, 4825012794768327, 2990395419728171, 3386737942432599, 7680819431127525, 6589559925700322, 8083958818958948, 6929939568484042, 8044502399022529, 3095080497019837, 3877767189230074, 8032826507186735, 3718575312762692, 7660773931025172, 8749773457454848, 5784889370798065, 5592076698922291, 3286091153375130, 4413491821631027, 6296051232103206, 8716095208636710, 4574003188730694, 6912763989188163, 4324825267582598, 3442878261590484, 5265063790603902, 8575081679317850, 7161384553759145, 8494395698766652, 7370974669064033, 8981571011984605, 3490331228513596, 2011890156568517, 5150774677825770, 3915565447438784, 7616135913463448, 4914116133693021, 3964492666939022, 4844906299686729, 8267933180697400, 7382301410572214, 5189920213227282] 
Capacity: 8984436430780213 
Capacity ratio [capacity/sum(weights)]: 0.02875 
Maximum value for profits & weights: 1e+16 
----------------------------------------------------------------------------------------------------------------------------------
Number of qubits: 108 
Profits: [2445999897367204, 3859711244366995, 664027535069708, 567880082974103, 7032162510286355, 6718240594074156, 2961150625992153, 95569128842385, 3435892567157108, 7611910016040477, 4378041789493987, 3802738675788689, 9668478878077560, 7132180604984184, 1949482156340903, 6678211320975942, 724627295903123, 5013962420683127, 6339628260928193, 4629547886304321, 6498832257760870, 694237130403456, 9509048715835253, 247713838036084, 3341304605524107, 6943574430579579, 7830469337917194, 5719504875848881, 1869717904984773, 2815374772689011, 3940094188941845, 1830706572706396, 9621262087759027, 6393535195394046, 9149607392241143, 30460981193651, 3754080680681989, 4804971681775430, 8756260599537402, 6833323182770356, 5344824726993203, 1802060567369307, 1227629357839480, 8374036247556176, 5316575887784550, 7144507524773668, 6602932122636841, 2503535524649987, 1380968554423225, 7385920635589418, 3488062797683955, 9477560971157306, 7437963230771476, 302749548725831, 5762791003186738] 
Weights: [4183705927832531, 5999415069601413, 4976562945118838, 3340995339934359, 6844156361115803, 4256940246315528, 7257890290496267, 2032828809165991, 8021829211347576, 1788479558164137, 5443262653982632, 5031448141206211, 3511658278590169, 5965880712193602, 5087474682017343, 3334647878913723, 4354398268343554, 7425599198185274, 5147783549103884, 7079062630939335, 3515831739107111, 5153022317472812, 7100102206175639, 5031246050798660, 7966208214321677, 6695279376907729, 3653783145694733, 4119400214984459, 7994021873834135, 5730657976423377, 7016234242559826, 6432422019814573, 6253405890618962, 6498097458356373, 5291624405773634, 3522217634212212, 4630173764292662, 7307177390187394, 3570554061058893, 6248231692200403, 5364858701132469, 6695261226236604, 4522139570480973, 6180015645454720, 8038522682893335, 3499580375177022, 5743050408533834, 7471134536421814, 3398430313517790, 2807262628358288, 4517511785917830, 6793473303642053, 5287992513694350, 5714945652496995, 1487198017385787] 
Capacity: 8363562630485852 
Capacity ratio [capacity/sum(weights)]: 0.02875 
Maximum value for profits & weights: 1e+16 
----------------------------------------------------------------------------------------------------------------------------------
Number of qubits: 108 
Profits: [6629500777326530, 8346191028502663, 6776181690898779, 5540115636251494, 3324284493212697, 9293568754748940, 9182021756117220, 2022468153210270, 7300343429232015, 1194453647887528, 3490184848976002, 8707005995639915, 8065192235094212, 5531880086232168, 9739052799438852, 1452698159260333, 61342625392687, 1937051162020580, 1358317066748664, 5402789658645427, 2656753581296636, 1024601717094466, 2613187613423397, 2864369219706603, 345851314823931, 9046890832584747, 3523007823535904, 6415472528648119, 2145652259491159, 2574379257996316, 2563013069413451, 531678083168600, 2200112932001089, 2121351790955865, 1769771835999719, 9342654919854296, 3516201775396536, 7202065418950980, 5161115950964136, 3486098960833739, 9842263294195755, 6484376537365769, 7033455315615887, 220372171749167, 9388669855442082, 7144967741532685, 440921048815468, 6290155022568240, 8722235407006218, 8948356097851119, 65499212658522, 3199746556793730, 4426611638239326, 8958662637054409, 4772042933006207] 
Weights: [3771696437720257, 3919761713980243, 4615193623329100, 4501553101961362, 6605013750936289, 851305834598604, 5343328236198919, 4618422242700451, 6630575521172063, 4919670593465070, 6416979678985208, 3490817067788466, 3732171857888401, 3237703427880967, 5459154695569931, 4001101225542755, 5330565248735373, 4056618629968795, 6265767466527993, 3295723841392811, 5725462564080906, 6422910897997302, 7158103774212333, 3357552009028275, 6222900503892363, 3632934961094299, 7487527921655792, 3570867134219758, 6943860016133290, 3883944374583130, 6636830766812932, 7572404381230198, 4277463415849803, 6006817986341371, 7267724110266027, 4242231825252739, 4093206378340359, 5066283570230552, 2134483573075645, 5733525919718071, 3999342577309901, 6139480733953932, 5081000617356000, 3927147858706258, 5870936973808297, 4669144759611054, 6744715934771443, 4149435359105648, 3149257829696718, 4634641669929217, 5601973926368526, 2953422398270223, 4940487688510806, 7083279070116905, 5558724016115578] 
Capacity: 7691094590482679 
Capacity ratio [capacity/sum(weights)]: 0.02875 
Maximum value for profits & weights: 1e+16 
