Number of qubits: 49 
Profits: [1183801, 4703403, 5910303, 5526729, 789567, 5141583, 2883483, 1339460, 9511213, 4904815, 4674396, 393339, 4788338, 937976, 2394860, 6813836, 241201, 5547526, 2616501, 6425156, 5049994, 3433583, 6683998, 2660565, 8288018] 
Weights: [8638081, 7333648, 5494494, 3014795, 6702759, 8425317, 7024749, 9156051, 1703692, 2645255, 5164435, 4362615, 4879553, 8002558, 6361961, 3991517, 1944539, 8440025, 2048067, 7232991, 1315672, 5777398, 3366956, 8890348, 2218487] 
Capacity: 9237756 
Capacity ratio [capacity/sum(weights)]: 0.07 
Maximum value for profits & weights: 10000000.0 
----------------------------------------------------------------------
Number of qubits: 49 
Profits: [6262387, 9574672, 1791234, 3717081, 1894771, 8709266, 793777, 2473546, 2097627, 3414456, 9416635, 8461231, 3794673, 8889614, 8648151, 653998, 7310916, 3106504, 7301315, 3192051, 1589265, 4638587, 4395363, 1745605, 9406872] 
Weights: [4301419, 6403068, 5635034, 6335027, 6598144, 3480451, 3666110, 6126177, 5489345, 4305062, 6572368, 3107190, 4706403, 3380563, 5080262, 8351505, 3106612, 3922627, 4120662, 3115752, 7542178, 8175136, 2918775, 8735911, 4660822] 
Capacity: 8781081 
Capacity ratio [capacity/sum(weights)]: 0.07 
Maximum value for profits & weights: 10000000.0 
----------------------------------------------------------------------
Number of qubits: 48 
Profits: [737114, 6330725, 8828557, 7570297, 4089415, 5622722, 5950516, 7906691, 7936672, 9117987, 3445123, 9684292, 5836166, 747753, 4408041, 8487468, 4471045, 2853394, 840947, 3396050, 9431237, 815533, 4758689, 9228396, 5781652] 
Weights: [2710977, 5751706, 6727679, 3421667, 4876658, 6197848, 3726764, 3129188, 3600343, 3911185, 2308501, 3258989, 6350592, 4567388, 5369280, 5600830, 3855655, 4170476, 3974178, 7092971, 5308271, 7127357, 4585869, 3604137, 4142039] 
Capacity: 7794276 
Capacity ratio [capacity/sum(weights)]: 0.07 
Maximum value for profits & weights: 10000000.0 
----------------------------------------------------------------------
Number of qubits: 49 
Profits: [3858395, 908055, 2921568, 2570233, 7230610, 1929293, 7710579, 9140010, 2939668, 5881587, 6990020, 7541785, 1912730, 5315871, 2836972, 5351613, 7769842, 5689685, 9757247, 6546141, 6102913, 4986990, 7409650, 4999907, 9250208] 
Weights: [8536561, 9338654, 4263594, 3481666, 7881474, 9484507, 10013208, 2332486, 9818604, 3201477, 5210515, 1612767, 6981933, 3249170, 9515308, 8654884, 9155460, 6630467, 5383388, 5753567, 1957583, 8869362, 4536140, 7376029, 8914250] 
Capacity: 10750715 
Capacity ratio [capacity/sum(weights)]: 0.07 
Maximum value for profits & weights: 10000000.0 
----------------------------------------------------------------------
Number of qubits: 49 
Profits: [4992831, 7459973, 8204601, 682133, 3039519, 29055, 1913497, 4745031, 6091940, 4879239, 4549058, 3965863, 5771321, 4884384, 5328069, 5630754, 1418140, 4408239, 5983847, 9552964, 4942868, 5410811, 7584724, 4698467, 5651168] 
Weights: [8400598, 3056504, 5910824, 5732505, 4867045, 5018302, 6169982, 5991253, 8241251, 4117368, 6867944, 3328187, 6632430, 6180857, 3312813, 5298719, 1587576, 5429711, 5726138, 4167121, 8779113, 8212551, 3229051, 4235090, 5200242] 
Capacity: 9146768 
Capacity ratio [capacity/sum(weights)]: 0.07 
Maximum value for profits & weights: 10000000.0 
----------------------------------------------------------------------
Number of qubits: 49 
Profits: [9286914, 9525302, 7241259, 6675485, 465961, 3384427, 9177177, 3968448, 3649525, 3732139, 1467477, 5118562, 7504083, 8861887, 7449030, 6290024, 8582040, 8296183, 7169435, 6844623, 8134826, 3005188, 9813807, 3300084, 568922] 
Weights: [659268, 8928513, 4617869, 5665748, 3721230, 8029326, 1587720, 8845741, 8526403, 7312963, 7470760, 2186168, 2693952, 6376247, 9189075, 4336999, 9122451, 497804, 9229594, 5082056, 8008080, 3762712, 5105073, 5456228, 1393675] 
Capacity: 9569557 
Capacity ratio [capacity/sum(weights)]: 0.07 
Maximum value for profits & weights: 10000000.0 
----------------------------------------------------------------------
Number of qubits: 48 
Profits: [8452929, 1769858, 7127409, 2011446, 8724962, 3315663, 9486553, 9235130, 9569771, 4294781, 6985901, 1908746, 1096789, 7331268, 351617, 6173201, 3787531, 7243774, 6914648, 4083124, 3109305, 5855668, 6782214, 9558324, 8826650] 
Weights: [3648108, 6567831, 4024043, 4972101, 6453107, 3974090, 2527358, 5833395, 5270902, 4267285, 6334425, 4710053, 1778256, 7456784, 2837125, 3446561, 6809316, 4306832, 6480493, 4626505, 5107661, 5342360, 5350614, 2274121, 4064523] 
Capacity: 8023278 
Capacity ratio [capacity/sum(weights)]: 0.07 
Maximum value for profits & weights: 10000000.0 
----------------------------------------------------------------------
Number of qubits: 49 
Profits: [9763289, 694256, 6913478, 9402850, 4725515, 3339628, 4735940, 3793297, 4219171, 7092692, 6507309, 5851252, 5334655, 3501890, 7501576, 5934872, 2667949, 6519448, 7706313, 9617747, 3761879, 4038501, 1974530, 705764, 9020080] 
Weights: [7535722, 5172627, 5090140, 8813338, 5038117, 4096593, 2144667, 4488477, 1698968, 8211855, 2819683, 3492509, 5805190, 6674492, 5303536, 4895783, 8410952, 2485494, 4906667, 5871664, 8267588, 7649740, 4870276, 3996672, 8768360] 
Capacity: 8972084 
Capacity ratio [capacity/sum(weights)]: 0.07 
Maximum value for profits & weights: 10000000.0 
----------------------------------------------------------------------
Number of qubits: 48 
Profits: [8674369, 9566337, 6207285, 9468317, 8518651, 4940164, 2445298, 349680, 739809, 8556729, 1152098, 7925317, 3404584, 433056, 2689328, 7100605, 4310462, 1946558, 4019007, 8099, 6866469, 5698063, 9791316, 7086072, 2542145] 
Weights: [7875661, 6200674, 3648834, 5654548, 5118687, 2989892, 5588990, 5968954, 959630, 6399741, 8052067, 3827695, 2530812, 3591077, 5487407, 3305018, 7295833, 2393041, 7571379, 7234870, 3851620, 2035910, 2825905, 6290234, 2154211] 
Capacity: 8193684 
Capacity ratio [capacity/sum(weights)]: 0.07 
Maximum value for profits & weights: 10000000.0 
----------------------------------------------------------------------
Number of qubits: 48 
Profits: [1462476, 2951324, 9182009, 2829474, 415450, 6822892, 9421513, 8073823, 9209021, 5920267, 1793733, 2052638, 4370027, 2026482, 5627157, 1711569, 9498523, 5739461, 7467610, 9477159, 3103310, 7023959, 7931726, 167029, 4486707] 
Weights: [2202186, 7977823, 4033262, 4448637, 6995344, 5448409, 3540388, 6713667, 6641032, 7265529, 5055789, 1726746, 4916392, 5081904, 7559577, 1730884, 7022222, 3533456, 3831982, 4181987, 5922148, 3719750, 5240865, 4562966, 1656843] 
Capacity: 8370335 
Capacity ratio [capacity/sum(weights)]: 0.07 
Maximum value for profits & weights: 10000000.0 
