Number of qubits: 108 
Profits: [1669505451469581, 9865394191799555, 2004012972764038, 2777505676590009, 1579752381910432, 8520052060622426, 6210036030670651, 9444332469557529, 7646946506044909, 2694328652303906, 2490919454265480, 8426479023877807, 4799515300108094, 6993703948679588, 1427463790296375, 9257966448363790, 6741661905291278, 9594313856413155, 8149128049594625, 4169181144942878, 6025883595714337, 6899835772375709, 6687642089130414, 1935134082388590, 9172521051317065, 490276384959943, 8757593783498595, 7487701123178863, 4188089826021298, 6831923258276752, 2402286456141559, 8718969183979287, 3906938362529059, 9298528665381621, 8774316979370740, 1537467195893563, 4653120212122591, 8228229601917617, 3050704391450422, 1345841419684585, 958781685030092, 9421106005119078, 2352872188645935, 6223477883828576, 7289448645290638, 9268258386530951, 7830456061082512, 372244868505949, 815250752942813, 4837810538691707, 5354298802204595, 4133474655738550, 4431738880792791, 1330482951375304, 9494732219539451] 
Weights: [4281700505802525, 6522137432457183, 3152174754183325, 6810206776973504, 6720303578995825, 2778654326496677, 3047247983920746, 2830277889177461, 2185120551182818, 4751016587955339, 5276818884541997, 7204545329891399, 2318646327171984, 4587069645259694, 3311261667303759, 6037989209643048, 3798053162525590, 6709317605263987, 7220415469873061, 3974688286340773, 4948342447723437, 6168581442379366, 2304654956538380, 4983561421357300, 2424671227939531, 6671433313796893, 5735721864707166, 405058132716208, 4035339688175983, 4170940910843072, 5641961492244568, 2368996923743978, 5910030180407022, 4060964094578579, 2295385235365231, 7358785990098789, 5916635745670943, 6525039478614993, 6647124531516030, 5045754459740584, 7472828210807231, 7226740670907540, 5286750093596683, 5861052188324220, 4564614668006510, 3879863976935580, 5430153556524791, 7498163134569698, 6449078678554240, 6495291461410348, 2463436658240645, 3972191385742020, 6939710386006769, 2564178661181748, 3035899410459696] 
Capacity: 7572037650792453 
Capacity ratio [capacity/sum(weights)]: 0.02875 
Maximum value for profits & weights: 1e+16 
----------------------------------------------------------------------------------------------------------------------------------
Number of qubits: 108 
Profits: [6206914123348484, 2207966637626398, 6177508271095015, 6227403843117580, 4510107884977605, 7542523244080490, 5080832457728941, 3187909493740424, 3561447733413279, 9065896833935349, 4531471789060526, 5021264556947433, 1193715106796469, 7765100638879960, 8393227772989474, 3302355393087285, 1975036472566275, 351716785860077, 6769663719229517, 4143477422352090, 941597935022953, 4927951471650307, 2195055898282998, 167144827483468, 8323633175352488, 2209716344618363, 6148206815267649, 7428348967177062, 9130809968083259, 6962743031813095, 8783595913905682, 9864304795895985, 8371113307263219, 8138741380629575, 4945656132024793, 2257946908298832, 2818670534911740, 6339633534326890, 3422180554411877, 4750329350008934, 8679235065289951, 3247549715752018, 145618661928813, 7126161553056911, 3148670168453317, 5099263544763620, 2811943156822096, 1135531188578123, 9893125038872350, 2746578675939752, 1761928870050511, 1846023154629408, 2413950924610942, 3623912123188536, 7670392492663235] 
Weights: [3604206109734659, 4023105724740367, 6551935716271289, 4943763110659845, 6286321215305644, 2815943402164870, 5446417215824877, 5733939459608355, 5938179514947479, 1756684796820813, 6569575637593305, 6084953509828532, 6849562463582404, 3171277631910903, 3433746028954331, 6194356000687989, 4357710962549942, 2552904069349741, 6380072466804873, 3612204805310991, 4378106302076580, 4267568635731244, 3484824393137394, 2977058131768748, 445580811222605, 5204751559407045, 4720387380927524, 5446241397495858, 6528384985354828, 4315655054823849, 4221902636773353, 2596331886814504, 6256553586367015, 3666491657277613, 2543625332339429, 4911948766952809, 5120892675137177, 3411988813087981, 4183017847434824, 6743665704012912, 3774927594255877, 2353461727315110, 4372396929804279, 1424995809664020, 3276271263276387, 6375223988405809, 5541551853168577, 3608069472646466, 5046966908939752, 3472271566978147, 6427277108271853, 5352630410557122, 2999803849480238, 2619682327891157, 4108591371510075] 
Capacity: 6854646969800570 
Capacity ratio [capacity/sum(weights)]: 0.02875 
Maximum value for profits & weights: 1e+16 
----------------------------------------------------------------------------------------------------------------------------------
Number of qubits: 108 
Profits: [9696690564374443, 705386414814943, 8165663659718341, 3477783625840358, 9554481900301131, 755779434354877, 8624896479269219, 3990976170694090, 461796415035259, 7168221299394837, 9907458231580219, 2629378292523493, 5349790360859950, 3482330857615552, 949849521931457, 2053733065392381, 8221359751454938, 5166229056727286, 9868608885392542, 4102803014011114, 8320505886288807, 6941962611362306, 5461965645259733, 8638347247994909, 8325043487625628, 9407850133913206, 2208668595967274, 5446056526232937, 1215252430610097, 5535084537966152, 1304168434067852, 3041912238020196, 2564447985578240, 8985892726162913, 6623547499294919, 8026961810708333, 685026006396900, 8096814850941214, 1574019744104539, 9141152821244971, 2250605966912684, 2327377931221708, 9279682825987299, 3022808444597220, 4671012170721479, 3889296164759413, 2470632506016426, 8792862469259840, 4389952737521400, 5937785831154271, 5527004916550281, 882223919409105, 336663091685568, 6922418451574008, 2336046445020689] 
Weights: [3696091755124652, 718843102014194, 3645794401257780, 6483499555252961, 4104157263736099, 5180486433702671, 2353899276651516, 5362026334442254, 6831200647839725, 6346843858476129, 5334798262209682, 3094550902370241, 5019294041741836, 5882014757207449, 6835183173403981, 5069625399501615, 6433744067555871, 6954500472530587, 6557656587242888, 6840434929982086, 6839355438561007, 5629014991566154, 4728281749673259, 6815895518658227, 3131552897372625, 6694730975271357, 6937551598195977, 4618680053488428, 2527752919832290, 3923359411254813, 2004541906650152, 4101956888855384, 2171137371435249, 1161218864250154, 3792844949537732, 5651130475016424, 1336531388107906, 3487718152847258, 3921650060862168, 7169959313349140, 6733982884091974, 1599921072007760, 5597795193936456, 3075148055265440, 3192326030437929, 3097401573887142, 4032537073768454, 4867350451683648, 7194082981485834, 6894254797754158, 6759025105648982, 4231673534484724, 5166947779738618, 4522747417359150, 4337636076613781] 
Capacity: 7371351710273140 
Capacity ratio [capacity/sum(weights)]: 0.02875 
Maximum value for profits & weights: 1e+16 
----------------------------------------------------------------------------------------------------------------------------------
Number of qubits: 108 
Profits: [8112878299325728, 5249837309461544, 4814770483145051, 5832229392459334, 8869806236745862, 5739071190575158, 7749577990410125, 9448608949573467, 8127057997229097, 8581732716700907, 6102463513256354, 588832123191643, 9863772574214779, 4557500318855886, 6610133811318010, 3731524565524322, 1841833802977475, 6292901317528404, 1888084351775357, 5763418577755394, 7928486885696123, 7377081795105127, 2926955273501300, 8122168013416968, 5045880947950668, 8362053860509277, 4331279004163173, 5475918819220595, 3072399988730004, 2665682158992451, 8761536253506674, 3999044804776363, 5402835230756919, 4646293335918239, 5879902171858688, 6034574061559509, 8263804528409560, 9226509423406561, 1250401999287021, 821298758215380, 5792855875124707, 2807729344893871, 2099332915502209, 9635655502867424, 374550049412743, 3252711165627446, 2624850350107058, 3984941708221848, 8681607044519244, 2983325576297479, 4661266930842187, 4583647777325398, 6588698703796857, 1466866062282484, 2632197133464433] 
Weights: [7410663477137513, 7722302589592634, 2319846266349347, 835942292078041, 5346464684964124, 6205025896290036, 1858030420878970, 7611258213294243, 7389165943724162, 4025331592579727, 5122729208953438, 4607152652570041, 4670671892454512, 5250005582404599, 6090697254899272, 3786262411041789, 7457203741845462, 3207476761417640, 5483631722780252, 4123876656892023, 6015815140869496, 4942393153629616, 7812923460614047, 3698875448071609, 3419418053277211, 3758527619040417, 3939865832464059, 3422759547713447, 2912555047751824, 7163726604721214, 6482445777605111, 5047604847710229, 6852458130576777, 7722396591239140, 5237309145144887, 5078850279775414, 4574303808185365, 6471484746382117, 3332762588634632, 5477686940056258, 4468426937507232, 7781067492655257, 5142908253734447, 5685591860991875, 7744515053982790, 4015640530514364, 5363401440378592, 2893663060458477, 5219011054911841, 5049852571056385, 4111689421997211, 5434063741497110, 1558135286060832, 4608852899592518, 7215727055851640] 
Capacity: 7849081173849982 
Capacity ratio [capacity/sum(weights)]: 0.02875 
Maximum value for profits & weights: 1e+16 
----------------------------------------------------------------------------------------------------------------------------------
Number of qubits: 108 
Profits: [9742026353498261, 7764969067878573, 2160190661705852, 2553389191011700, 3298736241190110, 5318758585882535, 9924114317867047, 4064565275919917, 8247155649546185, 372002457225589, 9576983216200790, 6287624113404765, 9873944092419858, 3075323699815, 3659742924886692, 3649208825666674, 9134809047770333, 1252527382493944, 9700329153549138, 8698347058909770, 5125692686220177, 402144111747120, 5749524632005141, 5735538366467272, 8209662048197523, 8303761375025925, 8537846566837987, 946976814259658, 231312308687467, 8801948016050641, 8028110958791650, 4783924278268271, 1247460758161573, 5738195392539630, 9076718874924357, 9151326600373738, 4207001770353616, 8228914640265514, 9140547007352886, 6834275663927144, 1388430053542873, 5034302094515999, 5729184397273965, 3441021793215914, 8271088406601670, 9401451198289958, 4271398107461525, 2381241903868180, 4956738693192298, 992887450868661, 4243453848064059, 6297780744689192, 8529229733436585, 3367083646315983, 2849044226187730] 
Weights: [6987463179834998, 8030507580619995, 8128151626149262, 4218100551450960, 3461793605807859, 6734001915645843, 4433696908625974, 5007505634740811, 3473452820301154, 5282817951997307, 8045938068057755, 6943054298106480, 6438367321086421, 4232418213874622, 4395570719520112, 7733989520713812, 5565680136079802, 7559741540246912, 3357407767077255, 3459615829288744, 7328511910868237, 3702216012386756, 487645637145897, 6543056055357079, 4833277917317094, 1085585212720182, 7232668217582684, 2725934734899239, 3786813406322022, 4128265047334356, 4854125098156108, 7275390464948847, 4823169433204924, 6200925366302521, 7084148478824095, 7898463245883791, 4769997361312526, 7309019190893359, 5146335412089415, 3697503983891005, 4399797437029203, 4454995696825670, 7207659299742149, 3986452549042458, 4932467400611948, 3649512002071894, 5188829506362933, 6053916304058712, 3796995435965464, 3138347622082919, 7914974757027991, 4024141789292738, 6030050848954214, 5662959041243569, 5939668063899926] 
Capacity: 8196781656683377 
Capacity ratio [capacity/sum(weights)]: 0.02875 
Maximum value for profits & weights: 1e+16 
----------------------------------------------------------------------------------------------------------------------------------
Number of qubits: 108 
Profits: [8283884306399004, 8361771100371749, 8730712315235340, 4973376395821317, 1239024243538950, 1318569165874248, 6607141780700050, 4429257635420144, 5415574444138410, 9660344392484982, 4606744707494848, 1504710022969716, 8621236555470647, 9320557042590710, 5691652136045434, 5280510016344317, 3724853505663316, 6442195952152621, 9366121065158082, 6195092105141726, 3992637584928336, 5633648454076656, 9644454009066450, 8389187348957486, 1918760390225732, 6524212220401440, 5276702621833387, 5516251567282012, 2954422076677777, 6586456677013157, 6570100187077724, 81264570808629, 586718567187020, 7678031525325695, 7207290354887603, 3337806438857316, 7593166115282659, 6517141227733297, 1591063611462280, 8164002005488547, 5631398193675905, 4704515303546999, 9178743510155772, 3461378596033171, 4381537015765581, 805154824238606, 3389275180231100, 8292760459284169, 2171265434907589, 6071221419114344, 6859950638637767, 3561891220356256, 5480431075962229, 6725572583362259, 5279027096890873] 
Weights: [2392833906572224, 3694071431018455, 3226721696561509, 5680028467409563, 7125130721127962, 7293890167210398, 2803394343669554, 3699967881451139, 5950634497007783, 3418658341527156, 5481160189949786, 6151338138229027, 5764339660626265, 6188189424174656, 2768173273562253, 6294143325819246, 4957156580305992, 3850866032179621, 3755503949854974, 5417387961066043, 2507667586100571, 5734888104984632, 2430896064725441, 5815165545480540, 7084578411489848, 3878682401122981, 7192995845251515, 5220002065294777, 4295793144354911, 2328497555570232, 2412557393146542, 5442151339019544, 849511304574718, 5226130754970842, 5006967027165014, 6225901257312634, 5040960787185039, 7355773816745645, 4154644320640392, 4478187149599321, 5644386659780028, 5319056349612573, 4100391571234293, 4949257890988695, 4874132559996663, 6129477604734028, 6576033318563812, 4100450303454374, 3681291734925757, 3362488643441861, 7164931945952848, 2625186044024900, 3248111581688081, 6712978455666147, 5865580361075030] 
Capacity: 7391994120581249 
Capacity ratio [capacity/sum(weights)]: 0.02875 
Maximum value for profits & weights: 1e+16 
----------------------------------------------------------------------------------------------------------------------------------
Number of qubits: 108 
Profits: [6071688970766584, 268840118136143, 7547179391233839, 2145290985963470, 9910675757243036, 1809792477469122, 6550618006789650, 7756125865655141, 7806687816495305, 2177151719672722, 6499218173415355, 6227958070859831, 353750843180594, 5450892801266449, 1536017086463825, 494501708850763, 9325898386222094, 5150583770837356, 6131070640020608, 307821675799248, 5513941198576437, 1588341840284298, 7677596895581846, 630623649618079, 5474847232788118, 8348008638631233, 3178864122987873, 584722667791321, 487892189159728, 220957242923485, 248935912680502, 2376253721785163, 8297112995627967, 7582898696545598, 2006364093141291, 6608695997822001, 3492305985168468, 1819110240141004, 9975902397465706, 8205688287454515, 8832272548013308, 9877609096974234, 3775351469554004, 5906422478162020, 171298834649054, 9256766140581329, 925948474941107, 2335603752702013, 7909266612927713, 8875294313968246, 2140439578022934, 3938814875801425, 8270125341479890, 8817772188980074, 6296787395733890] 
Weights: [1574626573999067, 5147183898178259, 5323824000201657, 5546670205715475, 7310957271811184, 2546234924522995, 6424687037233754, 3720725751826171, 5966195478137229, 4379883813840505, 6643532634385451, 3493486586355085, 6055589402728011, 6354149232776844, 3719535700051437, 3064794203680506, 4612241561245339, 3920201434176517, 5893911338049609, 5900215760205846, 4539141667444141, 6825392327932915, 4869455716813749, 4261238611391440, 6927747352026392, 7274014685973075, 4625495076084641, 2763389095629091, 5171442926788161, 3799423993933798, 3292341787962471, 6874519494688786, 6407291585920207, 2778336957170240, 6330316316527909, 5383097262579704, 4097244143989449, 2965017192499123, 3476756267386629, 4754737110153302, 3515385795036363, 7150147530916084, 2602816105774876, 5371132034081942, 6253142486385813, 1735845413827832, 4024303136675158, 7028565170494818, 6094695203174688, 6858414521118638, 2954863598042300, 3127403940885995, 2828571268653558, 3861799960756721, 2989876384441700] 
Capacity: 7430278300972276 
Capacity ratio [capacity/sum(weights)]: 0.02875 
Maximum value for profits & weights: 1e+16 
----------------------------------------------------------------------------------------------------------------------------------
Number of qubits: 108 
Profits: [491482026727957, 8374481921752893, 5903822801215325, 1411347803414713, 2612146529641745, 6012524465470407, 4011263213246635, 47376638371616, 2438976129463139, 8682052545204092, 215262641856589, 7509111983106584, 3422159469878990, 9983709071088205, 5672093084597396, 7697149006227680, 3606483257629708, 4557197540006548, 7715426857926603, 6487539048187179, 2456438665896961, 5312849916505575, 1362878834679595, 4949548859038440, 2869470457292973, 2372087670062914, 8663673195027534, 2397525121135344, 7995389283170132, 1592714383496530, 7340204509585089, 9657937802929145, 3669596874172987, 4118973553313227, 678695835275870, 9080158454425442, 9469218259363388, 6584068129315024, 2197355364045363, 8282428509203538, 953680277449866, 1554361437104490, 3473713346471368, 385514822124114, 4537180829344899, 5669029300247756, 9084724137550287, 2107693930469541, 4424387714454374, 782008837303201, 8188782426487137, 4449671757468393, 1995542519384104, 6381719950237830, 2568775957523372] 
Weights: [7188520911102684, 6287641798498054, 5875019983370191, 3484623196166433, 5021535377465582, 4146785317405531, 6476400776058213, 7739617905977160, 7053747742694492, 4012970853863270, 2212866124451898, 7238889194514264, 1614219485233744, 4784880609408188, 2890552348634874, 4622511113914430, 7868721973670551, 5270265024611596, 5816670338057436, 1280850471471245, 7096268740826812, 5090835802226224, 5381728811375627, 4900201173507760, 2514968874484775, 7272121241055791, 5025405088384998, 7671079479980721, 4465407364563308, 5554419400631687, 6209851462544170, 1375344971132753, 4640877869089144, 4501927528685386, 4508205609957791, 4743819563580374, 2275392739739879, 6036356597995742, 3944613912600358, 2909444372270514, 6855577082603122, 4304357724370851, 6454363861718254, 6721385242306408, 1784890956869628, 7677240163981760, 6669374257738369, 4789552158481056, 6712750957189153, 7138936645478255, 4107446646901630, 4118360991103784, 4205853591192973, 6947016880531863, 5117905387171444] 
Capacity: 7923148971041101 
Capacity ratio [capacity/sum(weights)]: 0.02875 
Maximum value for profits & weights: 1e+16 
----------------------------------------------------------------------------------------------------------------------------------
Number of qubits: 108 
Profits: [962900212789820, 4979102854314134, 6667543263280077, 5662817539823183, 4311130116144611, 5971106784480346, 7756722997806852, 767922723831033, 793414558202742, 8862632917586870, 3174308368730284, 4632198310549739, 1228977270203094, 6970336519461624, 3804622000977901, 3857025820523095, 6129795176000661, 7341851706353636, 2955173611569224, 5855842548133088, 2302492451848672, 9750177002666382, 4652269494822686, 8302875763731435, 4041430258422213, 3680895881561695, 5420384388139457, 3342573772068537, 5796959230064007, 8247966777859509, 6547149581910819, 7776572356163107, 245894452609356, 3048462908395473, 7327931570698272, 6726642634002977, 5167147181834124, 5264146790308776, 2908779197190108, 7255413847136243, 7428616501654789, 1829866744106423, 2240455656417695, 1388352539798618, 6926059990417734, 8696676446324383, 9979907591291034, 9630230683532870, 3434700141948189, 60497096305886, 592965847782697, 9037051224669356, 8696904753957012, 8148313788762952, 540367233924279] 
Weights: [3341991941918782, 6531893473968650, 6961117115395004, 4791848458826032, 5968614358699203, 3924305745363061, 3941241549983450, 5496068216806534, 5694124702068399, 6469661858847516, 4903414100983956, 7546629897067443, 6178163199342829, 7956885236064549, 3127549691206830, 6412087490696613, 4014016282045215, 6771238697529627, 2942174730699639, 7729387278754104, 3894887214594854, 2749225670176985, 7504684126246967, 4195338587598169, 6158969148108741, 6230807082894418, 4128578893035926, 5118107276108411, 4913871391515269, 7537104505224260, 4392133518881728, 7428634161008277, 5939276366890665, 7065838800251017, 6153105287474684, 5449427449016711, 7757952633428015, 3409266672009747, 5605169388752934, 2789982421799914, 3018638804677968, 2023144220451615, 5820189918667218, 6967987233449704, 2400329057918236, 3751625872266498, 4718824011736993, 2578317419426353, 5384449712404944, 2133793232165466, 2775356319029532, 6214032891983066, 4511357919593567, 6117501713982030, 3531915659061803] 
Capacity: 7984793199874495 
Capacity ratio [capacity/sum(weights)]: 0.02875 
Maximum value for profits & weights: 1e+16 
----------------------------------------------------------------------------------------------------------------------------------
Number of qubits: 108 
Profits: [3293616518489543, 2777526385165548, 6354160154502591, 8741523925094161, 419205123437050, 8565591133800497, 2083682902847370, 4093003928104070, 1000438834297634, 8054535981296603, 6181975352173539, 9840648826482310, 2609088627734798, 642843967073406, 5186897196630611, 1652663773134976, 3126515137274512, 9120406588645422, 4090962664164722, 1305574959059873, 5663909085653881, 6320617492400756, 6945372607295690, 9947603024462624, 5625361924455093, 4110867347939404, 1318192705683957, 5158312898748999, 1677813898882932, 1323869978017211, 4116965845076588, 4024317694189709, 1492104816827460, 8453756212550837, 3694547116083789, 6809161553942772, 7861451332416128, 2675916589009321, 8681316113490790, 5444900631441724, 5778538807906322, 6214025188104470, 3603400321601558, 9711372287584382, 749819610711989, 7000993359152294, 3157122184018999, 4247775285781009, 4157977471024968, 4046836662428954, 995916492451587, 4628701165473505, 5309146200387736, 4901142176216014, 6457626449225803] 
Weights: [6475024066774662, 7193545926200999, 3598805491042168, 2771409890684920, 7622035519307287, 4902206086099271, 6657943079642042, 5213831828749898, 4721373410181771, 2884179773786646, 4190432718175011, 4537079148779465, 6652487328822572, 7877913285808456, 6283627506787335, 2685793618162077, 7596307595317194, 4484499562904247, 6301653200657961, 5044835693424964, 6418580359399842, 7711901645611133, 7666020053519982, 2301087580760678, 5740154962878056, 5350208529867347, 7814327249482314, 4868185473555599, 6989285960387269, 2814339441660452, 5016051161087447, 4995631774546559, 4353063631596386, 2685253322108249, 7611907691399882, 3536902542767644, 2896523693480651, 7711951105823410, 4801686791303653, 4093134242540888, 7009776693360565, 5080705857874838, 3764294517525028, 2893386295531579, 6313720670408958, 6895011085959358, 3620627954093729, 4965083539322207, 2510687395231464, 4454100524458240, 6439998534608465, 1739480331901405, 4017548912778582, 2691793559426987, 1158164087794747] 
Capacity: 7921290110823926 
Capacity ratio [capacity/sum(weights)]: 0.02875 
Maximum value for profits & weights: 1e+16 
