Number of qubits: 40 
Profits: [815526, 970427, 276469, 540688, 162011, 133461, 595107, 657019, 603597, 909157, 290881, 900887, 442175, 582086, 574187, 706768, 147017, 999863, 228013, 261918] 
Weights: [542646, 549237, 576173, 464966, 372893, 577323, 337713, 446286, 135046, 780903, 797081, 322449, 720285, 407462, 718712, 433084, 649211, 668246, 704289, 567741] 
Capacity: 818038 
Capacity ratio [capacity/sum(weights)]: 0.08 
Maximum value for profits & weights: 1000000.0 
------------------------------------------------------------
Number of qubits: 40 
Profits: [891935, 501422, 11559, 229514, 498425, 976644, 579064, 98562, 768077, 700553, 793276, 977305, 442697, 7317, 201706, 569406, 84157, 75745, 894233, 783617] 
Weights: [630657, 424003, 239681, 660618, 622896, 777941, 734305, 610071, 351858, 384340, 658305, 309369, 465432, 540835, 722568, 362818, 197404, 457488, 600080, 403850] 
Capacity: 785042 
Capacity ratio [capacity/sum(weights)]: 0.08 
Maximum value for profits & weights: 1000000.0 
------------------------------------------------------------
Number of qubits: 40 
Profits: [303949, 708599, 472406, 660953, 14024, 136774, 175801, 256134, 674422, 311759, 563385, 910194, 190533, 910982, 715315, 210106, 769859, 69718, 692916, 503198] 
Weights: [582498, 497007, 387461, 382825, 547237, 503937, 498150, 536924, 676182, 485155, 478600, 686233, 523504, 534734, 369491, 234804, 247193, 164690, 429854, 666879] 
Capacity: 705244 
Capacity ratio [capacity/sum(weights)]: 0.08 
Maximum value for profits & weights: 1000000.0 
------------------------------------------------------------
Number of qubits: 40 
Profits: [105530, 230875, 188499, 875191, 544017, 426636, 633567, 911910, 649323, 120759, 562923, 822727, 322092, 55771, 856789, 367053, 649759, 278424, 110473, 354460] 
Weights: [475183, 471907, 212198, 798102, 485754, 512832, 817762, 600308, 734457, 750681, 651590, 809727, 155849, 477865, 277141, 684506, 462243, 543991, 479274, 485842] 
Capacity: 835112 
Capacity ratio [capacity/sum(weights)]: 0.08 
Maximum value for profits & weights: 1000000.0 
------------------------------------------------------------
Number of qubits: 39 
Profits: [216603, 263761, 465768, 281814, 502128, 477102, 438246, 642863, 584146, 570910, 988262, 411986, 109636, 658109, 724300, 447903, 605586, 400438, 499504, 899083] 
Weights: [451408, 507997, 132799, 371866, 371369, 439173, 229032, 338956, 262068, 503961, 298013, 511145, 236327, 447745, 223456, 267710, 367316, 307889, 122230, 475309] 
Capacity: 511665 
Capacity ratio [capacity/sum(weights)]: 0.08 
Maximum value for profits & weights: 1000000.0 
------------------------------------------------------------
Number of qubits: 40 
Profits: [405529, 458849, 860496, 990573, 728788, 789240, 109372, 793219, 646329, 642353, 739097, 225215, 500028, 373631, 160340, 436888, 363117, 302520, 906429, 286026] 
Weights: [192570, 209883, 821445, 876691, 392432, 671601, 669208, 641973, 425342, 764103, 565185, 697490, 486142, 255929, 815326, 321495, 758013, 718180, 781690, 170426] 
Capacity: 891509 
Capacity ratio [capacity/sum(weights)]: 0.08 
Maximum value for profits & weights: 1000000.0 
------------------------------------------------------------
Number of qubits: 40 
Profits: [760995, 710906, 552268, 579101, 120957, 41742, 757875, 237238, 439877, 708113, 67444, 859767, 523913, 954057, 399346, 89546, 96788, 100607, 751257, 726105] 
Weights: [608167, 225213, 746297, 675525, 373172, 757210, 479746, 630913, 644036, 574969, 697407, 566696, 224436, 358346, 786435, 218135, 415550, 648056, 217213, 202495] 
Capacity: 791719 
Capacity ratio [capacity/sum(weights)]: 0.08 
Maximum value for profits & weights: 1000000.0 
------------------------------------------------------------
Number of qubits: 40 
Profits: [18486, 228950, 919771, 791856, 331601, 997750, 897245, 882915, 917475, 58411, 846449, 2156, 967843, 242448, 806012, 613387, 972722, 836447, 583388, 878624] 
Weights: [713082, 322100, 592952, 693659, 474126, 619967, 623125, 382310, 365937, 418833, 753127, 381165, 723944, 589849, 756330, 582717, 303438, 420191, 844865, 63745] 
Capacity: 845672 
Capacity ratio [capacity/sum(weights)]: 0.08 
Maximum value for profits & weights: 1000000.0 
------------------------------------------------------------
Number of qubits: 40 
Profits: [364400, 781259, 636481, 78807, 566817, 880395, 598159, 112046, 665154, 195652, 328257, 612955, 180693, 204460, 662720, 549670, 861843, 735791, 950234, 296668] 
Weights: [306924, 338332, 501237, 477504, 472457, 498506, 107368, 250574, 572877, 394843, 494869, 481792, 625026, 430850, 309720, 475706, 399358, 572437, 204701, 574085] 
Capacity: 635278 
Capacity ratio [capacity/sum(weights)]: 0.08 
Maximum value for profits & weights: 1000000.0 
------------------------------------------------------------
Number of qubits: 40 
Profits: [573729, 189403, 769340, 531840, 816527, 925297, 131896, 253630, 878411, 964571, 181598, 610205, 597221, 768838, 651531, 556009, 741901, 865722, 787798, 989792] 
Weights: [110789, 229798, 905334, 433352, 413510, 661790, 739758, 725824, 826616, 408238, 840042, 815443, 876902, 284083, 370034, 403393, 737520, 789522, 758272, 860093] 
Capacity: 912427 
Capacity ratio [capacity/sum(weights)]: 0.08 
Maximum value for profits & weights: 1000000.0 
