Number of qubits: 68 
Profits: [7582783956, 2914445114, 8604657234, 8506119324, 6302740428, 3726302009, 6134473320, 5771705534, 5784698558, 9591977652, 1305184068, 1340676634, 3274568258, 1437296244, 777644885, 137552765, 7974438538, 4130249592, 9514035765, 9733627420, 7437702254, 882184713, 5668103293, 4613615643, 1791107891, 3263060123, 8895811442, 8712058746, 3395312160, 336239889, 3760392376, 9655061401, 8204547659, 2104375333, 1296180001] 
Weights: [2933243680, 6797981232, 5163500301, 3602255502, 3419530849, 5225827714, 5142692312, 8013539219, 2554022613, 7332152515, 4953096297, 6313604072, 5449613306, 3751351159, 7759025309, 5330513727, 3859689975, 2752294444, 4513054072, 7852348237, 5169727306, 8074132775, 7309883187, 3864119379, 4919966151, 7276887440, 2861688200, 4233986256, 2593982341, 2438260668, 5072013404, 2259996106, 4359562600, 2628211333, 5468291050] 
Capacity: 8292191750 
Capacity ratio [capacity/sum(weights)]: 0.05 
Maximum value for profits & weights: 10000000000.0 
------------------------------------------------------------------------------------------
Number of qubits: 69 
Profits: [411438250, 5455114910, 8528755410, 3817199296, 1057368595, 3233030551, 8475513346, 6048680043, 3216653739, 7945362400, 3790522700, 7777835941, 5858383116, 4182597261, 154032903, 1657566296, 3634627512, 1224862622, 4281619345, 186244466, 5397635169, 8830945257, 2009256911, 2197439028, 8915990968, 4057143997, 995788412, 7161155691, 111651379, 221833010, 870616420, 3810805978, 8244750267, 6639346146, 8458111838] 
Weights: [3739574111, 8765988607, 5721231175, 2577190310, 3566034095, 8105688570, 6682554770, 3257338339, 1082363290, 9497321667, 4842323231, 8164297384, 9311881286, 8584999225, 8346982723, 7887291993, 4727042567, 7696439869, 2353025856, 2799147605, 10073097157, 4220869006, 9087720208, 1554324830, 9625447284, 2131618149, 3809027572, 8451971446, 7648406343, 402292884, 7397142447, 8473825142, 4562134951, 9869741252, 5219697683] 
Capacity: 10258066347 
Capacity ratio [capacity/sum(weights)]: 0.05 
Maximum value for profits & weights: 10000000000.0 
------------------------------------------------------------------------------------------
Number of qubits: 68 
Profits: [9502462399, 5484150876, 754070068, 4130981747, 6922038671, 1213206343, 7937289809, 2914930996, 5733706773, 1264433593, 4966461363, 6479080557, 2246444399, 2140862798, 4383560862, 6918097992, 3319046258, 1232263485, 2360520337, 877357047, 9892960519, 1382727673, 6437881225, 6645865079, 8566840510, 5716898734, 2459994220, 153391585, 9381657553, 9915548202, 5576483367, 3519174357, 2539554203, 9826476053, 7140215413] 
Weights: [2564486877, 2900702452, 6450106569, 7212430871, 2476970180, 6704126649, 5645298203, 4257301117, 4367519786, 2631238289, 4013778629, 8182486241, 3880287721, 2544473264, 5634382984, 6525357750, 6836010583, 2365336553, 6999986736, 6244134867, 1578006778, 6219254730, 4687917836, 1007148180, 5603055528, 3164304463, 7086930289, 1611968174, 3711576223, 4152546043, 7803690896, 5760414690, 7929212886, 5144742133, 5255112220] 
Capacity: 8199436611 
Capacity ratio [capacity/sum(weights)]: 0.05 
Maximum value for profits & weights: 10000000000.0 
------------------------------------------------------------------------------------------
Number of qubits: 69 
Profits: [8388429545, 6125390031, 9066614733, 66744971, 3174655157, 4222850446, 2180662112, 6071522802, 6398119960, 6856818793, 3536542976, 3576882069, 8505695008, 1323655506, 7234693286, 8849554374, 9007852070, 2073751085, 5892497914, 9431031831, 2288133580, 4796561584, 7309052537, 5162733468, 9681563576, 3796928824, 2497162118, 673496111, 3362659903, 4391879238, 9228275045, 4566641541, 6711787976, 6625062633, 154200130] 
Weights: [4166977732, 4999437371, 4494974555, 8049115677, 4758227877, 3132464561, 2197663356, 7564883525, 5292519384, 3244951688, 7333707255, 2264889407, 7947077245, 3262486950, 5734070368, 1068252946, 4046170981, 2332206869, 8630982845, 7913466244, 5066336261, 5097699416, 3719840238, 5767724055, 5503261300, 8451030749, 1933600194, 6739086189, 5151170229, 5780231379, 6766432775, 5804100815, 5490756119, 5244411854, 1749178680] 
Capacity: 8757573287 
Capacity ratio [capacity/sum(weights)]: 0.05 
Maximum value for profits & weights: 10000000000.0 
------------------------------------------------------------------------------------------
Number of qubits: 69 
Profits: [6091370219, 8248912777, 2561049759, 7851424070, 3446326162, 6258442163, 9086505342, 172825969, 6324687167, 8348184199, 8194507309, 4156183759, 4488775419, 5071857763, 3889821758, 3242822346, 3761679878, 7592991743, 6699717372, 7328259262, 3367879183, 9941836344, 7593704964, 2865434671, 382608099, 4128592191, 7289096965, 6971796903, 3098600596, 9887749029, 9389139430, 6474625670, 3725435572, 7563299250, 4677557067] 
Weights: [3980515863, 6377607394, 5781242552, 6504595229, 7135015389, 5825142777, 5632631510, 3022781902, 4014023140, 3352303074, 8305783320, 4696729378, 7790144015, 2944145924, 6812996261, 5485476830, 8287584401, 4385076660, 6539658367, 5056428496, 4201872407, 8591980775, 3497296706, 6198042991, 5856337136, 8200903327, 7844460181, 9332619128, 2535213520, 3017986217, 8954300837, 3350529941, 7468507383, 4690216189, 4510338947] 
Capacity: 9790194256 
Capacity ratio [capacity/sum(weights)]: 0.05 
Maximum value for profits & weights: 10000000000.0 
------------------------------------------------------------------------------------------
Number of qubits: 69 
Profits: [1993326975, 2135993658, 5336796757, 2202603979, 1692751506, 3246351579, 5673775592, 5868314604, 4756939662, 8904010791, 3435408780, 2401171965, 7011879856, 7900273274, 5447386113, 7607036135, 975126301, 8184959159, 3023447726, 2885537871, 2461491149, 1179487629, 7188783903, 1750194969, 3491043500, 2546768390, 2886423929, 6120840020, 3782189826, 9148601095, 4051292925, 8720425787, 1891674059, 3270442858, 4335472898] 
Weights: [7901408438, 7465521607, 3558766266, 4556981230, 2308548520, 3122725306, 4466203491, 2309676826, 5612362699, 7572909380, 7606333972, 4137565348, 3352242698, 7083111008, 5219965955, 1812954487, 1200019529, 2951492544, 5465056201, 6884851093, 8622466585, 7041136206, 5331262158, 3901932472, 7630217019, 6053567016, 4974825189, 7311983335, 8553236704, 4760694067, 3400342462, 6610200822, 2210154463, 1576194744, 2860593849] 
Capacity: 8636894575 
Capacity ratio [capacity/sum(weights)]: 0.05 
Maximum value for profits & weights: 10000000000.0 
------------------------------------------------------------------------------------------
Number of qubits: 69 
Profits: [4185605530, 4148933426, 8277189530, 576783949, 5015158034, 8881506942, 1794143057, 9425064862, 8636687070, 3293226450, 3312458535, 56806298, 7815432294, 7502541547, 4087994863, 2515125319, 8916428545, 8822365519, 462292994, 3981129472, 1932603764, 9551894148, 3346945473, 3414629487, 792722449, 2685931167, 8556407431, 499370098, 5564387260, 3075878352, 4750843908, 4387087410, 3558540054, 5153458503, 8653550645] 
Weights: [5329826324, 7897741809, 2869688742, 4063675285, 8655367434, 5663345178, 2290951567, 2304569082, 1983684936, 8276468411, 2921260710, 6786356179, 8243683009, 8237787702, 7132524339, 6447180753, 5766015420, 7880944946, 7615532920, 3037797522, 3101956928, 3825956452, 2878203607, 7012033721, 8291863420, 2340138755, 3095469877, 3939650683, 1871542851, 5101026840, 2787530109, 3387909441, 6766752962, 6212401345, 3796141520] 
Capacity: 8701906011 
Capacity ratio [capacity/sum(weights)]: 0.05 
Maximum value for profits & weights: 10000000000.0 
------------------------------------------------------------------------------------------
Number of qubits: 68 
Profits: [1130449829, 9277309590, 8415432297, 2605774101, 7284051951, 3532436008, 9300073273, 2405293194, 5931303873, 9177257864, 8401080643, 609772775, 9278127952, 7911019746, 6011617774, 8361569722, 9043831575, 1566841025, 1642372830, 7559995069, 543944779, 4138932012, 2399445494, 5364759098, 7745354082, 299856572, 9494064269, 8287361426, 608196460, 861562195, 2835903237, 1168523654, 2305019331, 187223700, 1538286246] 
Weights: [7666269370, 7520773629, 5925429680, 7559127974, 2087084443, 5560274516, 1415306240, 1637321547, 6099322218, 7232681878, 2437248418, 3144696512, 418606783, 4404318727, 6454643427, 6913098793, 4841407987, 4644219613, 8256783372, 8260832655, 6116768164, 6229170787, 3126397596, 1563384814, 2681023445, 6307991555, 7921096874, 2906212876, 3386058927, 2457785383, 7823210089, 1292028604, 7111825246, 6168539133, 1331218231] 
Capacity: 8389907324 
Capacity ratio [capacity/sum(weights)]: 0.05 
Maximum value for profits & weights: 10000000000.0 
------------------------------------------------------------------------------------------
Number of qubits: 69 
Profits: [4281017698, 3019308905, 1299079716, 561500613, 6265978512, 5912178862, 4043843466, 4541029204, 3436898786, 3459312582, 5888037521, 2593571205, 7886606083, 9880569396, 7783109669, 551220030, 5756968943, 4862160613, 6379467910, 1171034334, 1642687773, 8969914412, 2227832701, 819778738, 2998563510, 5418194987, 1528485229, 8581403491, 8210521664, 6432054451, 6339968337, 8879186739, 3948597875, 6328996281, 6576745616] 
Weights: [1861064184, 4689781320, 3480104291, 8419414449, 3692757064, 8463690561, 3673319303, 8014462095, 5717225049, 2838830959, 2337457087, 4977077308, 2314974688, 7600525203, 6080111741, 3475636132, 4152870822, 5539338407, 5046704178, 3724062980, 4364789350, 5035357617, 7763264154, 6326739772, 2458628487, 6902699141, 6765117320, 7946514896, 5534671100, 8225973151, 6815234399, 2730147422, 1514442651, 7303720370, 7808604152] 
Capacity: 8808131299 
Capacity ratio [capacity/sum(weights)]: 0.05 
Maximum value for profits & weights: 10000000000.0 
------------------------------------------------------------------------------------------
Number of qubits: 68 
Profits: [2404804341, 1203853576, 2271206544, 3988512927, 2529498376, 2827535224, 2196384876, 4057632187, 9903126143, 9817226683, 5842558379, 7551690060, 9029857666, 9769376814, 7529518678, 8205052427, 5563830628, 3146184998, 932623733, 3870394455, 5985753443, 9341173874, 4692883292, 3728722174, 1843068390, 7873799293, 9388472585, 7481856842, 9928016654, 9277649614, 4374727376, 7446804037, 2291447926, 3782217655, 7142106756] 
Weights: [2539900345, 2041490887, 5575828096, 2856418973, 4993810542, 5856023130, 4552796579, 3700413956, 5920925970, 2943546793, 2806503052, 2375069312, 7132553076, 2723229045, 4840525877, 6486602546, 6140726773, 4984969901, 7352978258, 4220441678, 4676911457, 2249528150, 5195622355, 2041826699, 5347972830, 6725651558, 5982434154, 4794194760, 4546797759, 5051235027, 1095989959, 1985371483, 3878982267, 6818955303, 3620208151] 
Capacity: 7522946858 
Capacity ratio [capacity/sum(weights)]: 0.05 
Maximum value for profits & weights: 10000000000.0 
