Number of qubits: 77 
Profits: [15299085889, 89798753114, 34563556978, 21917128289, 8172547941, 7533969061, 31767929666, 3664311706, 95045581262, 82537620689, 7929608435, 57048558329, 14946497209, 36806066406, 19254388670, 9773790578, 56831396536, 96587927983, 87837340766, 56333991062, 67884103703, 49962451656, 7249434612, 71246866251, 49813511320, 92321844499, 73381577400, 86785663593, 48634380975, 90882047782, 52235567674, 76062437084, 4632197999, 54734736780, 87454178670, 74250600957, 10202466696, 5421358415, 97813153772, 47273585804] 
Weights: [64985507787, 57718302496, 17166419092, 68442544085, 54635921681, 38398660085, 41053288693, 46342549982, 50466919582, 54106049394, 22254946822, 48404957045, 50788793862, 53918702112, 36066395159, 25449386085, 36669739257, 62401399026, 49998186805, 59380387930, 43116001871, 45763118492, 58921996354, 67814727731, 25946320414, 75562752799, 49964834499, 38693044900, 60364416326, 53529034918, 59227552781, 52670155866, 60992572387, 75925814996, 58954314271, 60815831491, 32929472152, 37520419231, 2079021128, 9479796168] 
Capacity: 76054695337 
Capacity ratio [capacity/sum(weights)]: 0.04 
Maximum value for profits & weights: 100000000000.0 
----------------------------------------------------------------------------------------------------
Number of qubits: 77 
Profits: [70131743147, 67719584513, 62869999723, 90714851852, 42197887071, 57201381138, 64633957055, 99371261628, 44905291867, 56194839824, 14783361702, 76879040634, 16715553781, 81754026479, 24156988394, 86479571110, 48286562337, 17759052704, 65253563186, 99881687082, 66227238774, 54143443460, 59100700252, 23090996484, 74097803121, 63754630586, 80828839634, 93013807050, 5969006090, 25956419685, 84825002515, 60362585042, 25053805904, 61268623632, 96511459766, 22387629795, 28065184067, 34067287091, 41284225851, 14562589575] 
Weights: [57618775507, 72566121283, 76590414242, 29872711375, 80596081239, 44841668261, 77439771522, 57373563142, 63386813477, 80301257180, 75067275980, 84533884216, 22671527865, 26434678041, 15685418851, 47359932111, 78484796048, 72058703400, 88736688112, 62643915651, 57610457846, 55785656638, 18247557155, 39518966231, 83347261774, 49256302618, 67903763220, 84410350890, 32002120066, 61069452762, 56783331429, 51877832349, 90182979609, 30442366435, 45951448924, 66283701021, 74451339369, 38023695841, 42705788275, 52527394493] 
Capacity: 90459476254 
Capacity ratio [capacity/sum(weights)]: 0.04 
Maximum value for profits & weights: 100000000000.0 
----------------------------------------------------------------------------------------------------
Number of qubits: 77 
Profits: [58918332782, 87963413775, 29098001713, 7310708940, 59418518646, 9459469414, 51589243715, 6052688112, 53070355402, 83993094474, 9834802355, 84817730139, 82388389977, 81097996644, 18721116137, 16071179751, 20270545967, 81548983656, 74863911625, 77336845705, 37284136840, 53295415309, 6612465479, 40675948515, 88076483601, 3985167909, 87883420638, 73876800629, 81770326488, 95628336881, 13867659524, 72151937125, 90592043399, 83820247479, 58365501860, 38955790411, 96901043861, 28785716970, 29739435825, 20724271926] 
Weights: [36578716285, 76435348789, 81618934228, 24863427092, 63040090781, 72484055973, 16193550464, 91091763051, 95500446592, 77886885746, 33079385699, 33337503850, 76566203771, 25361619777, 74240854381, 55094100958, 86291529422, 61021294078, 82779543194, 22607465485, 81791525805, 98064958525, 72051492553, 71885897188, 83193452890, 81547468931, 91231404662, 71526353232, 37788964557, 30332441767, 22122186405, 84937135601, 41537917290, 95022053407, 85278925259, 79563573997, 60958866515, 35020183176, 53663883666, 91692355263] 
Capacity: 98622690925 
Capacity ratio [capacity/sum(weights)]: 0.04 
Maximum value for profits & weights: 100000000000.0 
----------------------------------------------------------------------------------------------------
Number of qubits: 77 
Profits: [97008370865, 35838683464, 33665192893, 95378615294, 26230645205, 50812102299, 4895328486, 17236649623, 8310507270, 50309126451, 21575607295, 48475092122, 25809856963, 98909141011, 279505397, 90557204886, 63319269517, 74468434158, 10997710855, 84802413707, 14112796379, 40698449482, 87177354458, 34311957385, 15375513072, 92446515389, 86687077706, 72571553151, 57396256017, 19709411823, 93174365151, 49020561752, 57487098562, 65236132211, 96548329305, 93546968437, 485845584, 19727527081, 57585257780, 63762033834] 
Weights: [33872985983, 22319492100, 57987594937, 75234854361, 63832837893, 67872062663, 23231941906, 58790564669, 49952429991, 29255985362, 82953203912, 55253838584, 77910769431, 32185880716, 44385734905, 40655902852, 53305963810, 80887769906, 27468060227, 70386243992, 59825361317, 48119815490, 56651665628, 63101706128, 24829369369, 25382522657, 82366345315, 78558272294, 66691703171, 65165878742, 82407041201, 53242147940, 41363930698, 37465600515, 60764720869, 43709088647, 39185936773, 70262566543, 69980497459, 57757546339] 
Capacity: 84702399476 
Capacity ratio [capacity/sum(weights)]: 0.04 
Maximum value for profits & weights: 100000000000.0 
----------------------------------------------------------------------------------------------------
Number of qubits: 76 
Profits: [55714144430, 97223568595, 12665041990, 64306807411, 38401661586, 26465468787, 31214651205, 72650464288, 62295219760, 11963144233, 81040148720, 74357017532, 1020298203, 90482845531, 96091265883, 74066655796, 35290683640, 55582541980, 46763233179, 20028279193, 48949375888, 27660974769, 55070962577, 37632586458, 86076683387, 95758089439, 96584420961, 14636557412, 388947362, 61156035656, 45704406582, 26171810674, 30913688609, 61017151475, 70539430970, 45739611278, 99369412236, 39784640141, 89624804296, 69461532290] 
Weights: [54119971236, 64481192370, 56526640298, 39373683666, 64429096814, 58287041444, 29924454860, 42442101499, 9535607642, 24632202336, 37782881932, 47290045457, 53511510171, 26494288937, 30173511299, 65921636365, 49236748516, 61098965982, 25587838622, 62281731940, 21865192477, 31565079700, 51702092987, 51686229725, 4760686187, 58340535066, 49657739446, 31085485587, 51905987364, 60705549991, 53090843111, 19486494437, 39797444523, 34382115556, 24305004549, 41171748986, 52202334501, 23699134238, 59841569696, 39955637408] 
Capacity: 66604290875 
Capacity ratio [capacity/sum(weights)]: 0.04 
Maximum value for profits & weights: 100000000000.0 
----------------------------------------------------------------------------------------------------
Number of qubits: 77 
Profits: [7239663957, 46479599507, 75060383365, 10286229053, 92682391110, 48175382177, 38575533235, 56671638352, 96135469584, 24440546532, 25036577782, 51798080196, 11029980200, 49268058116, 88150873038, 41311662616, 31231642113, 67040645401, 84962454822, 27991220961, 47725748860, 48510399628, 97539516803, 90138443273, 92941812009, 68048247496, 59839617912, 47040926973, 22215548982, 58373236996, 97610928516, 24353875004, 28856046127, 86099974414, 6252708257, 83373328301, 86114583708, 35370141744, 73350457441, 84427676315] 
Weights: [58059315183, 29261640315, 30024411851, 51722289983, 49537526035, 72039491737, 74290834556, 16104693324, 66725895027, 41857282325, 45562433116, 48845498812, 57567929897, 47753278278, 25671826786, 51008620407, 33625181960, 8687666277, 65345578600, 55999204980, 66160050819, 53135608395, 47426335890, 63621240182, 67043674982, 50931169788, 40869055126, 26275259277, 37866198921, 44609676449, 54864882036, 38426907787, 58724215689, 61644995202, 75920722439, 66191897174, 22334306315, 39719448978, 76392597410, 23810803959] 
Capacity: 76980369889 
Capacity ratio [capacity/sum(weights)]: 0.04 
Maximum value for profits & weights: 100000000000.0 
----------------------------------------------------------------------------------------------------
Number of qubits: 77 
Profits: [75637239161, 64789120066, 95368870285, 4887151182, 53824936574, 15419012510, 36884041543, 43618080856, 60119263765, 86443970261, 50574910022, 1650383450, 51852152472, 85846422531, 66549315428, 4155782533, 77718355130, 67608724599, 40126006207, 97984522563, 51275863804, 54738471051, 26722256732, 23571440517, 9662586465, 54217957991, 71086528106, 52941850569, 35492139966, 98545208024, 84500469496, 46692918154, 58632838457, 58731956790, 84546117373, 77453659528, 87071455944, 73111161536, 55405133873, 79404200312] 
Weights: [52673896319, 49686753025, 62952157593, 32210820932, 32339727605, 56014119526, 20679929142, 43839992124, 67002406842, 72820408956, 38946925697, 42926383412, 46097510053, 41510197627, 53528073444, 64854175328, 67785942485, 5263237942, 65694597547, 48435826488, 63060329092, 36651509865, 69042962267, 40401009498, 36388673626, 48846737581, 72771185874, 14418199088, 36312583705, 51850183401, 32829768371, 46548790626, 32130637493, 37838645347, 51654989967, 38952669174, 65360438797, 57194084772, 45627977530, 38626676149] 
Capacity: 73790582730 
Capacity ratio [capacity/sum(weights)]: 0.04 
Maximum value for profits & weights: 100000000000.0 
----------------------------------------------------------------------------------------------------
Number of qubits: 77 
Profits: [36079843308, 82243707227, 46430691870, 30406795725, 41388537178, 56914482888, 58549907196, 98418122459, 74130939185, 14961238554, 85976269998, 66107423445, 48564255983, 94439769235, 49115578199, 99141307439, 39443293569, 62501038946, 9783916691, 489734469, 28215279995, 54857235550, 96275997137, 95209221997, 20762936683, 5279231809, 26251567265, 35056643583, 61144789978, 48498218103, 70794431628, 46311142681, 65650797559, 67996542639, 11538504415, 96241795556, 49722869456, 38675318803, 4610325841, 38691729324] 
Weights: [59238070868, 43952319243, 48521081933, 39841266620, 29395261096, 29409307576, 57780058723, 66334003368, 70486632384, 47261940080, 31203742755, 35544614351, 29292751920, 52981181560, 24826012713, 54995113998, 55522991253, 62416027688, 34794650094, 58845000757, 36097266679, 28780728983, 48752098676, 36227429862, 28616572504, 65659783582, 32177564041, 54781443133, 35146926660, 70474662034, 59496527118, 43517540565, 43893709165, 71418022530, 44797654287, 40351619506, 41366008499, 58762083219, 42643033820, 23571273148] 
Capacity: 72653647961 
Capacity ratio [capacity/sum(weights)]: 0.04 
Maximum value for profits & weights: 100000000000.0 
----------------------------------------------------------------------------------------------------
Number of qubits: 77 
Profits: [13341306136, 70863205548, 7166410955, 8068169536, 57941292387, 54394426362, 13594923754, 55047002878, 89159363494, 85108282853, 16672360521, 98083629464, 39738144848, 94560763729, 8787948247, 80514778322, 27870251588, 52260679322, 37468848140, 38016672140, 22927562331, 15516627020, 92833947344, 45577087634, 70281818321, 30889562538, 35878557660, 17967637032, 64171494233, 73249193352, 3693475959, 51458077960, 73427870767, 96173446738, 36382664115, 79834420806, 20746326447, 40661064980, 57101496035, 65732536652] 
Weights: [54211120937, 10003228628, 42514206566, 73058883938, 39779804854, 42288499217, 36125580992, 59836213385, 36157886913, 45988470977, 72716419142, 35774804259, 61918727136, 51383044715, 52345569458, 53181622824, 71942796963, 58020793900, 48917233901, 18888464000, 39428161050, 61189520251, 56912928407, 42776817477, 28980739503, 68040357546, 57462334214, 36669808504, 65264170903, 18453842477, 32792166251, 62517669593, 47281948725, 42737944966, 23168937202, 43000502886, 61888759254, 62841426101, 38334414589, 29279918911] 
Capacity: 74250604364 
Capacity ratio [capacity/sum(weights)]: 0.04 
Maximum value for profits & weights: 100000000000.0 
----------------------------------------------------------------------------------------------------
Number of qubits: 77 
Profits: [55768621192, 42563459242, 22868145811, 99847974298, 94088989136, 69858059305, 53410437109, 5834696742, 23217228122, 38558821879, 20960344322, 63733020940, 95503701535, 79097880115, 52948896943, 80097451244, 63663223463, 70387880455, 49597318812, 37922066348, 91381659059, 59599369242, 37624168393, 4090923608, 9534460402, 76725731375, 71139898973, 86600253266, 92143440636, 87466031570, 79135641584, 17196932797, 796557235, 22931931294, 60997594539, 20727468533, 87800560678, 31158142586, 83367801418, 20029818555] 
Weights: [36167548059, 37932915837, 78096065030, 74404795040, 49291352040, 70660861161, 78859596676, 77133706847, 29019815129, 27860366482, 75594073343, 32488128408, 41690211961, 47599317855, 77198186507, 71601545894, 17935300343, 53763426816, 69349941310, 18370951267, 68226612124, 65276145511, 80295977099, 20137413711, 67593876329, 79706991320, 77382582817, 21442332337, 43134775218, 65248634668, 76198575338, 71526642981, 80893822591, 21538750466, 59211141034, 58851837192, 39993930241, 23160478560, 27242568979, 71431467688] 
Capacity: 84489075758 
Capacity ratio [capacity/sum(weights)]: 0.04 
Maximum value for profits & weights: 100000000000.0 
