Number of qubits: 100 
Profits: [144388651949267, 216941042077632, 160729454505222, 882376318425760, 3767307151464, 770316756321363, 482997605940053, 260066653227152, 308922945624897, 498537994523550, 889493105742428, 191848212081853, 895104576015694, 209137786660048, 732262508783098, 789807826979592, 964292206416086, 567933056091862, 721349606061240, 478421960729461, 945091326328755, 208848232373787, 999584739675460, 821629805783527, 288434333126606, 543950318497043, 871686596982848, 67845396505041, 425102920241022, 345962729485428, 305582422921325, 733810812892885, 906765859508469, 210851208345429, 684200781026949, 930520651207087, 627332667200677, 49123026084214, 903276293902769, 827997695166103, 536152682735155, 467903306316229, 579956263972735, 62408756174015, 27663659339817, 668510023511967, 668676913723568, 620356578967500, 12690659388370, 245580723844984] 
Weights: [760651621036135, 611270680446039, 817560006280413, 407079212073878, 244440761332373, 354897222987999, 227378728805772, 547656277445105, 474652758838519, 736848557925251, 708966068022673, 421414107782801, 635214131701360, 741637219609729, 701213839542510, 429046769192155, 366703432253146, 789980708724638, 437217472606880, 318778956694585, 579427927969432, 706075687883121, 631383583188572, 269906021148954, 852480752837695, 495777201938511, 328614261842735, 665465079830707, 797985945432273, 289364003831595, 651674946882944, 393805539422302, 354532299995146, 751283652328459, 343157507822321, 586934327530064, 828963570433702, 353994144403454, 235638733342765, 802958239462499, 810150871946852, 806707384997006, 415945792071842, 487936486437185, 295530117503465, 613414513288016, 344289119844157, 262357919617494, 536750064404418, 393023115614786] 
Capacity: 852714286978879 
Capacity ratio [capacity/sum(weights)]: 0.0325 
Maximum value for profits & weights: 1000000000000000.0 
------------------------------------------------------------------------------------------------------------------------
Number of qubits: 100 
Profits: [220357844982341, 296960204654810, 882178801025985, 107986052768261, 319346494536637, 421721096536758, 845647600678251, 452338190781588, 348855916076956, 764475835712255, 894049132069534, 471962084028351, 686988768472731, 994600805301160, 638308135088386, 527543386812293, 699511130573578, 556517029264771, 674891723193480, 866424982098178, 109827158978412, 174529610645751, 598832733927472, 224478045122514, 625543678402217, 801175334629020, 956668546522656, 144659911709890, 49867531712932, 450238497106703, 282526743895470, 284389171031800, 261378068508817, 158653640708724, 821274375480879, 510827950333113, 242386098612552, 88607439732703, 720970019142846, 209667378666222, 169090073562107, 564658551124106, 735200778853359, 359964539305859, 483144426740629, 309631770813686, 849089261970847, 929227977064989, 227155029311966, 919306933621883] 
Weights: [656776814737598, 430544349586119, 768979936480724, 746846715156580, 548752047212242, 551431943224980, 670511913394283, 304181440023700, 576507283349167, 421325525775496, 415946499074958, 201835449218168, 626126980086902, 329432561410161, 706043343415928, 549761814630054, 558151094217068, 499726476252336, 617690590932600, 385645691924708, 450417901070348, 498382744572317, 369346642960568, 311038424588454, 636539787338409, 382846405178524, 759315856299600, 491084538840027, 639975566322545, 734827368938473, 310444160709653, 257639314662820, 514178328069102, 328962567116534, 706032563140807, 429588170964098, 220288500102935, 269255433611161, 254851346696308, 285189507878606, 645727149947320, 537365266228470, 479088473725610, 308720496079573, 389506329149053, 396637313589358, 736798477766250, 665522330764613, 265331563900972, 195211457571669] 
Capacity: 774999097903068 
Capacity ratio [capacity/sum(weights)]: 0.0325 
Maximum value for profits & weights: 1000000000000000.0 
------------------------------------------------------------------------------------------------------------------------
Number of qubits: 100 
Profits: [115716029241794, 273922384197164, 556721499301067, 453204914416414, 248783275699311, 639924876001819, 994437576816017, 414075912373804, 766997063454264, 827692726023833, 122687660293818, 377456161805445, 564300176442666, 307804483544788, 623396522825683, 951194437970932, 308799005827629, 707003568593983, 374922463791929, 730476512856698, 651548998726933, 857767188667972, 993586161147471, 784816408970859, 545864695935222, 762777345135751, 499712692001427, 298411375057510, 511652336547732, 774253556323823, 126813392075994, 644514816406332, 604252711647969, 789820349423488, 927220941985696, 71062500198079, 714216741735787, 487825320844178, 590824903370870, 115777403340349, 948976124809657, 809541387124124, 93710434907597, 975687735622339, 771970259734326, 840946667865703, 868709505048234, 681353559421983, 917423314947211, 10942235118858] 
Weights: [543610132928541, 459727169798689, 132063201399093, 731135282123174, 643926185783412, 609228128159675, 695891010537408, 644171533732783, 636751289700007, 578412418598464, 491023702739841, 418381021466720, 568388352054810, 477780791226008, 326774798281966, 393360693662170, 659530472488061, 305218434939569, 371389944664737, 357046992167134, 206804358961341, 342390400416298, 614919624761804, 580488977537121, 615157615200077, 229985280512941, 490204455513221, 470941186466278, 452246710686851, 607089107782072, 673634192826187, 696058250746835, 90347769584161, 626317276663089, 594588624630327, 654911870285786, 700695051638348, 69215913238777, 248303613029680, 269258514863851, 477299486954165, 175082019940885, 475843462947419, 202217310212411, 505046680073879, 736397077877429, 301725954475701, 629820657265323, 484464123092848, 254855098093448] 
Capacity: 756170804980243 
Capacity ratio [capacity/sum(weights)]: 0.0325 
Maximum value for profits & weights: 1000000000000000.0 
------------------------------------------------------------------------------------------------------------------------
Number of qubits: 100 
Profits: [71756639492898, 178833123906429, 705753350903563, 569951414107924, 657225460465852, 136744875663555, 457058626130456, 955105329552952, 197277178913294, 979063027624364, 10566580617086, 828228479421911, 238171667495685, 349111825666101, 314077818456263, 871119090113184, 754269510599423, 757503030679244, 142016949002257, 404471386074266, 805882218640445, 199405512092760, 529214071374292, 418358421364891, 719731697076722, 76407849994702, 934986100233195, 995670237173015, 304426362815969, 50487914522667, 506313189361306, 46843288451671, 629638799837372, 929054767859529, 769794506561977, 458957753347058, 806213928964667, 178011437840397, 444096157914786, 446133265407440, 887360930180607, 988568491635834, 604304646640403, 686842395636826, 742048289009076, 562700740972496, 443849256462184, 451000626226916, 191175856087474, 81722468758199] 
Weights: [709829972099674, 444231596173408, 259506063499317, 683935580737450, 498548134256191, 231945250435903, 743616194579705, 406176603291376, 448240833132456, 515565510949357, 778645354979382, 617599433755544, 447891313586984, 684709726911837, 491382510883869, 427215795084262, 766202301845502, 489422895649209, 300989232880076, 341053996594139, 722238453435010, 400410970832697, 786850211692945, 350313687020413, 433866379069029, 300677015808971, 618878385411586, 392190438541024, 577278724579177, 281928214967043, 686665718279510, 400401285393305, 250477196387449, 529068547727782, 712731228426839, 514980473937691, 363317854518837, 475702580546000, 153936192025640, 731900813533560, 378594941735295, 460142295298600, 783460403887085, 764034086574552, 412251149589554, 363688970105863, 590613397328347, 438069317134012, 476388067541363, 385177321955917] 
Capacity: 801585622169426 
Capacity ratio [capacity/sum(weights)]: 0.0325 
Maximum value for profits & weights: 1000000000000000.0 
------------------------------------------------------------------------------------------------------------------------
Number of qubits: 100 
Profits: [589277689165742, 510721633765099, 654749141460851, 585822451931269, 373701910795959, 25326874608329, 370194983421874, 400558720693705, 345136773542135, 806476178878553, 543770459930145, 274187387159657, 19734612254706, 888960324829756, 517321487015669, 755985680603715, 265423709323209, 413521423968987, 423802349377289, 264106726135063, 302494750804422, 346399361511498, 624059892852280, 469401438920079, 655016758040209, 885088221344606, 713271084111277, 204910559483067, 596283769532854, 626173811013648, 830498872974148, 560583064635069, 502455534660139, 358110655360011, 857575311393361, 131724404240932, 679165796469054, 978273292816975, 532239918344930, 349095242952508, 591020447965487, 157446080067194, 484029110833351, 300622784609186, 820561930826256, 423214574216465, 309189417096799, 464222852491350, 489811239275771, 924482143785689] 
Weights: [632221112913072, 366363575288162, 825250755322815, 750081815230463, 539548080968834, 448332067738032, 167286243299347, 763233856858341, 696197809931787, 456582721227867, 300582740274319, 444973724179569, 229045602691278, 510159148778380, 728086943061421, 615346447118913, 190854623251298, 510236999563261, 242134985938094, 489526292014267, 430209083734446, 293756225265005, 421019259050077, 586304098245484, 498338192093488, 602273849105887, 593628250363507, 409956058142996, 734432465458845, 174936651517410, 711110683408014, 342143397374445, 831256626813371, 664012416375159, 341110706734748, 680674019676982, 739559300568022, 580029589318310, 545963411476913, 829276651532104, 547374895554662, 218878448758363, 488228509777790, 822802606480805, 689626068957504, 204046516203935, 462376001579436, 478338638209836, 762000016068312, 149735426831978] 
Capacity: 832910532356639 
Capacity ratio [capacity/sum(weights)]: 0.0325 
Maximum value for profits & weights: 1000000000000000.0 
------------------------------------------------------------------------------------------------------------------------
Number of qubits: 100 
Profits: [237993782392231, 391464411086073, 857909466859151, 143295820702717, 820706078245820, 891046847465114, 636496638143035, 639938804445124, 692611424149377, 465726012729301, 820906935833936, 103152763416192, 964498793725366, 611722198784888, 716288272477790, 972091814037163, 242316854536333, 267841740090815, 384773809943260, 842631218796695, 998791224606185, 782205341395222, 261106432733108, 649401968282590, 507950220982730, 557987329759263, 441108133251363, 854004812983039, 403658300223459, 479032295401227, 920578046196814, 980886226733986, 28650338642062, 736070651262489, 415960006478042, 369245855943299, 176241524474891, 574529361765576, 233710289104960, 194138043295170, 950514297910527, 787640534535270, 639045399811, 880057472951061, 170796408041479, 951284474458880, 949005551204453, 670512022571539, 104142183314600, 487607490006286] 
Weights: [152542960595507, 620471716577119, 575955480033484, 613500279955572, 623741957733860, 561633992918470, 210461382623723, 205131819641756, 427547194354170, 566318963858940, 159369803632785, 351329573066223, 289533307115361, 694925609058348, 244833279508403, 641060564373622, 727679873534452, 138865681497430, 505236473014810, 413322191104563, 284427189647256, 542392766107440, 188821856861151, 564083003983633, 591616954530380, 728140486532871, 274158902069000, 512185666313552, 503236355845362, 373170032932233, 670674895312388, 382201860318859, 164937503910456, 642020734920937, 701989110608541, 322737055005784, 408696818871461, 677734508510690, 654517003480841, 222129109167759, 679897812610545, 154290456136060, 581553285033961, 621488528789674, 699995262698699, 402573515661719, 284617095676590, 583902896374073, 273703265243450, 378873246483962] 
Capacity: 728739497482346 
Capacity ratio [capacity/sum(weights)]: 0.0325 
Maximum value for profits & weights: 1000000000000000.0 
------------------------------------------------------------------------------------------------------------------------
Number of qubits: 100 
Profits: [536626902711348, 189593814218544, 195006714146397, 315208621261722, 493826881268895, 520341054626903, 195606551148766, 364336937361623, 636346124149116, 533290776896315, 912179427053613, 486667524952662, 755526566919159, 613341829705102, 39688179655547, 810913889502256, 72562093892908, 390904368806009, 863674847553291, 823487286870659, 923327167794446, 353672726573107, 671884902495430, 585273147606024, 736626163830520, 231488371627097, 654506288420287, 511273345938713, 399219336758678, 164633409784157, 895647213286827, 165326168447167, 870521953305960, 972914837853003, 461666028616173, 130819234501215, 677224249858816, 716801379234428, 34826885068706, 888301149264303, 186255715459288, 799789250774165, 403497655177935, 11441589869943, 366212303643413, 91267174865779, 845880398865217, 442502417642462, 561873546347561, 510438941786493] 
Weights: [587330426050036, 474551154433100, 615109285259982, 214912021273194, 503693107649595, 779840988516713, 434601841910728, 319129614303184, 790004059072802, 519429962321003, 296172294029768, 628152863231524, 665155966536305, 722715001972831, 685727201992828, 492959839776594, 298590269506670, 378978245429472, 378000885815489, 636887201899236, 713698379028999, 458834478436434, 730607858342718, 308876052291862, 261430347370307, 278389308728755, 392475194225415, 676744417032070, 492141360887587, 514468367258712, 424349683317015, 307840719555717, 421052015188382, 545412695384766, 625487737457597, 670218107691708, 654158108888479, 776885697329060, 325527131875742, 789247472844151, 728563676840360, 579172988900905, 210889194267993, 510860329836050, 547509482803606, 482537563428493, 269645731835482, 413078976720880, 375162117905196, 632943847142328] 
Capacity: 809710145664744 
Capacity ratio [capacity/sum(weights)]: 0.0325 
Maximum value for profits & weights: 1000000000000000.0 
------------------------------------------------------------------------------------------------------------------------
Number of qubits: 100 
Profits: [772621709126147, 345368541418273, 319448067189, 51527601604177, 260443697495846, 235829529789670, 189780951150885, 326073194496849, 944240311019075, 567000821816689, 559799226331210, 767936047110185, 703384312832414, 240468253959088, 283827995633426, 111226245458488, 603078284082162, 405925567767730, 896851987331904, 927696928542086, 66838407845660, 903942449721581, 43734259353717, 571293358817969, 755147231355752, 304937980212041, 726176281758527, 189031202674635, 2388150520289, 151329818172124, 615149531745370, 635069780856665, 801492252454015, 537543271772694, 329759571139102, 574961434244298, 617082750443752, 290150025824065, 485757703558851, 377025353987883, 669701853911680, 207403116204293, 648609805463262, 633067368883966, 174501659748997, 60705812354544, 544742679872301, 509705923790113, 688679213079817, 618091938898589] 
Weights: [338633994858914, 756965311979079, 457658208073333, 747876104008510, 313913163754077, 812309305537695, 150136290212770, 362232323440524, 535511615370113, 661275088006553, 758762217855050, 405030405453867, 809121225275767, 116488108720195, 827447060973511, 593481615191208, 510798633845765, 355290191694555, 810003441501934, 670861666431350, 561270363854261, 297552499996027, 804409705271398, 680088173453620, 212182547451175, 803496272364514, 808329836090703, 460547190054774, 271333887704141, 148873700867015, 835891151713582, 834538231653869, 108481809806229, 558901166868135, 250037938417677, 525552769770084, 441412465564895, 640051085143068, 416842282688735, 850172644926316, 562232869214722, 294624132632718, 725564336119053, 484196243304853, 422034881565353, 539674988195450, 743682145425016, 732316985267597, 433217156925940, 323506738110124] 
Capacity: 859397626172173 
Capacity ratio [capacity/sum(weights)]: 0.0325 
Maximum value for profits & weights: 1000000000000000.0 
------------------------------------------------------------------------------------------------------------------------
Number of qubits: 100 
Profits: [950573073242541, 345537718090889, 732377299906290, 245454190848813, 568628009957243, 523094983089643, 986791401666760, 5751979860178, 809416016073649, 28697375555696, 689298369250496, 603306409827752, 164563151675733, 289729011199739, 227121561803066, 591871675401626, 39794965524096, 199284398779496, 186196362613626, 524400628080237, 531559907166887, 264597780078470, 131090266502111, 324645724074663, 930762067475618, 198938845935560, 781420822648143, 319665606226933, 301214646807565, 829561828235991, 367388454725809, 29671105038303, 723830055477792, 156262261182098, 554858346827572, 213686864765178, 748371129245009, 108747536961385, 468182650625080, 270624559196317, 164963268110988, 501142817935582, 230577959219635, 815622912617747, 539285611838249, 982093738800179, 276925596709781, 760089329284578, 362769714374810, 993689721799554] 
Weights: [756828359369019, 372643025273448, 813836622073465, 298483663757210, 664822743730329, 377530022295727, 707412290976158, 592800812913902, 193628338627619, 545107928955304, 383366781545893, 548583662756275, 637239945887628, 763338605820811, 775154730350602, 756263140692203, 683376032060267, 684123004765710, 830098802033843, 194195499084973, 804274392372027, 640183457307904, 622581095747762, 252343393170032, 255884499324447, 256762037289468, 481816086405293, 320040751711362, 356638577686191, 211707694577197, 697011621395337, 781108668955704, 521927824208122, 629344143016782, 198761638593141, 607484086268092, 245533463453380, 242783751304549, 775230767637592, 663884274496659, 527370314865747, 240929854618467, 189390146870698, 768753043296108, 574384613807350, 306890843874975, 607473103180335, 529722718654875, 714450586570288, 708239245648029] 
Capacity: 832175914803493 
Capacity ratio [capacity/sum(weights)]: 0.0325 
Maximum value for profits & weights: 1000000000000000.0 
------------------------------------------------------------------------------------------------------------------------
Number of qubits: 100 
Profits: [357321644722797, 88621779347017, 94594476186253, 921397463542804, 221915562150351, 109305258645802, 665266167463656, 734922911214667, 745205131553813, 243036626942289, 400459197143761, 724412122015152, 142519502778220, 644264720671131, 899999803643429, 52925164705281, 810927943411544, 156099675643326, 243639050882924, 407339450771341, 200956927062545, 360630478992799, 442023496768115, 232730721829678, 142250719778633, 635366483763589, 7532693763200, 660946637438588, 945204219484847, 689389563907562, 3959735721346, 758667846812059, 836739225364384, 138094703024468, 200780949545112, 875083761144797, 434498346596209, 817489670550914, 265708095210047, 541240097376543, 212586515799029, 822656047797918, 804433874723561, 981083555139196, 27142703157004, 379875978495497, 205339390708139, 176401197807299, 778831549458205, 982935377813632] 
Weights: [650023588054820, 780791048315950, 414304017839608, 425947794931620, 705008691350946, 551046232007627, 363722982777774, 353927448813149, 610212924802313, 642092176340252, 682227109215746, 216591249343763, 346343316958922, 353977695191704, 508802544494198, 499798423416699, 452003343543027, 187245055399898, 720762932494919, 654370161458730, 318609074051788, 827470297286778, 735772026709296, 799774293726600, 633089988120342, 433478864707888, 395940964789657, 348143609979099, 429832512697112, 476399858435222, 507519629248316, 510567890232182, 460028459809301, 808235479138810, 364992557864774, 816117698687930, 436394927703777, 649070884934250, 705606334655492, 733364528124720, 781741140015900, 768359877172766, 752459776740354, 445470482429615, 466356494328783, 652951362735817, 610699012240707, 347147002982374, 425198191736174, 658615921789621] 
Capacity: 870223454828352 
Capacity ratio [capacity/sum(weights)]: 0.0325 
Maximum value for profits & weights: 1000000000000000.0 
