Number of qubits: 120 
Profits: [406756576626924059, 865369822472257562, 191298157370970186, 915887024016768984, 432642184559429615, 755840819697106142, 381155768421480286, 977149478658557405, 749784497757056821, 550765826338043888, 675664688879176351, 411993287506161630, 609650725870365623, 369386946809762549, 446267096973008455, 582750776463140098, 803735182517793049, 800473763846870507, 642567138932042100, 530748385084573304, 590649279216534188, 106727526592566540, 615096278030961951, 24160885922333450, 412426540037318209, 131251506264215585, 237558376918137060, 485379930711433539, 691783919821840160, 592943242472371002, 257215780728093944, 921255498408119178, 433487999933663305, 735344302933872943, 855462975664313408, 355295280821607552, 356493739929985278, 151126528302136880, 573646333539631590, 368506358281291568, 257104081497747426, 199555300382882353, 683350642166687933, 301103504352934597, 294407572379137702, 778785102462348641, 539886655952730883, 960788583346756604, 93611888831686772, 870987199926506967, 107255924924467086, 791779781412518125, 22211955837981896, 600764765380041282, 869930653914603060, 27494141364978719, 536542269034267357, 820283913513614591, 882031204737684172, 76675319511305439] 
Weights: [730264031146163441, 362037243808537658, 538926414786620494, 744981970999646464, 551556558685732371, 499446907404201678, 225092981173554736, 209484131020954261, 445839653990211667, 711651317454006063, 629392224374536860, 690250982378678023, 497182353564835175, 323073968219639089, 427732442011855097, 695646804286590578, 675634902608843536, 605970180972775712, 714769593982651959, 80673912313861473, 403688521323823186, 705774658282737674, 319221341770140965, 757333627713358167, 273906828111652018, 348668878461099728, 549318178222322430, 342626099322394743, 554063725930796530, 712631125676999870, 457207518419866408, 395827299347312525, 437512972743359915, 672600282833552355, 483522698688143894, 565340937825316392, 474810188032062372, 355260587500900910, 681248611315613635, 396893180929337549, 590752525720867727, 456220573069699056, 550863784254679158, 86449812422212463, 673699387181819531, 642235498992552516, 438611212203534571, 750180812791230173, 376809236234642781, 643301226305738064, 544905900218543003, 309179182949047085, 699918076332140864, 457589233427313156, 573725686616141997, 616185927135754077, 471062075526615025, 566940017585747679, 757433261119127825, 644033217622446600] 
Capacity: 761410850263536768 
Capacity ratio [capacity/sum(weights)]: 0.025 
Maximum value for profits & weights: 1e+18 
--------------------------------------------------------------------------------------------------------------------------------------------
Number of qubits: 120 
Profits: [308797769648030144, 559327283109479129, 393759452947389376, 658678579432030872, 48785837178203780, 988236850214085568, 568571067931801829, 228146445875877086, 866889001499488593, 277884741341003232, 334686463035797510, 83272464016441181, 738718944772236385, 615284776033331637, 812408436211079908, 997498265854836868, 395055065884433949, 245820967655738100, 615701059060105005, 656139211958538931, 791993244029035157, 170195216857595507, 366516767657185456, 631198317133975478, 518333430026468824, 430039252990641404, 289150583896995423, 170991139746697565, 442007225671701110, 347788316043724901, 444619051831704328, 694257645215175515, 972231011060593532, 477117201895496940, 447943293426503623, 308822130355253083, 568073913065958799, 394064876666664338, 548472729798629372, 460773989705404568, 117932097849756616, 809086632164069796, 484430600176301616, 725897704581503219, 760035265870523343, 641894933696534387, 642000462766480301, 514772668687870515, 469976165018933332, 389578469461618048, 161220642618370133, 338164931965530199, 465736612219733149, 163578834674598758, 717502146762925617, 126197278267575307, 843838185301382181, 202632277984592871, 310714818006321412, 242885778966468296] 
Weights: [133744689529363266, 283299244098430650, 585880374904380984, 543377001898131177, 337409839178108177, 235886013834573362, 359152057422622221, 378098742716990125, 538982650992408182, 458865838195786843, 518343758862041935, 545105526468905300, 609187941291743569, 187525265544181570, 512488374214842045, 627771496067843949, 513490156000520068, 413948162348784575, 631298360264914979, 242188114556737341, 477746634381433183, 578287069479338487, 427872826403664935, 623811792436644945, 473889602807317144, 372799292584299501, 247921548485610817, 106012355270032979, 631826959854944436, 457999506006281117, 502800230669051264, 260627490881969669, 385572212293698576, 615933960156686326, 617884082774149492, 449577525033688845, 328688351077007243, 557656354877549850, 541977371010759370, 203823013749498183, 239393119037708835, 614187213636225072, 578207482376950994, 383485309351703239, 494592658115194113, 433175317366885542, 484478412212160134, 387569853795125549, 443472845673930030, 479934997152605502, 621429798577899208, 480649992366121317, 576145294916183852, 456777264957980411, 337189890167370306, 144343947803744573, 455796313949585264, 429176045695796460, 284983259005479918, 553945853199540539] 
Capacity: 646227333300988288 
Capacity ratio [capacity/sum(weights)]: 0.025 
Maximum value for profits & weights: 1e+18 
--------------------------------------------------------------------------------------------------------------------------------------------
Number of qubits: 120 
Profits: [298831748859366773, 651391812717151851, 556581234323369363, 362993279404351824, 460541751569171316, 809868476628055038, 125298811918462215, 722651605989103805, 158246125279835891, 788902631006625523, 684105732369604886, 275378285039378636, 915936560837701555, 699946390107258026, 79151490222269292, 897343548144940295, 623889677152870934, 974716583103518547, 311683868873623552, 152200711336877089, 523063357933069574, 873464106637347720, 198852707947920011, 640494644650221768, 955984284196274701, 769568100865327657, 713081941796635328, 474446973132714967, 179925829974815585, 549169824324841855, 546965852946461805, 993654026001236781, 213400894909739921, 227874066423637719, 661226993416009866, 55627797430300417, 780575028887150015, 438255173392813543, 976831321385148642, 311056425731600457, 193660749701870662, 221459055893424923, 128314311143290769, 286124423826232513, 656790151560468716, 470131720114232784, 27823499954502532, 749748989701559224, 947837722739626323, 369886254847823835, 77621350559266811, 205813565840834648, 174865443414949637, 47760275387460028, 506690109513237049, 344488299190931658, 935109957981304216, 599396320295197546, 882148387235233074, 376080067503317672] 
Weights: [470473199379668013, 728284170411223949, 378956555681374083, 641709254103189510, 741934675284807628, 686851793493435019, 521912776769488852, 380144018946763722, 409078950554604268, 423620267335848808, 538620770516595576, 61741456582109694, 502892235366892060, 583832780949936132, 417515051519133649, 717834891872799174, 447226207179012928, 422858174830477487, 603027377849885234, 563447061496627046, 710583588840384432, 629261446918611070, 626921091612467372, 555622822412081700, 486278513056486635, 689887135839735159, 552284798881199968, 349547318154697572, 394528396329580379, 209637759021211703, 458404729822643299, 444736411357033022, 713539058352403946, 659321729117195984, 98179396243432145, 699531445359138698, 641554834532926250, 457697251170322149, 383173042921466997, 676046546977306541, 589650609517368136, 367548728902819735, 409006771819102298, 439522285371092651, 351882604875497459, 416768191851307081, 718573499824959828, 633716845593615067, 262689915756010298, 566060688475669379, 676160486357335401, 686414897911096884, 454037479132646384, 471796286251067845, 468096462933713987, 345042600264162764, 312802062156958188, 717138320154602671, 707778736241339059, 657755970508474354] 
Capacity: 757294522850476032 
Capacity ratio [capacity/sum(weights)]: 0.025 
Maximum value for profits & weights: 1e+18 
--------------------------------------------------------------------------------------------------------------------------------------------
Number of qubits: 120 
Profits: [655657077192378652, 276069710599719172, 302168348055716844, 435011809081088659, 36525989745265001, 340546540428720015, 698960436409910222, 733965650916987186, 812345944581082812, 526448409408266936, 141878832540740714, 770015807535373559, 34693495629478696, 485005621870102465, 753520912467172619, 25766547825763547, 664978259588427244, 435769489579341556, 643323745828321743, 689237331041080741, 445757730052356042, 334460368254614833, 654239062996780031, 203595182090035936, 370735812385078059, 585282004100258484, 561466588994068363, 411077901518021083, 304271012233672760, 6876865201448566, 37081985794370188, 113695272064267040, 748175189884114784, 434469837027353630, 290720250834721993, 782637139049798340, 908132355937842762, 352449759843026346, 565575197097524087, 317701836985323947, 889106633769298977, 213044256493446560, 33396339682949780, 710027393348270053, 411425026760861150, 980677131626926626, 849187388252369911, 763436231366394121, 64903576206095753, 667390768397263633, 677275607589275685, 48446117761591112, 200873981367095941, 227203277396891004, 481391921666176871, 717597954796505306, 45292698477142803, 802024265840471569, 538460024955921439, 2238946280083092] 
Weights: [527319867964407754, 703410641096032408, 497498928335521851, 658930057919553459, 297517286364141039, 487467326009261409, 441423177047940206, 588357427334481488, 438196009794626684, 435553608774592062, 120084691103696361, 593394763698830257, 595514762929801626, 576844609322067093, 563030358837669845, 513373829430059271, 530956131744917393, 726233145639450630, 165412970048694954, 726388714576037585, 553312624260703730, 408689052071219040, 287267077393684321, 412468230310415676, 655617902984643121, 661179431334989393, 206168789488112058, 715208944024102792, 567252639935436807, 688032658819714926, 715908201805046518, 423732019785824458, 467281117234407698, 258338709125969168, 331956508433221998, 530480272527408376, 592218741941742323, 437733468418192345, 676963684153664105, 556838202030986292, 155945014888821224, 362183708272443026, 683374520700985049, 271077504490800247, 629873657306866238, 349772272112584047, 319901111808248975, 615693452479599101, 478175032963764484, 628649674955953158, 643621306486955012, 641654254983400269, 277075004879448857, 346620576248736588, 705692479051937953, 526205418003643373, 508256803178239058, 617917510104174203, 708791502504033123, 578978707301022870] 
Capacity: 745177131619099008 
Capacity ratio [capacity/sum(weights)]: 0.025 
Maximum value for profits & weights: 1e+18 
--------------------------------------------------------------------------------------------------------------------------------------------
Number of qubits: 120 
Profits: [902542340103227802, 955020116193767266, 895147850099728158, 753180773271593433, 703698003040489937, 777646000411163237, 254121073596475820, 932501144800348938, 758259570392930704, 995955946821904508, 836084578427714164, 152911320863085434, 797544637494720373, 32321926654606585, 981507068005859461, 858189692852043506, 669714451083919485, 825138908606099659, 292340728000635175, 170529338314525263, 464755681046515199, 610627492572162892, 957976704978024437, 210767568408333049, 893932163510278433, 122080858847063691, 297219718830518245, 320547974807809360, 280280545237570822, 790573873854172371, 505731285301045668, 321222366074923639, 476720667142350948, 88707514204735032, 454148648072499414, 117594913624139875, 166015697735019750, 420562159752112159, 879543253680318414, 839131733600337453, 284425289277771994, 656009740866497289, 569313750857241388, 260529134474732740, 932639282231587679, 337514522394491168, 658181555243475685, 751596452904360537, 847853987980257036, 971176439192527513, 791070703775465819, 960765685773517013, 39187588925657474, 490264172099354582, 188779875214829826, 449697581098631165, 551654632851801079, 478297858304579924, 307209151076307652, 174979330129825901] 
Weights: [569042421000889329, 451629872989234998, 129787858336269224, 505317324204479110, 556279064198550439, 596788428043084026, 623767887140964065, 854219573334124096, 570705946174281709, 427531410487637705, 667422538073213332, 797004059317109931, 854205268044083840, 745009191968951421, 741138587908417477, 345039654739465922, 577318845006692666, 813182889860024501, 557120086685192793, 531531349013394930, 369216658146656656, 818151675851658769, 301229762432979210, 575681954169844367, 299182977884163936, 462246971838446027, 798169491634021009, 630119903252650097, 851647071627574497, 692270291293351833, 861762380705637171, 195081394072888868, 733379596562922939, 476135870349233190, 813412482559710214, 823122342521422542, 729408221903153854, 859775471056052725, 562203282327030290, 599204345484265678, 710069781622207674, 600033733130012777, 733935237841683783, 514410432278152937, 833643964720554679, 470058479052704861, 743644252335955327, 273281464078840482, 530749731794293730, 478559243999809743, 398176958862641762, 867916261330136325, 588169405733224931, 701340930681288154, 724000447772254037, 289764411022999143, 410865534267528973, 292582573592851011, 269436102076920295, 767968598391935683] 
Capacity: 870474294962612992 
Capacity ratio [capacity/sum(weights)]: 0.025 
Maximum value for profits & weights: 1e+18 
--------------------------------------------------------------------------------------------------------------------------------------------
Number of qubits: 120 
Profits: [754338341252224900, 694824602960020786, 93796992398318504, 741499350755912115, 422185788230355567, 32993965064885899, 576739384784784056, 864957016502009559, 81404917202430442, 755600047079145422, 923369797931688008, 772990001111251460, 926977130685842899, 856701623172399309, 926568418542576850, 830766678431664918, 386422031741628494, 62432394799594863, 745079679229672869, 103281633546326204, 960814015156066527, 995460109124917494, 579112948340647451, 262451484155696681, 682024241588859688, 334969301653437694, 463899387007191076, 72218920511367086, 296378259013729209, 437290202306218741, 565272322326203382, 533998196437349297, 895339286334413087, 512678195429829872, 67929265394560236, 280308075507976018, 24234321252982548, 17612191350531103, 109278890149173271, 201553373420348805, 735670877294312541, 245478205224257328, 804005981989102060, 302211045888660795, 528416473930352777, 545434787837290489, 676170057840060514, 16158564080615357, 997179616112554292, 604137946843214614, 466136835644478764, 203835288295587867, 417360232425116686, 288962833600456836, 132839357849844327, 372399262553225606, 460078481733169324, 748870271938242005, 464385510213323043, 359558473776273111] 
Weights: [705489289365808752, 444121396918647500, 500737335182266080, 683749590714418978, 630161832249156835, 347077412046413017, 420694673374626266, 585832036931090230, 528768702460925826, 455410747500106730, 599869493920215298, 472976955702380813, 423068040148461516, 532167516922066147, 335190578013726093, 428379594930552451, 508548300820042447, 449300488891473828, 698870374569227980, 566829776568515588, 524409908806027217, 682073643966717497, 376854354043268280, 586722499536758548, 302650802467756273, 158667346155080484, 412508376586451418, 627260403346096024, 492142942662769585, 265696010605724886, 351970862588915873, 705299688053015299, 703909068709982042, 562892024934615980, 682831638347966029, 568520530059925747, 599725029536218728, 638920673132109131, 352382757308009481, 401416320915656810, 363174410699128003, 293629477482001170, 339759943596445224, 521847480625761168, 705714034701852590, 549618426653535014, 406487569562927069, 672509242650694029, 359658709825327410, 630704477566821742, 449937177421665037, 293126282506455542, 315843126133786221, 388168850771257751, 432555678636472143, 513435806281388305, 310045355856832816, 413819449450176050, 556333692541459893, 303679787526883755] 
Capacity: 721079075150261248 
Capacity ratio [capacity/sum(weights)]: 0.025 
Maximum value for profits & weights: 1e+18 
--------------------------------------------------------------------------------------------------------------------------------------------
Number of qubits: 120 
Profits: [614547860384831602, 572029114334968838, 234570893625366524, 330888985620724560, 587468946955447452, 393965869796023768, 821355144945049916, 900762749285553227, 66499631653701038, 628883514860351796, 655457339658619481, 965393607717764743, 182457470164966329, 330047384002149316, 131765641246551137, 565453992165098786, 429703349860784337, 433830853659612430, 236033838393626052, 526479175280939659, 792434846075677724, 933138453898611469, 430852716372370975, 364360954062019290, 65102784209971617, 253928420058096644, 125390165637174121, 971377320660585550, 776634458254013205, 132482907614358290, 673462140204120999, 600604703260215933, 488840859672953169, 56647438010146645, 398139250224659257, 217089112355131235, 706324925151023703, 282715844338582343, 854201014967586961, 899777528321520718, 224954715679466906, 429628274132311015, 789957931564508844, 501326089494011984, 647236394769445269, 453214111211242277, 922296220201517135, 224121701577904391, 905584265035644765, 991031344581660991, 863985785022494451, 977507310436315568, 148069208715649009, 524848991146523754, 932374872630344131, 199353248230268658, 269696958846104431, 442294604130355748, 716707157989781284, 16404927539755499] 
Weights: [528952812360502047, 237248332953637823, 592669534768204310, 709118565154861683, 667308924246530573, 823040095725019508, 440823557757221790, 775180028300817763, 575218434400298676, 744179118058638207, 791681651613365949, 390196012324892625, 319504813224871836, 627146900741962793, 831346414627280985, 722225177746197863, 523351562933347994, 698378980469863797, 468695645275279548, 725827230608026410, 422206660601811884, 534961140458193024, 742297422526950288, 811279875622146171, 576345619839982635, 342227013634755308, 610304163954926557, 549203393815799187, 550082794476251259, 532722341569220813, 595419730916216982, 854638068788740104, 204660145377557234, 758816927970458550, 818913723456018635, 780094286080391244, 799511514266646073, 325936339938441900, 616141000973712290, 572026833875667943, 830609917436993320, 217989929958189995, 571791513793181404, 319393668523443114, 503627484172249764, 130206332673468761, 689343654937215854, 227668431912236093, 596740375041125720, 737807918018141993, 479736672520642536, 434991289037339591, 485611121529662014, 373950103369571704, 812483560510178956, 747907307536451400, 599971407815037349, 716564576206749760, 686517898382925371, 820481784464270553] 
Capacity: 858955734676311424 
Capacity ratio [capacity/sum(weights)]: 0.025 
Maximum value for profits & weights: 1e+18 
--------------------------------------------------------------------------------------------------------------------------------------------
Number of qubits: 120 
Profits: [132384628790505205, 851669134014266643, 495058566480302352, 275587569724166938, 162838556231115385, 208440694433350119, 391179491591826271, 547204239354621108, 911972519674739176, 187101142339364177, 163540574530257481, 906716862045062742, 605179920195184984, 816276443478507508, 238094159471911, 627123863520660086, 331984110997797470, 115090316267005777, 66832300870267870, 526228628438855876, 705193989210469313, 40363993251813343, 928611485805240719, 952978742257104555, 463926090273312029, 371872285134454762, 816291760840705426, 501503496990881659, 578849003251976965, 704963171823792972, 178089214799383811, 913795546490119309, 541165534828688479, 768927112735116699, 713207210398840430, 40387577615773996, 779595104658378590, 582525731427999444, 496903736353465601, 471303734307208221, 954591448822952450, 796099707864761780, 588067754200638599, 548232907266748959, 335220992895438608, 435414927035988814, 706030078218762873, 263664678762834113, 16325312939832335, 298736931705135609, 860473591893445395, 65929847599365616, 489872401512323894, 821669910953066334, 409469608795312422, 556048128979921418, 142288420145375602, 818376663716174914, 774074563929922021, 391975581531080857] 
Weights: [630835950358162661, 727791106194922699, 377760058342779760, 313859272228623482, 518275615199822780, 757203987927250241, 732575540584165566, 441129021485730493, 303155697304133107, 446336227875180976, 741330342518145229, 703416234718858346, 476506416418498084, 620937051271696329, 273184375205368005, 613462308167752902, 652730877695267574, 434071720347589089, 411829037048640890, 622166040553356067, 759680300135260125, 772342750554484812, 582980148415883230, 439776083282222115, 583375374062907956, 657704448980336059, 738188563674689443, 375088579317998208, 305046483245035107, 773240644044790407, 773625531660646698, 757763224397167355, 354766763066330255, 607959459533945012, 488431605323544263, 679807374797597687, 719982693585891295, 450409887380503931, 496098864141305919, 390022796721616486, 135597656686722986, 393244586743340013, 405639519503407803, 719782996248569480, 636127490387472919, 582697159828426835, 500780596466336798, 392005406847577482, 447758098952329990, 512598894656920879, 312600262609247592, 362941526619083101, 458550980666095644, 444299015239245110, 435066337524318919, 537870353440469015, 769894729318392137, 307211892197128566, 604398277066333293, 430325482714669987] 
Capacity: 786723817735151104 
Capacity ratio [capacity/sum(weights)]: 0.025 
Maximum value for profits & weights: 1e+18 
--------------------------------------------------------------------------------------------------------------------------------------------
Number of qubits: 120 
Profits: [135353647177943660, 3710887981729275, 17463933851383870, 826592733407288774, 505464427883735090, 473004870066407664, 41611604971796498, 254296661376169134, 894570703541324055, 179387369165765283, 108609029515368008, 250611828897733611, 110162313789708273, 998769228104667473, 553287617029152443, 510611987401060270, 258132247769969629, 132120576955726125, 797973576450716821, 202936467474529843, 161570328228130292, 781242231148502854, 894311068667788217, 762383349718329645, 372500677300036260, 387577226371510790, 474809951762793420, 207606790231919675, 702496831500747940, 126825294852181379, 400481837816532927, 262688020339422198, 148151446254733169, 812739995489140439, 772984963796661964, 350750430549192486, 849767007828590454, 611651142287143992, 9393048029920902, 620541718467596840, 653287138532126999, 187415786273093836, 327993724031689285, 194690035848911143, 160991840440760650, 657126239185863660, 155104605137210668, 435530993523309924, 43474009854771738, 391936783924019308, 919625359256020584, 85896093566707487, 488856106064666658, 969208740424554705, 914607924350811040, 948785516822437405, 326519051473400164, 813899869101948872, 468908919458549678, 415419003127398257] 
Weights: [94029453308294008, 424674814388691769, 474135600464722135, 448875510745869123, 690396383477154316, 649667863703680655, 525108030606625610, 539532145651551726, 660171450928076255, 305274617647600527, 682121860876313572, 344599334420965387, 460315810596484144, 567081796881080244, 587366006621394918, 364759898640141090, 545586033510264235, 598326855333578746, 440123719346564403, 462389899969690234, 455602411580597885, 631460172496016437, 438712593311616062, 420537251006950818, 439968974885032677, 672733761318356290, 698717722584975458, 396415347264512639, 134210663629361268, 493540124061112598, 693980827681367230, 347591159655409242, 180448735107749463, 436631937136941132, 373046804819964049, 682101051075986864, 237466284273825860, 149839563728150716, 324335117159098342, 582572846561063533, 585660048204583141, 254080489040171900, 468943477510156058, 629063446548551560, 635708642026204877, 577631878468443193, 319016514571816041, 567453253365556950, 430014672488836490, 609061097009810162, 666840671263256080, 544046530585904091, 528001161822734026, 694413761477801932, 364976665301395623, 369088517767813962, 244536936680228635, 322358326417360175, 624330398515083090, 354725575630240192] 
Capacity: 702576324107284992 
Capacity ratio [capacity/sum(weights)]: 0.025 
Maximum value for profits & weights: 1e+18 
--------------------------------------------------------------------------------------------------------------------------------------------
Number of qubits: 120 
Profits: [124205683217838285, 101089036382285008, 500716177501564282, 705215966541065505, 279223772321863849, 849224987404808324, 21127926951378549, 599238379517702476, 646956485949742787, 777818796468365536, 325963462185484147, 705281621526611309, 920883688476617026, 597539193124568107, 242793744927573937, 580286077533378019, 913078325771226465, 571256547347932717, 869791411885545076, 99988049255949440, 41208172368562906, 958927022016954195, 578564314054549437, 961026783879095559, 202321380014821319, 805915344359053413, 619529870784924425, 868743424181706728, 137946091180900965, 169082924502629296, 680424430677225984, 101375776474958880, 279215995954007438, 340824880584802403, 451011703780411927, 331016618716064888, 31296844318008765, 545190418766236791, 473141586021743636, 963718107515440940, 585283147799434499, 40926914700162847, 773343826941915286, 41314382761671878, 808952254048987109, 722015637959492512, 280411998296633866, 196244003784830372, 435070214422349996, 805130207059818405, 249870336636187760, 639155140030161092, 21448723453688161, 629657621180589796, 560761014223300314, 20790060552421766, 529180638450798691, 658951345349084295, 928683489273679458, 529755622290506802] 
Weights: [644180470163985147, 484792685036524663, 450805005771776629, 658828749564764210, 664998015792780482, 443574960302215227, 646360289144586265, 524302142647141862, 323644788567259328, 593780631885544527, 419379191412351126, 317576814473225461, 449463985028237876, 678648178746733760, 147568841889438767, 547179309948663171, 257467221736914711, 673582236326453127, 571798054713159629, 161041992136850434, 445957984156838410, 565659742552560219, 677737404330054701, 390689198074109896, 600026111772102995, 285184971156419363, 480741441933700962, 653655119538265818, 563854740903539937, 594611558317110231, 521879075660760964, 385402920409604155, 395472001888347280, 718629790925345073, 558669699378255919, 527608377318603474, 524652156843692024, 291416395416023745, 647049819330700086, 556785085071277306, 542638196037767361, 167670980366089079, 545845219320619674, 544115451360010169, 550191568990215965, 531858074138142701, 537381465923362807, 497634205070049491, 683263937386385766, 329464222557385937, 155848762602302437, 691655455889697925, 597495436262547608, 303258679687111070, 280554288757346164, 455592579742548830, 516260081557871921, 293189106534950582, 567258466177991367, 545856583919892761] 
Capacity: 721257054093701248 
Capacity ratio [capacity/sum(weights)]: 0.025 
Maximum value for profits & weights: 1e+18 
