Number of qubits: 40 
Profits: [171970, 152141, 711739, 551890, 352456, 667108, 237358, 761667, 555978, 173743, 763933, 423651, 203388, 122300, 126532, 618810, 777447, 795376, 811034, 753397] 
Weights: [681133, 199428, 262186, 692341, 600666, 738006, 702307, 126883, 429499, 617535, 445090, 702932, 676296, 190207, 390269, 469477, 683761, 596199, 137160, 434001] 
Capacity: 748745 
Capacity ratio [capacity/sum(weights)]: 0.08 
Maximum value for profits & weights: 1000000.0 
------------------------------------------------------------
Number of qubits: 40 
Profits: [551120, 218115, 342509, 285480, 505027, 243853, 263163, 878532, 115374, 512922, 912995, 179190, 767260, 326244, 93521, 332108, 938971, 385412, 515532, 108330] 
Weights: [528781, 217619, 700135, 298435, 612666, 714103, 335941, 532156, 281582, 345098, 228209, 703472, 756148, 495421, 724498, 284277, 676721, 464874, 606028, 319066] 
Capacity: 762807 
Capacity ratio [capacity/sum(weights)]: 0.08 
Maximum value for profits & weights: 1000000.0 
------------------------------------------------------------
Number of qubits: 40 
Profits: [720833, 204628, 97582, 685163, 739478, 76138, 865160, 559856, 679138, 362726, 915944, 69468, 405967, 447113, 839148, 717851, 816836, 884318, 716081, 627235] 
Weights: [783584, 201626, 521108, 774163, 521997, 721627, 360264, 797808, 570377, 113714, 447938, 820873, 769563, 545602, 531068, 753550, 271310, 197255, 674497, 691711] 
Capacity: 831953 
Capacity ratio [capacity/sum(weights)]: 0.08 
Maximum value for profits & weights: 1000000.0 
------------------------------------------------------------
Number of qubits: 40 
Profits: [832379, 575758, 547439, 454433, 905291, 869228, 613793, 990882, 798475, 589063, 313660, 95597, 570828, 967444, 135931, 534295, 19014, 295887, 229795, 679753] 
Weights: [464848, 530699, 387669, 514595, 470545, 201949, 431148, 426193, 433909, 666304, 267994, 481045, 516501, 504503, 391765, 439524, 562913, 471965, 374269, 530982] 
Capacity: 686032 
Capacity ratio [capacity/sum(weights)]: 0.08 
Maximum value for profits & weights: 1000000.0 
------------------------------------------------------------
Number of qubits: 40 
Profits: [24775, 555943, 128058, 272733, 501027, 135526, 448866, 669881, 864956, 550464, 955179, 608281, 374904, 752894, 846977, 221029, 627418, 309702, 466354, 172006] 
Weights: [422254, 748642, 355332, 843508, 883349, 853121, 75811, 123796, 741810, 839581, 499566, 867195, 688851, 820276, 387144, 571150, 788843, 340322, 266685, 241692] 
Capacity: 892879 
Capacity ratio [capacity/sum(weights)]: 0.08 
Maximum value for profits & weights: 1000000.0 
------------------------------------------------------------
Number of qubits: 41 
Profits: [7314, 955369, 295859, 717873, 528214, 26002, 189189, 653189, 137909, 912462, 942593, 102267, 122050, 814695, 581655, 679629, 335541, 147595, 23702, 189618] 
Weights: [395154, 583938, 1001427, 824858, 382327, 967154, 947971, 402734, 995066, 871427, 1021094, 376092, 235220, 639361, 667366, 633675, 843537, 508765, 969549, 887326] 
Capacity: 1064717 
Capacity ratio [capacity/sum(weights)]: 0.08 
Maximum value for profits & weights: 1000000.0 
------------------------------------------------------------
Number of qubits: 40 
Profits: [431092, 914894, 484306, 479606, 830646, 789534, 701179, 18940, 172073, 927182, 794495, 837765, 538570, 257362, 115621, 600450, 177911, 775100, 806926, 709014] 
Weights: [386061, 121570, 555013, 463225, 364972, 552398, 517039, 272707, 633811, 599395, 257093, 482794, 383432, 228886, 428467, 400530, 535899, 404540, 460155, 274314] 
Capacity: 644445 
Capacity ratio [capacity/sum(weights)]: 0.08 
Maximum value for profits & weights: 1000000.0 
------------------------------------------------------------
Number of qubits: 40 
Profits: [677968, 164630, 535173, 690301, 454243, 969722, 476951, 773487, 112121, 263156, 402703, 277736, 777071, 779780, 714230, 512849, 682410, 521349, 763618, 402842] 
Weights: [260005, 516987, 670256, 688827, 587674, 658008, 279876, 704903, 542931, 812053, 389745, 642207, 551567, 649809, 753551, 586773, 330249, 303401, 769028, 590508] 
Capacity: 861980 
Capacity ratio [capacity/sum(weights)]: 0.08 
Maximum value for profits & weights: 1000000.0 
------------------------------------------------------------
Number of qubits: 40 
Profits: [453068, 591412, 236357, 936474, 187312, 267076, 757213, 962011, 558622, 913428, 254814, 567380, 235375, 823407, 621526, 979753, 146604, 229372, 129459, 3375] 
Weights: [592310, 757973, 758335, 561037, 373971, 767402, 498917, 204149, 750448, 442723, 714414, 410923, 284239, 457676, 330041, 318872, 708623, 734382, 551915, 138560] 
Capacity: 818693 
Capacity ratio [capacity/sum(weights)]: 0.08 
Maximum value for profits & weights: 1000000.0 
------------------------------------------------------------
Number of qubits: 40 
Profits: [382140, 639871, 923206, 318491, 849526, 674937, 52957, 92793, 638307, 640105, 54978, 19747, 508219, 92900, 836691, 404152, 573823, 953826, 475852, 966656] 
Weights: [230414, 327763, 657634, 741818, 344517, 625919, 349260, 656624, 292935, 510927, 568386, 708512, 351439, 476596, 456883, 739216, 749211, 482155, 380820, 238113] 
Capacity: 778314 
Capacity ratio [capacity/sum(weights)]: 0.08 
Maximum value for profits & weights: 1000000.0 
