Number of qubits: 60 
Profits: [718861741, 371252559, 385166222, 214876094, 666664151, 37311164, 107047723, 679160596, 66907904, 745520653, 413855802, 630741482, 995332120, 313844129, 274203358, 919760371, 511444860, 635484737, 346532962, 886669531, 756255834, 21077135, 895195027, 622315939, 164863858, 371703709, 869497685, 571050144, 186391522, 955230485] 
Weights: [839836966, 326692167, 426371915, 416081602, 707406518, 462696323, 646343382, 502008085, 316572809, 319622064, 804712871, 564631124, 394641986, 542236394, 674682136, 640997370, 532643699, 354197513, 199111566, 373778967, 645361279, 223263605, 319340141, 456031110, 285258110, 738505360, 229461350, 600728825, 529222637, 737458093] 
Capacity: 845352246 
Capacity ratio [capacity/sum(weights)]: 0.06 
Maximum value for profits & weights: 1000000000.0 
--------------------------------------------------------------------------------
Number of qubits: 60 
Profits: [303478121, 143652810, 328876896, 990436456, 629525379, 677609877, 933254239, 491814476, 345082364, 383730086, 614095024, 844696229, 191254409, 638839380, 726055904, 771751540, 649529836, 583443360, 363302254, 246456401, 250980687, 15412883, 68346568, 874942488, 798464567, 522695150, 824538868, 256895067, 306123508, 978527664] 
Weights: [308241178, 820892165, 720262052, 173322033, 744386440, 924042823, 638074221, 338980723, 245565741, 240866976, 503124765, 877082395, 345997291, 716738359, 534064086, 679245707, 892913849, 445287880, 857177745, 393740304, 412773861, 416166058, 733291850, 458450635, 347194607, 545136052, 893086404, 397446235, 298418110, 724939893] 
Capacity: 957574726 
Capacity ratio [capacity/sum(weights)]: 0.06 
Maximum value for profits & weights: 1000000000.0 
--------------------------------------------------------------------------------
Number of qubits: 60 
Profits: [847400753, 715774752, 356348453, 895935763, 447646548, 238397237, 980739356, 845655200, 854489454, 326156161, 854920993, 357521051, 513238233, 537365596, 324756217, 847800167, 474013872, 397249109, 94753514, 967888333, 663395176, 613206052, 409937422, 892605200, 973365325, 901913089, 44714945, 481920199, 69723620, 208987438] 
Weights: [638765117, 113593142, 37737624, 1029213033, 885247389, 50179777, 626800939, 1000156598, 805105564, 586961819, 274362606, 363342870, 741905990, 800071306, 192127556, 912225060, 942318192, 327776992, 1001618398, 502522619, 101315998, 701278116, 1007291531, 890802369, 852178906, 63855597, 975589204, 958790115, 172523997, 949973673] 
Capacity: 1055178163 
Capacity ratio [capacity/sum(weights)]: 0.06 
Maximum value for profits & weights: 1000000000.0 
--------------------------------------------------------------------------------
Number of qubits: 61 
Profits: [205348682, 755939382, 882133614, 326483558, 213031500, 222854661, 797441968, 956605832, 242890369, 799144345, 494919160, 802398766, 669023731, 417017899, 693838847, 311183660, 543245079, 587051556, 330332893, 724161002, 102031501, 379920781, 903642828, 13052092, 928780344, 732499316, 885839829, 444505056, 201999716, 102233566] 
Weights: [964586309, 746991777, 818981365, 978930294, 654757104, 186926878, 508979105, 852479374, 166058322, 772692177, 354660062, 844223903, 759309616, 466974397, 680157538, 732594989, 440617954, 797270596, 579440431, 228308685, 932231027, 413312344, 687121647, 662487201, 819921716, 943971659, 241475541, 402967556, 477992350, 921202115] 
Capacity: 1088768286 
Capacity ratio [capacity/sum(weights)]: 0.06 
Maximum value for profits & weights: 1000000000.0 
--------------------------------------------------------------------------------
Number of qubits: 60 
Profits: [305171313, 807351693, 515401361, 181742629, 407375449, 923883267, 878796692, 824048599, 41404324, 13720517, 200361548, 476323826, 392285077, 939298018, 96174737, 263409338, 236498964, 31560016, 974372132, 476487494, 805288966, 432127882, 502944591, 284051514, 456795677, 633197092, 196599856, 429549311, 337564234, 717882430] 
Weights: [458139484, 373276361, 526309089, 586287775, 881586108, 284949217, 472187389, 313676777, 797895715, 192724948, 260121601, 366515089, 269142217, 587454022, 544306886, 136099582, 461413018, 857358711, 699999628, 781686142, 526656054, 492316154, 552471488, 235350599, 509430292, 348511327, 637212395, 824779346, 848967216, 702410939] 
Capacity: 891680830 
Capacity ratio [capacity/sum(weights)]: 0.06 
Maximum value for profits & weights: 1000000000.0 
--------------------------------------------------------------------------------
Number of qubits: 60 
Profits: [401866471, 136234553, 157351848, 846005213, 211932726, 916493039, 395165684, 524757052, 112964656, 551969919, 572519557, 550643325, 607916565, 788709280, 161808143, 934488279, 119973577, 288346551, 89168719, 887959149, 817515337, 948699176, 834154466, 859819147, 642204834, 475936205, 5834036, 463024351, 903800369, 251492213] 
Weights: [467224409, 638924398, 578894533, 281145384, 326343978, 415648983, 457236627, 274968422, 144640086, 420317971, 363487738, 605372886, 381149498, 210560766, 222541200, 701959348, 378317184, 402676354, 559444233, 363362009, 150350225, 337465792, 657225382, 307671896, 321081743, 621022999, 718106347, 455217453, 348705615, 218571784] 
Capacity: 727034471 
Capacity ratio [capacity/sum(weights)]: 0.06 
Maximum value for profits & weights: 1000000000.0 
--------------------------------------------------------------------------------
Number of qubits: 60 
Profits: [537024807, 531369907, 133132446, 688621011, 919975741, 909383651, 218061288, 79463059, 130511260, 95238974, 395015060, 626228425, 195348460, 29455143, 897793879, 651400203, 484937486, 814652951, 2638846, 25266160, 460780971, 190391356, 260808130, 538344745, 662622186, 680177699, 548299072, 458600785, 455179314, 75958634] 
Weights: [402047785, 323344015, 549969388, 453694187, 426892348, 297283806, 612603914, 259134034, 370950173, 243256685, 542816380, 234697222, 296361894, 93058948, 277929753, 424462298, 213298638, 314429129, 436149640, 556553270, 334539443, 295535723, 315452695, 310168352, 437187215, 321091892, 570343329, 232171891, 408334093, 557137120] 
Capacity: 634131735 
Capacity ratio [capacity/sum(weights)]: 0.06 
Maximum value for profits & weights: 1000000000.0 
--------------------------------------------------------------------------------
Number of qubits: 60 
Profits: [26009378, 410243211, 749420472, 526886316, 256050315, 300631699, 237016000, 917038039, 207067700, 545798409, 81430084, 982608649, 653652922, 574919256, 562666111, 109662812, 704004569, 445323732, 863098767, 195350324, 78493087, 92002490, 480955542, 248745559, 832616604, 122729787, 612693344, 838176390, 389861195, 252017120] 
Weights: [569261127, 671774054, 417196640, 379947131, 843103394, 334022423, 273364710, 394899693, 254588218, 398366429, 717675525, 301744433, 604063788, 534241917, 332509247, 743674474, 740200343, 334853188, 846967141, 324961571, 523381501, 891399312, 490785969, 427965515, 394416376, 485145621, 790224529, 479320748, 383828634, 556286148] 
Capacity: 894369847 
Capacity ratio [capacity/sum(weights)]: 0.06 
Maximum value for profits & weights: 1000000000.0 
--------------------------------------------------------------------------------
Number of qubits: 60 
Profits: [712606293, 401777676, 509731937, 618525200, 942353291, 756270929, 948497162, 800238684, 507261222, 511685023, 478332169, 700935533, 726525573, 666399905, 387722366, 132906763, 145687161, 728780754, 254045587, 412964204, 566059549, 20264059, 546872518, 810319293, 264409474, 558935308, 176943230, 357093187, 824833933, 490586726] 
Weights: [225927711, 433203422, 619628644, 184251538, 658240016, 192944083, 698732500, 412153112, 649909860, 483958029, 420158809, 424595012, 545292295, 736011454, 212728704, 406800080, 224741677, 491976086, 388203935, 273506800, 611212159, 340265672, 382756029, 587129588, 328100685, 331424311, 492467458, 204274983, 609047164, 561628389] 
Capacity: 755412685 
Capacity ratio [capacity/sum(weights)]: 0.06 
Maximum value for profits & weights: 1000000000.0 
--------------------------------------------------------------------------------
Number of qubits: 60 
Profits: [95412709, 802305379, 868621088, 801222133, 281968067, 18643256, 556223500, 496105079, 896087318, 13072437, 894586125, 965117300, 161530559, 462245396, 688041381, 214446396, 327567393, 589328680, 88508437, 305893144, 958143101, 768550535, 835415951, 729033534, 375683650, 283222847, 690716713, 66004013, 859890502, 924097970] 
Weights: [692992687, 615218500, 807282911, 816028287, 302007460, 433875347, 642046069, 622607038, 622924975, 395327080, 434782816, 331544817, 245286696, 605355852, 463039975, 79869795, 219088575, 780971019, 518800225, 294978989, 217232083, 536162138, 247584879, 160092119, 674363064, 755576213, 797753018, 519213681, 408419329, 176883698] 
Capacity: 854866307 
Capacity ratio [capacity/sum(weights)]: 0.06 
Maximum value for profits & weights: 1000000000.0 
