Number of qubits: 77 
Profits: [66620533532, 16623794831, 88645442404, 94565509718, 98865280994, 95272407502, 48092031520, 467967781, 66091853492, 30002388725, 70178361420, 47734677511, 7660301515, 64599793668, 51078125349, 9619495129, 17921589184, 53741630967, 31459435915, 87813035232, 48254460498, 43159426506, 72847805379, 98855229877, 96371807159, 59490856879, 68730168939, 38421665357, 12030629260, 84521304467, 73911914205, 43364342367, 15621470808, 97090775276, 39999973175, 29928332524, 29113571425, 20719694355, 26637991954, 83388248192] 
Weights: [54830427009, 72559201459, 55472352147, 76761971844, 54697893342, 63096811680, 41025680524, 25875914552, 49165923569, 31099562807, 29220238231, 33177422274, 44363073633, 26798530572, 25192020098, 68537058162, 77647181695, 75370423408, 39649519086, 56447512603, 42305177650, 71730236222, 30997196730, 61214097966, 42027061825, 27200269156, 37867438041, 43743391651, 30846889550, 76517927872, 38772519885, 59499773214, 26229242976, 31603433992, 73038172374, 70821929861, 65937723779, 52059958350, 65154807312, 52278146067] 
Capacity: 77947634798 
Capacity ratio [capacity/sum(weights)]: 0.04 
Maximum value for profits & weights: 100000000000.0 
----------------------------------------------------------------------------------------------------
Number of qubits: 77 
Profits: [27850881867, 76050845416, 52221562145, 16551324987, 55644597309, 67633967134, 41558577113, 14904981905, 33841052956, 6490822971, 7657116307, 65882463089, 12781750320, 58867644886, 86166897658, 38781604515, 36429002139, 30890715096, 19752339515, 43474918296, 37336742057, 77120560389, 31882362459, 96147186521, 33009112798, 50837268017, 69184605753, 88016281438, 71580349024, 20185574292, 37729313680, 12628836555, 53233510452, 66235164843, 89636164497, 76109197492, 57996321971, 40103295825, 25767470722, 53706182749] 
Weights: [77024213128, 53069899454, 43453173899, 31518035768, 64475062422, 44377637003, 59288559258, 79205657170, 31506161689, 57910002940, 27775284370, 46827630821, 76924395675, 53789921727, 72696862790, 28241796157, 34921056610, 66413581430, 73379148460, 51781850985, 35309729882, 71106095435, 53267455730, 31582887053, 15894665323, 37060828427, 36215831801, 74421558637, 57977190619, 66308027050, 42601096801, 42798015237, 62013103651, 70959895565, 22245378708, 28924210000, 22921437405, 74492959234, 78707755809, 64057996870] 
Capacity: 80139792768 
Capacity ratio [capacity/sum(weights)]: 0.04 
Maximum value for profits & weights: 100000000000.0 
----------------------------------------------------------------------------------------------------
Number of qubits: 76 
Profits: [64280180262, 33731951005, 62040235795, 39451389697, 34133681643, 88080163151, 82410674518, 56142860640, 26501390972, 69872914191, 46156872536, 2693645199, 5736720469, 86593524487, 76272256205, 14461554601, 39661063605, 64721656079, 6744914723, 12752597930, 67511656555, 77304856535, 97546187882, 21358192736, 93700598796, 63855637223, 75102412839, 9705876150, 22674039647, 48653101753, 44735568652, 84671145883, 99466567324, 95620996532, 71708225772, 60087190247, 93899210929, 16306942505, 31176719692, 91313643777] 
Weights: [41010534359, 62408821942, 65486978459, 53420713604, 46020857220, 42412967088, 50338322556, 48949473827, 65864861798, 8437005818, 50091470442, 56558816008, 30660968438, 17282460635, 35416701716, 38429646253, 39447649105, 64503921255, 52187878746, 30833336150, 26333523065, 68431129981, 22932507531, 51349412824, 50881651922, 37402346643, 44497711920, 64786122857, 60855650526, 38886329796, 15104902698, 45027429864, 49276434165, 34983327982, 25902630292, 35519357576, 46768705415, 48000390660, 47886048192, 7938980414] 
Capacity: 68657878015 
Capacity ratio [capacity/sum(weights)]: 0.04 
Maximum value for profits & weights: 100000000000.0 
----------------------------------------------------------------------------------------------------
Number of qubits: 77 
Profits: [71224701121, 82836356828, 1318574202, 66316233735, 13502932212, 58566577719, 48722463152, 76958526533, 57558905803, 37503920847, 64446231998, 45702027792, 5502591786, 45546071625, 11297618683, 59323246624, 63075891565, 67170097148, 53210000050, 74255266888, 98656220391, 78688662127, 41208511431, 58003978210, 11516693587, 21249084143, 77551873390, 95013477067, 20902411964, 74671795228, 34629458257, 51199503192, 25015295999, 57564543694, 14336387643, 99414624711, 53983028608, 18597573199, 55178264790, 51030870292] 
Weights: [50514856221, 35143889497, 42848830769, 30929146756, 69833067838, 38641204393, 68572218083, 35214416985, 76570561440, 34826252430, 46021295610, 28372231058, 43995539895, 43139946023, 31074501152, 78306888104, 51213783741, 50576306836, 24475671055, 50490914394, 61898512825, 79083478107, 27962566743, 29245218054, 70441346652, 78746885841, 52745773901, 67974477808, 31712196289, 41025159467, 24957790174, 75245126944, 19741879661, 78239768990, 56248100534, 77669888072, 52904731384, 74817034455, 69823391850, 44605687043] 
Capacity: 80106130655 
Capacity ratio [capacity/sum(weights)]: 0.04 
Maximum value for profits & weights: 100000000000.0 
----------------------------------------------------------------------------------------------------
Number of qubits: 77 
Profits: [89056540385, 54410802983, 77657159649, 39122253908, 738701593, 59988649851, 99151746318, 14154284910, 53644685542, 21805277375, 88438729483, 45724066530, 8820400722, 68086591199, 37970946309, 27898546015, 88585869368, 2803420398, 26555565400, 20196358716, 69298069936, 21222078498, 49684790623, 93331333296, 2535540309, 60867642192, 74227870676, 35139675839, 57234929444, 45476623911, 48395664593, 50161275473, 7149742385, 91095687775, 3446656210, 97051070357, 16321993220, 2917211540, 13886591115, 34023993194] 
Weights: [76675227501, 55118124988, 50364446132, 68846245678, 32681406061, 22332434506, 71477121020, 77395356139, 46216778261, 42884904892, 17411283383, 79389929384, 75195899002, 71935114018, 50328905105, 73361394851, 36991338703, 73841385445, 21281155906, 30737494679, 47066436820, 78086054008, 47761888271, 21387309191, 46486902614, 39578491623, 22718352915, 68727606113, 56278982583, 77889807570, 54817680814, 78847859763, 23746652030, 70625816158, 47250942525, 36970905423, 41761904634, 27384679174, 35928945568, 40035372392] 
Capacity: 79955604429 
Capacity ratio [capacity/sum(weights)]: 0.04 
Maximum value for profits & weights: 100000000000.0 
----------------------------------------------------------------------------------------------------
Number of qubits: 77 
Profits: [2210198277, 7259283712, 15633164914, 46179178497, 8602029637, 28625846691, 43515985707, 95213636361, 81380957330, 5424494029, 53263444247, 87446602267, 73200082666, 96224543529, 22659952520, 24691860410, 37018314941, 23403449211, 43107642601, 1672951861, 85371390355, 79904550195, 92499569142, 68603771261, 7726624256, 53580537169, 72105352205, 43858298824, 61967495850, 41557681777, 86740636477, 66944255629, 1535483907, 8180347601, 54753949018, 8913217813, 81789010995, 3451858650, 90854991925, 65235927223] 
Weights: [65947169897, 26141624297, 63019050744, 23256247284, 80063979597, 36067649918, 53485765395, 5634557338, 68261429595, 61832664808, 71699733443, 41184157844, 76643127359, 24677500933, 80818522342, 61325798750, 53112723829, 58561327444, 56665740827, 36972567423, 52113980976, 75870729967, 39629626311, 67330633875, 85083253549, 42533849862, 57326395082, 56797443230, 31786397255, 62618130205, 78679492722, 69202582156, 86794219186, 50728236188, 43473509490, 70658016735, 40785680062, 84906757805, 44378695460, 39108137534] 
Capacity: 87451066634 
Capacity ratio [capacity/sum(weights)]: 0.04 
Maximum value for profits & weights: 100000000000.0 
----------------------------------------------------------------------------------------------------
Number of qubits: 77 
Profits: [39064359339, 32391187899, 63808821335, 32243222501, 65452932733, 70833079142, 35237939715, 50687109670, 22659340262, 47162132685, 52501770926, 39180763953, 61373809411, 89541385584, 98972884603, 92435301365, 70303427582, 44421908542, 83674360573, 96741443520, 68361651557, 40864539995, 44958210523, 65844056994, 31371481726, 75401626284, 60058918432, 30410008804, 22339613158, 25568633929, 59477918990, 54370579552, 78470786815, 42477016371, 33090265394, 51423256993, 53766992087, 26866369201, 26552416376, 90694514791] 
Weights: [67344073461, 33075674965, 62758472107, 59389696155, 32170622422, 70167142282, 61740477901, 71138124315, 33794228767, 45235131433, 67258581933, 67565219879, 54352146166, 33381976271, 81438833792, 41239048119, 42490930800, 32393723116, 65581903800, 42371129334, 27823992479, 82070891463, 82570859337, 75438180326, 34220971608, 50462069782, 80182134647, 42123115192, 31746876219, 62793879994, 72625688449, 10041865447, 58779243731, 74538980454, 32698224162, 56679194988, 43411059365, 54973055555, 29935882203, 44463239091] 
Capacity: 82856228803 
Capacity ratio [capacity/sum(weights)]: 0.04 
Maximum value for profits & weights: 100000000000.0 
----------------------------------------------------------------------------------------------------
Number of qubits: 77 
Profits: [30478219452, 20449526716, 36820079642, 81559029144, 87561902055, 18363726750, 48969187894, 89037399754, 83136893353, 78933403047, 1610000392, 38517734550, 74884394593, 9696218068, 22859529302, 75448393614, 39284189224, 24267011661, 59162142800, 29432566407, 47445244423, 74763883019, 58405845365, 79283316144, 64949645777, 40933572093, 16928158135, 99069563832, 44207479949, 37463748116, 55492693962, 10715065870, 77451930000, 54833227885, 60447783681, 16586557936, 66969455674, 70831829450, 2628729571, 90490086991] 
Weights: [42995591382, 61077052540, 25666458331, 64889926628, 59243836725, 81786855783, 62270813643, 41378513459, 35042920742, 72261693693, 76606766539, 65804212649, 71048509592, 79930765049, 37606057730, 50572258927, 77195120252, 53576589040, 65267811638, 35343097240, 25488848785, 76450868874, 21801265574, 39827661147, 58096413809, 57785709605, 48579466293, 54618468261, 24189458501, 22218939402, 21439498822, 61186241459, 33871981530, 47830682508, 66063297747, 80601664169, 70943749105, 82578661592, 27117145579, 15638343620] 
Capacity: 83297795846 
Capacity ratio [capacity/sum(weights)]: 0.04 
Maximum value for profits & weights: 100000000000.0 
----------------------------------------------------------------------------------------------------
Number of qubits: 77 
Profits: [33232197642, 66749411646, 51613300605, 58241454903, 603196161, 3936995515, 24232706301, 68530834001, 43140136771, 33629622679, 99324322072, 94115499630, 56107831560, 66757880954, 17560288977, 80499874810, 90347067722, 81427001422, 81355349988, 28785888552, 45552207991, 2026830089, 35156986882, 61808426148, 11265386488, 89592755585, 67657343717, 36439883599, 65235015539, 48019086602, 81270768529, 10738169155, 68044582068, 98017500535, 4579763830, 14307288943, 69152860186, 51199655654, 99995627547, 53477794725] 
Weights: [66401012326, 15873395699, 70595539302, 18649686234, 45559908410, 67875965091, 49266699105, 66275861314, 50586057599, 8462391824, 70860065397, 51250787883, 37745524916, 64243403216, 30981454634, 42694934247, 58986681627, 62846389403, 20381173102, 41080639217, 63826927155, 55744061900, 28604962796, 35914719918, 45971279262, 65590698400, 42051733764, 20257520970, 64053147075, 26620293476, 50810450995, 61297838727, 36290662351, 32914892630, 56109323365, 43371057641, 17952542023, 60984624352, 36431588541, 18658354953] 
Capacity: 71448176677 
Capacity ratio [capacity/sum(weights)]: 0.04 
Maximum value for profits & weights: 100000000000.0 
----------------------------------------------------------------------------------------------------
Number of qubits: 77 
Profits: [53033060297, 94291108378, 22967434499, 12743949886, 71685082881, 24198036293, 18062923345, 60859221959, 32493483765, 65170826383, 32207318542, 77769531137, 33264326566, 2469694470, 52133989076, 45515721039, 98076526454, 62897713196, 47594712810, 9920414153, 20714408630, 91415762774, 81622671789, 31168209477, 1851749676, 26265118400, 60682824999, 10478996565, 98741492560, 90801838620, 65106324932, 26122176332, 74579427972, 72947132673, 13840018293, 53762165968, 91218875068, 93240768016, 88343584089, 407069802] 
Weights: [33416227662, 50922972583, 32316275435, 38718249992, 60638320452, 22697010244, 50890300468, 65912109190, 72622208077, 62268789222, 49058665235, 63851260655, 51235795447, 8246420433, 39003781218, 47411566931, 31972409312, 16966308920, 49928371382, 53498692030, 55264750801, 71583773097, 33894374373, 32727156181, 52236253162, 60110562078, 10466186909, 71323360054, 49049646448, 45219326913, 33164824621, 33707694535, 32610300024, 23845257305, 70302483734, 56143629815, 45522608932, 68332626510, 69834248728, 37717044131] 
Capacity: 72687867657 
Capacity ratio [capacity/sum(weights)]: 0.04 
Maximum value for profits & weights: 100000000000.0 
