Number of qubits: 88 
Profits: [6089809784034, 9561133686019, 5633693792153, 1365964276882, 681413977711, 4344979147110, 2116373192403, 6176660967547, 2602788032850, 6949636746543, 5405068883792, 9381997808459, 1124549490345, 121760129336, 1100606223236, 8671382935478, 2014174379911, 3263799158459, 8159414498390, 3600783709178, 1206899231394, 6617553077860, 2159030743382, 3900958585805, 9852676654169, 9140251153996, 4688284500795, 6436046851763, 4652894577846, 8902143359939, 25687606375, 6688218135710, 7909310142930, 9512832094324, 6869489880423, 7763880491776, 5878998135443, 7790745267868, 5758082362242, 6195145291639, 7491701801950, 7643866120747, 4422628586980, 3994092087331, 2622717716302] 
Weights: [3084669296472, 5329807347702, 7719891467924, 3103123554490, 2046623559764, 7776343598933, 8012189382812, 3315950923698, 5740835033643, 7136652673338, 1548763098098, 7847397635635, 1243893159858, 5527284905339, 6423267571760, 6561325274768, 571646056850, 5042862741497, 8128395229169, 1980513669193, 7980978857192, 4492319850762, 5600644420706, 3508779457880, 8006199737310, 5974895619808, 7056612469518, 1248794273870, 6759750555395, 5992795280629, 7581679508627, 1893639471362, 6993160635737, 3315316469561, 6013199667041, 7559579283974, 6025731328378, 1544110483193, 2213579655995, 3540902706464, 6984955756002, 4458208829102, 6943430211567, 5406541855281, 6617158191269] 
Capacity: 8182434375353 
Capacity ratio [capacity/sum(weights)]: 0.03625 
Maximum value for profits & weights: 10000000000000.0 
--------------------------------------------------------------------------------------------------------------
Number of qubits: 88 
Profits: [9779205319336, 9426363037508, 9690978398680, 6790279215297, 3304937314708, 2418430195329, 1340181338960, 4865799243030, 8171441773242, 9438484243502, 886295239194, 6742239236878, 9110341199460, 9613208172086, 7416006360600, 6715512448962, 4748789293519, 6188648984512, 8132411211717, 3615961132867, 7040822562428, 7390524949058, 9011261726266, 2844517600228, 6120795365930, 8934958000159, 1106163460311, 3583917676795, 4816150613085, 6082282583664, 2753783813988, 4841112457041, 2900357040625, 4879011119504, 7443041588453, 5715821300638, 4425214122910, 3484835101761, 9150572532429, 6512384670658, 2133302857330, 5824965447078, 7434563065980, 7285358695576, 954972129595] 
Weights: [5827028965362, 4323791101837, 4058411637112, 2945983399311, 6655089860676, 5567889871190, 3750675245536, 4930994001236, 4137815928665, 3278341534785, 2896081492993, 2176830898711, 3516795438784, 5758912170775, 3693868171934, 4296301211052, 6598908801109, 604456676876, 3748960251916, 6695438474256, 3059356213133, 4536236586964, 3474066763699, 4345420092813, 3363844603519, 3105213715441, 2996600627310, 6485241503987, 4258545391826, 4958960568665, 2768511231379, 681490656593, 5065177968161, 5064907131424, 5924560217306, 5712608622507, 4445009207062, 5553951725404, 2396121773335, 6087044419381, 2303787251222, 4377581612284, 5917032119743, 5926382373304, 4496674278197] 
Capacity: 6827993373776 
Capacity ratio [capacity/sum(weights)]: 0.03625 
Maximum value for profits & weights: 10000000000000.0 
--------------------------------------------------------------------------------------------------------------
Number of qubits: 88 
Profits: [8365571500768, 6459853055455, 10460938930, 9242469616301, 9742891472957, 2898229616600, 5519788104323, 9604700106501, 6522054358376, 3128604766566, 6961026045557, 6575573363022, 6289754551342, 7139623548070, 3762708144704, 3204106190980, 1312879372194, 8022064536739, 6417766157199, 513993607940, 9624847881459, 2182514721649, 7520242485695, 7859530427264, 414122287362, 7654407579256, 9127349950687, 3432053325843, 4088262896518, 4991572418571, 4808493002231, 3929178564341, 7184583384289, 3782800510682, 7744310688614, 3034877036294, 6860062225254, 9429249192085, 3794552269406, 7023637805264, 9637793124494, 1657104538741, 6906048973546, 7309926431659, 221180605545] 
Weights: [4408481330453, 4249412084471, 3560844296935, 2522964567118, 6473046657698, 4284354987624, 3555769637716, 5254074425827, 4755121289218, 1760156949952, 5896252823072, 6578914158791, 2900761191880, 7007311711946, 6620093854582, 4019991188959, 5579329915194, 5129901643002, 6434108227678, 3664758755459, 5191004257383, 6730177574513, 6344449628309, 5120814439996, 6499812602836, 2704565955356, 3836368724825, 5665136047290, 3041066668372, 2723586617544, 5175197171761, 3781252238328, 5354964727158, 2947231897489, 5238121124724, 6508535764937, 7155712898800, 2589921920251, 4523955058401, 5048899218087, 4132929540928, 1865128924259, 3261954453918, 5438769269459, 3946522888583] 
Capacity: 7451906557084 
Capacity ratio [capacity/sum(weights)]: 0.03625 
Maximum value for profits & weights: 10000000000000.0 
--------------------------------------------------------------------------------------------------------------
Number of qubits: 88 
Profits: [5771326807442, 4455446390704, 4481465252098, 5302295430488, 298686891600, 4173020273598, 4802199758167, 6172150606509, 1088872207120, 3079850058653, 5486941227089, 5105178827929, 553545273899, 8654541017694, 55958097754, 6787429428746, 3047911420472, 1244328444103, 5455335797651, 6938361486941, 2104661880136, 6129774566791, 4279468781057, 9602393305123, 3009446424905, 4715792480819, 5722438487583, 7974421650351, 4263575986561, 219399595552, 3476278261040, 6728985935519, 6070239877939, 4567387924952, 1934956886621, 9962716009141, 742477216851, 3141115128701, 1437347076281, 9737575589426, 5035578236532, 5502569392782, 5319294557131, 7714985255678, 4114667020539] 
Weights: [8130021498788, 911938509957, 6399498901013, 5082802804282, 5348432179264, 7344185112263, 7720589452108, 8444208585145, 1826402652959, 1388392697826, 1163451792905, 7220047512984, 5080268922385, 7059738549688, 5442773486048, 4725162909506, 3813384542458, 6248045357520, 7347356819012, 8107023823591, 8123430921133, 662396042531, 7184514968118, 7930765548562, 8544138194792, 3235963049108, 7816975341549, 7109153952945, 5212982881996, 6855636336648, 4003686304707, 4289086485082, 2383111572740, 5753420539124, 3958587759679, 6378754421843, 3270259176009, 7729842186859, 8611568916558, 6016236129442, 3560659162453, 733914448583, 5941967786725, 4154962661626, 7323903475000] 
Capacity: 8637671322402 
Capacity ratio [capacity/sum(weights)]: 0.03625 
Maximum value for profits & weights: 10000000000000.0 
--------------------------------------------------------------------------------------------------------------
Number of qubits: 88 
Profits: [5816055291705, 3107345151438, 8494661480439, 4027130615044, 9272543201224, 4738205391102, 6767988800390, 7232288091702, 7402880010099, 7205135600507, 9123670172724, 1413282433152, 603855119821, 5083371424420, 2784596699777, 3064059383674, 1387645931485, 1679637730271, 8335142189339, 7323906186320, 7858880013289, 2143945521749, 6297751845803, 1421893079971, 1639900160003, 685398459916, 6870652101033, 4332338876313, 9027507013878, 1460701772360, 4658531115138, 3727054532100, 5281170756947, 926987478844, 6323718608149, 6544452351547, 7640827661966, 756720423988, 128926234284, 4993613492412, 9000702569672, 7561016185157, 3202264719065, 2223966638730, 6120603645956] 
Weights: [4058758400952, 6384606935467, 6836446221351, 5903811616762, 5885021293615, 2853514823424, 5516595885274, 3056357761351, 4886790208959, 6169417873047, 6212454521186, 1562234000643, 2278538474874, 2430814393998, 2750475553106, 6731215166503, 5640065042977, 4365532690085, 2594902815182, 3363379707739, 6865877732895, 1799261772540, 5187462686349, 5153700942533, 5920220403258, 5704810881595, 3139381019361, 2978466772212, 3145314541630, 2211101850799, 3067063079616, 4025738009883, 3365701651412, 6673143211761, 5365233714076, 3924226478380, 2402187364003, 2420762195979, 2397298305161, 3253566331051, 4657099633525, 6586660620805, 5534134312425, 5834905940565, 6667740579457] 
Capacity: 6933542433578 
Capacity ratio [capacity/sum(weights)]: 0.03625 
Maximum value for profits & weights: 10000000000000.0 
--------------------------------------------------------------------------------------------------------------
Number of qubits: 89 
Profits: [5897405416366, 5458157757278, 8887601947944, 6690600327337, 4603479864631, 8175339324315, 6468725024673, 660332805289, 4187476948992, 4009917099993, 4472800461614, 7541462199082, 3382905334989, 478624176953, 6517961924676, 4277505070405, 925390806263, 6352649819454, 4531970870106, 1138907747012, 1026331717820, 8639538151178, 5715773086096, 7893927837642, 5554880369750, 7699656221545, 1713206098726, 2947787329744, 5140269917765, 220310358857, 2248891099129, 2897455993059, 6661640132009, 8925047311892, 7589729809539, 3923621260466, 6019152465565, 4916063866724, 5533313063705, 7014847233094, 1679383156435, 9476597205195, 9861204584735, 1009092188626, 5638009645632] 
Weights: [4239193714945, 7271200668350, 7241527571864, 8390528036704, 3779229116249, 6168364010443, 7028807403661, 9013729387849, 5810169387433, 8648396066608, 5335459937535, 6593283401751, 8154673728192, 5838277779343, 7016884510275, 4591818144830, 7186945806574, 8925140856703, 5636723473698, 3077977200159, 3693136509029, 4325527330231, 6869623083889, 4268708613678, 7447135150239, 1352671666718, 3826912043209, 5713765036584, 5559379665877, 2507022151510, 8901397142477, 5211652453088, 3541994458137, 5986032718327, 3618183445985, 5754778309532, 2458759753714, 8686885689040, 3539768316087, 8244450573277, 5071411834487, 4759277129224, 5095626170151, 2770165000518, 7943228772465] 
Capacity: 9035480289802 
Capacity ratio [capacity/sum(weights)]: 0.03625 
Maximum value for profits & weights: 10000000000000.0 
--------------------------------------------------------------------------------------------------------------
Number of qubits: 88 
Profits: [5088741136483, 4928941981565, 5577038205067, 3327366737244, 1271996372605, 5104843439832, 271227514238, 5388751490960, 3128004973705, 9746717491107, 1788877248761, 776166740779, 4977414190666, 2661113491653, 3716078335088, 2900933424499, 8923823313376, 4537427675243, 4478030971351, 3847868348979, 7495423303976, 4899115246891, 7478782353271, 5230613520918, 8793570587326, 4804525666740, 2575866368889, 8256005273754, 1785704117850, 2948773652930, 5411596907540, 7068556631278, 15724739876, 7996769908732, 1507669787174, 7558391439646, 4186071227342, 4609671735367, 8404916698446, 5647218559381, 4110398067409, 1637746514700, 8057460774222, 6342915874863, 5364312702009] 
Weights: [4400694520081, 4788318806262, 6735705259840, 3887554256796, 7192006238249, 5551970762044, 8093101881256, 8158967339715, 6574853769504, 3241294241481, 8080125944038, 4199907319284, 6565385935263, 3443086046953, 4412907833303, 5264388970981, 2170403664077, 8217141408265, 4862329358461, 2855006117032, 7207477836638, 3962841838203, 3804790282576, 3811855049042, 2521358201935, 5449115321514, 3439311890164, 7994196183477, 7241742491074, 2692214143011, 2610585812417, 2775192570240, 7460796727856, 7043598371280, 4528183195768, 8044998802476, 6470339633425, 3489755156377, 1608282784310, 7789919858603, 3042560449592, 6134233761827, 7714666662752, 5844585858548, 6698231212741] 
Capacity: 8393116896994 
Capacity ratio [capacity/sum(weights)]: 0.03625 
Maximum value for profits & weights: 10000000000000.0 
--------------------------------------------------------------------------------------------------------------
Number of qubits: 89 
Profits: [4384795803582, 9270654404878, 77013684811, 6316787359175, 3881890415841, 6409355342374, 1918935279546, 3171397330932, 3403783017029, 3172500514769, 2584067842743, 3367409060340, 5402320401950, 5222827991625, 2542729203295, 9769637837840, 3650903785402, 2216343537444, 4514022848652, 9650026643863, 2417558759806, 6244960835182, 77745463721, 9416186019571, 2553831148527, 1667882985157, 8730758110191, 8440008657664, 7868981753883, 2867226253685, 7067709332931, 5586149868321, 9797051512954, 4533038422893, 5666497536290, 355224332067, 8340795272599, 67501985954, 3177936882158, 3487706855830, 4266131929524, 7855037547141, 4704580574518, 3544754980637, 2460680962055] 
Weights: [3883981278947, 7014942198587, 8634328609868, 2676915195869, 6344698282480, 5376613996760, 8424175126348, 6066247769804, 5418373121869, 6521984087468, 7694273820319, 5826995154216, 4470502216392, 5191462040960, 3370938780078, 7000771620852, 5636980246650, 1877777076878, 3600666766508, 6313298869976, 8654105309852, 2860890473972, 2678794290739, 1298197217434, 1013035562371, 7145497731472, 3739144793697, 8157482490940, 5406648862012, 8060875819020, 5173828673154, 4741029202901, 4272863467771, 8064236849385, 6977174990111, 5716206918174, 8522649689269, 4990016754941, 2757446229050, 8308605813763, 5531497040374, 6199834354213, 2962857798639, 8148410365700, 3518190372883] 
Capacity: 8809238668786 
Capacity ratio [capacity/sum(weights)]: 0.03625 
Maximum value for profits & weights: 10000000000000.0 
--------------------------------------------------------------------------------------------------------------
Number of qubits: 89 
Profits: [676803764880, 9841903876022, 7539597508366, 5053253615611, 9035314430538, 2265048068685, 1115989951363, 731914455807, 2816853759476, 8956938512329, 462782819560, 5897800498030, 5927188113776, 2921707532540, 1670504862607, 9154195802778, 1962930348450, 3487231006435, 6788985953796, 6028941905096, 5379429575083, 3662424846808, 7084816762463, 748390299386, 1555828425811, 9334961580244, 1218538914527, 4834218369382, 1254031043888, 8607209738767, 8413898996184, 1761363160228, 2942864158500, 9798748727747, 6435226095115, 6173131666941, 7660678880121, 7314860520509, 8929175031732, 9669229008952, 4465984493615, 2118086333309, 728757726505, 1555916308275, 6207309116272] 
Weights: [5271893993435, 6077365873762, 5503573814233, 8477075303151, 8321607635524, 2334636546980, 3221702557895, 5157853463077, 4546530919455, 4391404432263, 4495640462884, 4040642739271, 4082873090389, 7280538409325, 2511953832590, 8788618872917, 5277199895099, 6497739872399, 2436819937264, 8632257073618, 6815493635080, 6279628219661, 2258626952311, 4837805704452, 6710110885493, 2269473710055, 7836493425887, 8556704205798, 4710789874463, 5896641432970, 3448951912494, 5437524223443, 6960513308946, 3812286096290, 8290828315360, 1624526060957, 8691803178697, 2458783709194, 2994296972255, 7597145819333, 8765585781310, 7793441158864, 7625351465911, 4514516013186, 1917164801533] 
Capacity: 8830058246598 
Capacity ratio [capacity/sum(weights)]: 0.03625 
Maximum value for profits & weights: 10000000000000.0 
--------------------------------------------------------------------------------------------------------------
Number of qubits: 88 
Profits: [4096462499438, 6021198299307, 8235512490835, 8178796769449, 474161960177, 941631271846, 6021242290889, 4177607591596, 2145759716315, 8152852422490, 2177096468260, 7927622342061, 9458510965332, 6759831085582, 7524311270275, 5376453871990, 5019199852698, 6477652896981, 1790010830815, 3351685163298, 4402760546096, 967715580190, 1436056171192, 6724085170005, 6314736428680, 7130224064863, 4642075292679, 6494254368494, 2861897615246, 4758016093051, 251832656482, 3680779311298, 5866434683902, 9232821147381, 1965878210691, 6708797277784, 1828098977495, 6364330046236, 8875930723666, 1961981919134, 4345972557369, 3858615873127, 1689181423765, 4524034559567, 8427947120430] 
Weights: [5421855428217, 6142467767562, 3429459641602, 7478217092017, 7404271085043, 6935082014942, 2218655189836, 7027846660966, 1846398150540, 2855345763251, 3551736497137, 1470026732138, 7860222194806, 7803258482465, 4531093378414, 4984774996522, 6487474800572, 3374209956388, 6112785375184, 7564714474412, 2290345370951, 3857929776655, 3761344454751, 3355547101132, 4038370078002, 7598710219518, 2491646139446, 6911464900525, 2706927602294, 4679793030345, 6585042503439, 5878038574903, 3497292987330, 7744827065410, 4790762504207, 4563804030660, 5899657578096, 6621526236259, 3842092761160, 5900674997533, 6630869771590, 2987698973414, 7294277510364, 6891421031922, 2275843552212] 
Capacity: 8169488285363 
Capacity ratio [capacity/sum(weights)]: 0.03625 
Maximum value for profits & weights: 10000000000000.0 
