Number of qubits: 108 
Profits: [4307118380182657, 5158965384483242, 4117601704509435, 4931618258901374, 3554043806192524, 8823923236261233, 5988811129021883, 2109569669289490, 5272398843003996, 7196126073844615, 7519635465895346, 9158793504669210, 2835613742521629, 5711997293785877, 7069715322270981, 6529969354388585, 7878455265256182, 2146686604630318, 9091784283832275, 3642729751906815, 4556017238857316, 9046615320900016, 1844809102701529, 6766785939068297, 7272469251734808, 1789500349235716, 5480348828980141, 8127274641243083, 8752763254464578, 8202489619028666, 7016917351568272, 8508076214216470, 3917637196985000, 5943275360963745, 3496050312885955, 6410402977002513, 6879675025434954, 8697363870107084, 8364054867767901, 421764729517055, 1741102414082295, 2241443310603081, 7513417079547784, 2298989001217837, 1773296750635513, 1709825067024707, 8308051207825062, 4559911943395943, 1522753365595063, 9387902142761506, 9291807801422862, 7660260343671205, 2075845589666593, 2529714757353172, 3971242939900509] 
Weights: [4481058503858122, 6662466644443374, 4708303670308518, 6300982635877774, 4202535362138191, 6766417038607528, 2382630884277119, 4856553925059712, 6960343562554042, 5953263359024823, 6958512273947667, 5157045808551250, 7423914248996420, 5552345395286723, 3671714365028648, 4377681533743064, 6280665381961012, 6297021521368027, 7170371383755023, 6980599194058571, 6779413955689864, 6324874567315406, 7563530249127309, 7022802142960062, 5022827154215764, 3803511710974743, 5337106555852562, 4346256759153181, 4344074189664542, 2409591507193629, 2527026562290294, 1514609969672112, 3151129179999853, 4672005072541728, 4801658272502353, 6174622853062481, 2119513665015504, 7765979470591435, 7400512308343777, 5490201858844467, 3775104163625678, 6105363270826560, 4622125333317586, 6618771989452552, 7421759685087441, 3843550209371076, 6286173972176345, 4634621758779898, 3855504533968576, 6289557139441017, 3510595288107205, 1784030575820132, 6371992543764345, 341324220427653, 6894472402539481] 
Capacity: 7973117447144644 
Capacity ratio [capacity/sum(weights)]: 0.02875 
Maximum value for profits & weights: 1e+16 
----------------------------------------------------------------------------------------------------------------------------------
Number of qubits: 108 
Profits: [7411651383480420, 6086699917689222, 6846735565448025, 1552692748568376, 2021233024880154, 2348815073952192, 7124433697192385, 3804314369143507, 4025456674202575, 7581706381724379, 5127676659043399, 1272747559165819, 4912210140601761, 8911224976084493, 5388032032790778, 6680228719819126, 5093553017294625, 9850230055199202, 4683860728312746, 4120585003278286, 4539002552633331, 7008803381606287, 3070491082535805, 4072232674333868, 6624790257365689, 7050905448993072, 2351237087458341, 3558663459705681, 7290117244827432, 8844037094867121, 9996292746654358, 1176176300593003, 1184018145424115, 8304564889754229, 8337946224165114, 3888184791230628, 9920447516927448, 3129821812174214, 1550385622419349, 8983582365184102, 5847287709176510, 4070092052638340, 4309211358305462, 5282043914408606, 9603665673118885, 8368624132840874, 9920640923929552, 1425705739989100, 3708441877413050, 6285607228524381, 3494943989533775, 7002559452607569, 3001813173310665, 6127423869909634, 9347056460124408] 
Weights: [4457153440639197, 3478855164212484, 4333357056441753, 3754261562540239, 2452798176704564, 5268506701887980, 3694428183234579, 3920089573011188, 3410779030317249, 6653799628106080, 6386925835330990, 7369232674404317, 5112948075686572, 2826642817621625, 6565770562360508, 3894635656977758, 3544326696526580, 6578113805991456, 4907068233416281, 3646973268207517, 6604100462120778, 5911192017899117, 3816460963070501, 2972477368865913, 3924439017445101, 5448633250812252, 7336299673528223, 7070014938183498, 6537825956144590, 4456525392977600, 1610201946142657, 4179954818370987, 5810556196293735, 5582673450489327, 6199384256914839, 3703602006500734, 2471901633588717, 6084692664260129, 2680448431391483, 4599442566151877, 3670853534276705, 5486413664475671, 7392183625553147, 3977173975600582, 5916209333584783, 5358015103982981, 6135076460551970, 5846364784035394, 3755448306657174, 6083414861841043, 7276766762187363, 5412551987954462, 3589412082282747, 4414191282419674, 2746140906833968] 
Capacity: 7578529117695908 
Capacity ratio [capacity/sum(weights)]: 0.02875 
Maximum value for profits & weights: 1e+16 
----------------------------------------------------------------------------------------------------------------------------------
Number of qubits: 108 
Profits: [6467142986784798, 9620660938085295, 3487900153461846, 6445591419274763, 4411265900785909, 3785026924763828, 8274407055408077, 9924562656965131, 9780145947298592, 9784678894764325, 4825380148633704, 5497075149483370, 9016879260406193, 1072344950157100, 4895268509382468, 3196188320657566, 2609560548109969, 8534504590676066, 4261415091812679, 6641231608447521, 7323135105794810, 8181852279053140, 7631355868514067, 928290230023379, 7530568371848025, 4130979756931156, 9888669266347496, 7593253316271669, 9773819822295827, 630054740338129, 4811405407477140, 4504732306738479, 1372730701850840, 2563093107589647, 6783043825898907, 3884500491589108, 194426984898662, 817957845123134, 2792099023892811, 4081624851287198, 930827418593805, 4595471368677418, 4307550173766651, 635606163732602, 6421102436907899, 6732630694904149, 7095265277704388, 4145727523198956, 8062252099818807, 8448351497407474, 2849065453394607, 8588698176860849, 9631795554466249, 4700743010886049, 7225979680385921] 
Weights: [7305840950318056, 1881302228286227, 6253536253381437, 6952878495982891, 2317653851466261, 6360537834249343, 7511555153071520, 4954522026867198, 4795948021672646, 1670876848952882, 7043804294202129, 5476887676973587, 5738303945919571, 4343822649114483, 5577835299658570, 6150160082650693, 6339189155367951, 5166919964634865, 6436863310253367, 6748329881389548, 7287925538469745, 1985183997914449, 2391107584849942, 5187811032513450, 5256609500564677, 1535431702313541, 7486308922812508, 2050079319337584, 6101755540677066, 7147350069103602, 4380632311506111, 6238089829685037, 7268144728392153, 6295063748306757, 2238491622900415, 1224680685873269, 3703969919488901, 6046077102282220, 5059168397004420, 3609290007839297, 3395996811140642, 3778666387926669, 6155447129933461, 2612369116189171, 3777290388485271, 5806632077225626, 4718508498935112, 4800772501767661, 3653195725332326, 5845994073924817, 4921235463472443, 5118131386512635, 4432478219807235, 6063153483225944, 2895985184363653] 
Capacity: 7667009897753863 
Capacity ratio [capacity/sum(weights)]: 0.02875 
Maximum value for profits & weights: 1e+16 
----------------------------------------------------------------------------------------------------------------------------------
Number of qubits: 108 
Profits: [338790993658675, 6409914109699663, 8247454743757271, 4368086778345863, 8808603672030918, 9443293621763147, 858089768212215, 5025783651113435, 4771744951976695, 9143250393161427, 6143233921446465, 1219634663528757, 2590236264405769, 3131117887555193, 3622639127391408, 3681834109754942, 1321616507813101, 3140643038743033, 1882633921290225, 4476002676568255, 2214134862610357, 1619874231559488, 1101029061244650, 1969207092945399, 9592017084132133, 7391490318627397, 9189028900379520, 7763812655778784, 5166461623782103, 1535406286837214, 9565579648166725, 9226943016499047, 617184022115219, 6260183394830950, 2780949596338580, 6779081444282340, 1456609557644916, 1676307134334022, 963949040159249, 32766807266652, 9520906468950390, 9154325188637121, 2801863899271649, 1223063014772838, 570826400834078, 5832369374098254, 7687502068853594, 1437830428718413, 356665964928180, 6518285359323194, 9442228761359069, 8518889530309221, 6601133580690539, 171526241173478, 2431351041290350] 
Weights: [6698245054374050, 7320335193788794, 6864372165943087, 7445470841376033, 3181563740989551, 2302493217289901, 5423454540092829, 4532665760783162, 5632301411606348, 6183794165647605, 7347076766547904, 6531943232459711, 5808883325957821, 2057055573845848, 4359759621192475, 7706739903547260, 7005881585057427, 1894942813816418, 5170385392461825, 5979735456646672, 2825938525341404, 5351296497750883, 5177367965610872, 7638487999452500, 6053018634488486, 6279068364501952, 7308112351208638, 4412635596353305, 3215150611018212, 6560290636332593, 4198639949975154, 6804565606459201, 3867723358872964, 6130344560563102, 3104892767043435, 1947802653101128, 3791551261016761, 7553441756109485, 3212466675984754, 3776748135814584, 4976853450105020, 7762690434955881, 4054666799877378, 5145319625074375, 4608287448269430, 3556113642200870, 6653098656831064, 4092414872473738, 2336715907694561, 7784779521169954, 1106816896889836, 2285909006567316, 3052936675421280, 4493212285091235, 5006086184059945] 
Capacity: 7793512305104402 
Capacity ratio [capacity/sum(weights)]: 0.02875 
Maximum value for profits & weights: 1e+16 
----------------------------------------------------------------------------------------------------------------------------------
Number of qubits: 108 
Profits: [9657895560991011, 868033995706856, 4012549253566448, 6717941132704632, 4239694489851217, 3916845759177889, 1562872172707642, 9516959336932211, 7473039054159690, 2495643612432753, 190268182250983, 5547851065192650, 3707137312827751, 6652751519335158, 8686666782856430, 2032412763426441, 6404553800428363, 5565289010951060, 1230316158747016, 9947689508164359, 1807521726842935, 4945111787563648, 1415019905559016, 4007547634832294, 2689771149309335, 5232828659881056, 2536382912005520, 6805221921262220, 7741291084764653, 7978075075469897, 2206640971864161, 7536501485508931, 7265938536405088, 9447476072643737, 6540640785770716, 5039669191138350, 1879073568552431, 5408048099078368, 2180551237887423, 1705303739658351, 979716413663639, 3245784468151925, 4248484755940066, 735454308464619, 9822092806059122, 6712354667205466, 6765636223080323, 1937686541135367, 8599186774886951, 2003385462554305, 8169744127157930, 4932298816093394, 7266588492538287, 4467830590206311, 4106431190588411] 
Weights: [3046309727771177, 4079183399047806, 6162249846600299, 4153718161503670, 2281565005303821, 3324543997416984, 4113779188666896, 6153535474264586, 4912910798299157, 4987233372229936, 2923365440411089, 5485098266729892, 4319878139500008, 6116515506856074, 5140221977117206, 5060833754996710, 4681768634380205, 1321362246115234, 3526775708268713, 1132669468098713, 5028746124322150, 3100806627298480, 6186043828268176, 4067495521601488, 5122887622031618, 4868643406615792, 5414437660481989, 2743837337778902, 3087639065181055, 6448335790678533, 4441909130449337, 5410680269442092, 4041685051826809, 4930115866911006, 3181594972787032, 5487530487437243, 5044980114643674, 4433943279881217, 4303976473756171, 2920100779403282, 2119264281047315, 4485380237189384, 6198315672399056, 4361004929812871, 5785358136457125, 2121390528252234, 2975651564089066, 4028234041704546, 3949048126037711, 2292916293054875, 5497661142564649, 4128148924128770, 2235104103293247, 4457123454795820, 6543836821034207] 
Capacity: 6554762217409799 
Capacity ratio [capacity/sum(weights)]: 0.02875 
Maximum value for profits & weights: 1e+16 
----------------------------------------------------------------------------------------------------------------------------------
Number of qubits: 108 
Profits: [6849348966974144, 7143644148205651, 7484937704085729, 7475413639021291, 1393060181159044, 5420529697755282, 9247397948457958, 3448159384106317, 604586717147487, 4764351080446416, 4232989742978628, 2759352580223540, 1621011486614472, 9748665375308573, 3335638911344484, 3195698604821022, 6716226898480544, 281971087975522, 4622429053462564, 6428800938376813, 6547295397647654, 908241533531515, 8553236543452489, 4371267633786762, 2948280150334304, 7250855877017604, 1011220438949604, 886017911811301, 3926737873282651, 9278407770615899, 5730046916409925, 6831821817429609, 6656149905919422, 2206351177119964, 5055365302211459, 8301563473997734, 2455490040045257, 719953551899976, 9986009462382279, 9805016040479361, 6086917365157767, 2796929767816878, 8743880940395513, 1123085859563523, 3581668505670290, 6303839588795159, 670486120840346, 9689556901189924, 6282666209888446, 930828588058408, 6445837768732484, 5276061556550280, 4783450557619077, 5700639865758980, 5494685285443167] 
Weights: [5012831886555704, 5316344792416643, 6012455154326646, 6940446188789604, 6493183086725323, 6260239376350144, 6722702113954337, 4396809859693199, 6450246276151477, 4216195004088241, 6405904540705903, 3055224936306819, 3902590675481210, 587159324427849, 4293716697556794, 5393713547527489, 2285109669056657, 2635895636917965, 3019222836304754, 7268047532342405, 3918194548722792, 6295690822270257, 7327149482561295, 3667951311428260, 6813036941657581, 6679034070390786, 4093933752685803, 2692121907234110, 6049592877465068, 1977245014350130, 7526882583528417, 7559087213160705, 4442086580212740, 6165669271236782, 4953381284418968, 5748604741918931, 5652973066321858, 2429914952397507, 4236320880032486, 7047954022530493, 2181642162858875, 3470182585897676, 6102968537085709, 7671552311960042, 5756997335212411, 5978576520997312, 5306787860416637, 5473846549512744, 3788877335952848, 3837763785089847, 6714721877254353, 5484223209872696, 4939473603495041, 7356005527893704, 6884864903595060] 
Capacity: 7938108360156239 
Capacity ratio [capacity/sum(weights)]: 0.02875 
Maximum value for profits & weights: 1e+16 
----------------------------------------------------------------------------------------------------------------------------------
Number of qubits: 108 
Profits: [8562721944965164, 3837140313307677, 1770792080198549, 6874413592949590, 9061782999740680, 6457859681543064, 4520059969197844, 6407158999049163, 6376807344875070, 7032608210227983, 7785687029592035, 2063831825802951, 2050243589770510, 5374333925413485, 379441349600947, 7157068256373225, 8337152333409086, 2150569217387308, 4198327580979880, 1074256208142844, 4545560646829168, 562175092474151, 9546654155187657, 5706144032395107, 6361376854420914, 4187391642358833, 3450178362016818, 6685050367725411, 2471837512402954, 2900686041480184, 7353362889257760, 7978584659171668, 7577361473108816, 9880089713554700, 5623094668141150, 993213338092500, 3210521141728630, 4543674149822103, 1760821394978669, 2387530057902408, 6986642993665066, 5277052670831904, 3622593230655523, 864370267439265, 2536918622632769, 6518031065530970, 6931282576740117, 5472898481123865, 5314419656798990, 2382854672527469, 2468370846295537, 7845128562977192, 3886890066799220, 1987097701281395, 9560352441392308] 
Weights: [7622986570752519, 3068411059904682, 3670550143892711, 4605474913665324, 6457659567495797, 7634665908563325, 7515126789988966, 4305583028504264, 3754335434582249, 4657179277856355, 6771486953443155, 6024674626430273, 4821393214597468, 6621733289402082, 4480947103292266, 6224216878797034, 3854317967459653, 4976067018106493, 4008210888962392, 5673116022579232, 6682984037893510, 6701301696415632, 3675121413898378, 2866200102315057, 4487910819800404, 6788326682457761, 6181397675133590, 3949864776776641, 6519706903743529, 4961715606838771, 6535776490155323, 1243558578956298, 3388249517533939, 3493420916116039, 2660256470997742, 5056006666663074, 4148679569536337, 2084899399435351, 4195800630692437, 5340123915643489, 6689253917267167, 3270316083678545, 4003540366250173, 3950782841178233, 6484440581214840, 5674704224165677, 3424206769722281, 4557184921135905, 3530246386380466, 7284294414571683, 7020902370305780, 3992657582448258, 4010459843898833, 3805263288815145, 4657100559017215] 
Capacity: 7634696857679258 
Capacity ratio [capacity/sum(weights)]: 0.02875 
Maximum value for profits & weights: 1e+16 
----------------------------------------------------------------------------------------------------------------------------------
Number of qubits: 108 
Profits: [4708488360937989, 9528279930285161, 3194191448445323, 6395796079947102, 9040717461710026, 7718895831829316, 3504964889111421, 2554499311685469, 3511873707620536, 6796908287878229, 8644705757219715, 442876403228615, 2943597757323044, 8301069756734373, 5246843778352042, 8767781311841736, 1113206483532305, 6055146595827243, 5460347360101409, 3058258320920831, 5453367250311214, 8921711778553573, 7547075488099642, 7527487222043718, 780258297161699, 7959654893255726, 664512362869179, 3893929983691444, 6678015980638854, 2749604242975056, 1424468821034841, 8702280108340931, 9017295887601592, 3605861691550478, 336680535448141, 8113356547396981, 8607370939509807, 2371477733569656, 3233675447110623, 3762397821935964, 9299814779630125, 4720283014483736, 6827979398432106, 7615178838535496, 800016547289783, 2134412021844065, 9644806338535764, 7708962767178972, 3421225472296906, 7076399210006579, 1478690988397797, 8291088795842435, 8694034519394996, 731382710035429, 74658284573718] 
Weights: [7597535721813270, 6658071339498256, 5787553972747967, 5423141336516143, 3814426521134539, 6072687797489275, 4671815371629108, 4697335819972242, 6829437718991329, 6346038801790796, 4339104749623366, 7632429294496660, 4822253310600227, 3177621917997540, 6944580072542255, 3273522573930678, 5067573654867520, 7138701407386618, 5648254853032698, 4468029928913140, 6848720187322997, 3966338648068442, 5587334641559064, 4885562199899490, 3521695893530872, 6703623013787162, 1246595500459191, 7114847615876789, 6748546976079237, 6283151345403429, 4676178678935079, 6600635670221603, 1443115249961258, 4416992506534825, 5624739062263996, 3437240470641461, 6935032147731662, 6614571413900058, 2882455596751794, 5005816022514627, 4655437396041817, 1604727469099118, 5685925726802607, 2499844594856830, 4957317899708666, 4217730991487925, 4255244975269034, 6891913453790008, 2724682514848597, 4814797118228665, 1684407496040725, 1175914921599481, 6553701680044683, 2713424529853712, 6336349472444917] 
Capacity: 7634671524066569 
Capacity ratio [capacity/sum(weights)]: 0.02875 
Maximum value for profits & weights: 1e+16 
----------------------------------------------------------------------------------------------------------------------------------
Number of qubits: 109 
Profits: [8000598545231137, 4836628226925224, 4961244402855204, 4934038176928256, 8635477922247170, 8062341634082323, 6232748733609146, 598738226299489, 258677703968191, 3376487299297375, 9044425213561357, 6657153532618925, 9352087738240769, 9048973667551129, 9562390356106482, 6146243338296325, 6620893085205968, 101228924407779, 7021898894581519, 4468486904976142, 4088656354297532, 399529575040994, 1804913998169926, 1820193383295241, 1836745510727799, 3619407985014472, 4720948288372927, 2111533235375583, 9256027021772308, 8023564835395422, 5098035066684145, 9762387083681608, 9791275565806103, 7757309427972773, 9043332601545169, 9771802258376426, 50875719581106, 525840257495563, 2087364124151662, 61772600316010, 1889936073258471, 1951193391867585, 463629350852193, 3136049862676751, 1310030060576124, 9756229586880886, 9612463682868637, 1054303625127709, 6559570580228055, 533550062515405, 5533659757734786, 7406818231619685, 2856564752046446, 8004820362003523, 2724220584652807] 
Weights: [7180200191778448, 8911886437210660, 3107525406066254, 1159581375650108, 6605847875740366, 4567083674700915, 6700088607246708, 1312602047072708, 8175371796047758, 7749366122956401, 6746363654494530, 3763959631808329, 5757612380452736, 6307997560693939, 2465691057534492, 6020911159612246, 8570794387714400, 6794539333207186, 7735411114189633, 7338127254318207, 2172889197705319, 4926331471610806, 3620960164666637, 2733235407316687, 6977207607868218, 6088411057738954, 8324160531821352, 5385223685032119, 7028708496084637, 3556232975372090, 8579712573328527, 7647087484988938, 4437788603327989, 8018890862194042, 1212606394880308, 9048474625999613, 9016237366951358, 8663529229635692, 5422755547554114, 5399439054581004, 7262160502406173, 6623019586116001, 6746298259604016, 5028277141839138, 4948738146903210, 5233638682488355, 7072083604446524, 6376891944450771, 3684383682152180, 1913692815708105, 8302626416845454, 3474935096198842, 5701956544792253, 7258653150209992, 6515247367671494] 
Capacity: 9052376042722004 
Capacity ratio [capacity/sum(weights)]: 0.02875 
Maximum value for profits & weights: 1e+16 
----------------------------------------------------------------------------------------------------------------------------------
Number of qubits: 108 
Profits: [9686676087097883, 3282410385755324, 1998588802110019, 6467007944343063, 2003100084901970, 6000514811367206, 9028476797561071, 797366802852570, 2899749998289199, 1866578941086257, 8459281940718856, 7503051616322252, 3518149665108371, 6881788243530553, 6877864863681092, 3281929123169689, 8697758484583979, 5978263481439086, 2599932873901168, 6749065976971709, 8042403864143669, 6828230397309809, 6962993311361455, 1042743685411952, 7427495862037988, 8036565169434965, 5959954123869286, 4848596290485073, 3317726934380702, 7841234203291853, 8596092959014003, 9250838547952921, 3294742437995154, 3462860419690591, 2824064566815149, 1119372101897619, 8159788223469428, 3034125755693320, 6213182990835403, 104996583877776, 9944436396592597, 9577435859748678, 240998384456539, 6025592857021783, 621190975268493, 852651710733464, 2455766912439337, 3728257631484770, 1183059871838115, 4719133803786138, 152531464483820, 1233878616021497, 958997293265694, 6313798039523030, 7774822014815737] 
Weights: [7192270213964237, 2777987220591641, 8489571587859171, 8518474273563354, 8070733961605543, 7380060065008575, 3715941791926968, 7851141434181887, 3851510795298889, 8578797518819813, 7847764401268423, 4114673534469620, 7360362769367632, 3550177328118277, 3718975586349226, 5451304541437984, 3895500483308088, 2571098059453173, 8413143224453074, 7048064422479348, 2682714269135817, 2409249918171910, 8257181166940586, 4712686531859216, 6590192427035480, 8534385380816686, 7223834076051723, 5187122930547154, 4454824634968933, 8320387473631873, 2939262834994168, 4195452519164423, 8461709295133790, 3680738972005307, 5509273393715245, 5029337290773783, 2026866411384842, 3392111467946972, 3811185183927827, 6681929511602762, 5623941346193274, 3735887067381259, 6249221344535676, 3810887003367896, 3988241402258562, 7529150916650850, 8110371137035034, 5108540112721409, 4261133154085691, 8548431956565619, 4334429487267249, 6946174013493519, 3282546645857996, 3621168745074624, 4837004252059428] 
Capacity: 8615790473397877 
Capacity ratio [capacity/sum(weights)]: 0.02875 
Maximum value for profits & weights: 1e+16 
