Number of qubits: 88 
Profits: [7738872250794, 4973171338358, 2416298263875, 7240730491921, 3116142330210, 9551117042526, 7368923850340, 4744629233708, 1555407536962, 3600425737531, 3412021161186, 7696875973495, 9473548787716, 2379754918136, 9487371210013, 6372227575647, 7799794830480, 9399906613660, 7487244167956, 7030023696456, 5488183473962, 7212578671937, 5497238824264, 7390154409546, 5189607043448, 7426490990336, 5125545170357, 5060087988873, 5886711682084, 7462161473997, 3071941635611, 2619126809767, 1568069966511, 2044150197120, 4279787193128, 6605312356824, 7586742858333, 2649837066456, 2286347482650, 6972911835195, 254199971384, 9398832828469, 3917074469977, 9562897931208, 1663301066499] 
Weights: [5020501012566, 3096743392856, 5834723207674, 3045176422979, 5119142067507, 4734351570717, 5934689122399, 2554236311764, 2649010608049, 4387878145289, 5598898375926, 602443505630, 6118381602556, 4246220680352, 6159533700312, 5680254584760, 5855863420181, 3874908664017, 6277629512259, 2887721418759, 3537212345399, 2514981174800, 4343582118875, 5583994551096, 5665439736550, 4427447340633, 6889088212490, 7390447808268, 5281068317952, 3624058044217, 6269566045405, 5117204006861, 3228965035155, 2172506509617, 6565683324236, 6054427856823, 3122226767695, 6037111258423, 6707341182981, 6416079085065, 4513533057892, 2236759452061, 4331512381493, 4970131208924, 6675056417452] 
Capacity: 7498155609073 
Capacity ratio [capacity/sum(weights)]: 0.03625 
Maximum value for profits & weights: 10000000000000.0 
--------------------------------------------------------------------------------------------------------------
Number of qubits: 88 
Profits: [5108020554930, 473235758856, 380748715632, 713339206300, 6037670936316, 5868028864718, 5273099793498, 5726256180835, 8566976238852, 4263164741964, 2409888296608, 8974292956354, 3516459722556, 1591926007016, 711096048782, 6688739661752, 2557615658701, 1122662159725, 1745324724684, 8623335329226, 265721482105, 9710014674074, 4742698677037, 1447418551284, 6641752560443, 5243566879587, 866440950438, 8466674698397, 1979738616356, 6127380993817, 7213221697756, 1507842234042, 6982698926620, 4206410788152, 9092874373941, 9633521855706, 7313749620181, 1628956913328, 8690660307084, 6929820260, 7353230077618, 3232470204020, 570607729794, 8748841465501, 7793088202946] 
Weights: [3680969850669, 6654209795903, 3045482108059, 6835994810507, 5726759248351, 4405802227261, 4726638710913, 4118025045710, 8091606247256, 5281179333100, 5307222193974, 5118799604075, 2709371769181, 8322472744482, 3349726184419, 5888464692184, 3294111751746, 3691316544531, 5089952900971, 7424117922515, 6030028370929, 5409187960888, 7549753037049, 3717374056375, 5196020899495, 5315828903701, 7122833494481, 4851680133052, 2846077925811, 4340852246150, 8374434086965, 5578935350641, 8047729337118, 6517922262209, 3029917586031, 5636721146573, 5214513999214, 5035989272613, 7205715960217, 2740931162811, 6162618693137, 4036250089830, 5086582914622, 4981419642495, 7755130962610] 
Capacity: 8440123601054 
Capacity ratio [capacity/sum(weights)]: 0.03625 
Maximum value for profits & weights: 10000000000000.0 
--------------------------------------------------------------------------------------------------------------
Number of qubits: 88 
Profits: [4244962418484, 2202514587466, 1406850143340, 6677536001157, 6815598069530, 336439789401, 5137901191594, 4589399400221, 8439050779088, 7536471777480, 3080796891647, 9449815014003, 4134772624511, 148709540291, 8126521881641, 7716672620115, 2374832659569, 9293377086722, 2589598558281, 9261535185761, 3738177766575, 4529748587015, 4412168249975, 9202487205218, 6060608315862, 5719285063732, 1910835953209, 3055121555644, 9210313047436, 5118012166691, 2707771461466, 3192048928916, 9641247372938, 5152235349651, 9733361498442, 5371986660350, 3247219077132, 9085196880299, 7892100384469, 674867462970, 4774046472706, 9467683038665, 3212937617042, 7839909017126, 5324090204118] 
Weights: [5641765307260, 6689178564639, 3361144444512, 6898850298652, 4000675020780, 4249235810287, 3321634001224, 3602938387902, 6620547307983, 6268508147845, 5406616609658, 1535621255279, 1153894046534, 6790348174442, 4084130883053, 5514434477883, 2645960265024, 6504666618885, 4816016950934, 4869352022195, 3326587399303, 2666296881854, 3800626219073, 5819548420963, 3901681046945, 3851652992079, 2959515220558, 4552629598770, 2437605420961, 3758918232408, 3676744354143, 4760249212600, 3478547053535, 2862773686894, 4433966959115, 4962893701078, 3283345132883, 5746305092736, 6903745741235, 2583117840512, 5988835641672, 5693448689179, 2765210983479, 5586910795942, 5683209830771] 
Capacity: 7029093833662 
Capacity ratio [capacity/sum(weights)]: 0.03625 
Maximum value for profits & weights: 10000000000000.0 
--------------------------------------------------------------------------------------------------------------
Number of qubits: 89 
Profits: [1201015459088, 4290394278920, 912622231193, 2332661270078, 9383355781263, 3320121738584, 1281546405049, 7948292392488, 6536344885610, 1693341501748, 5119640894152, 598168712694, 5313327311130, 1340099864559, 728547083441, 9277843819639, 6773074665331, 1902220239757, 7143354052739, 4230706940753, 4757391825167, 9011347841641, 5576558634794, 7650655091218, 639061420069, 2203041842134, 1860853628921, 9119220851616, 266182583015, 8538175226678, 428295418639, 7951314543694, 4588443294801, 9682485320226, 8107526094744, 6199657919026, 8506614783959, 4116965984617, 2910557818429, 4083719816490, 5914845738099, 5716709986693, 8816117126935, 4841517890048, 6917904960925] 
Weights: [8792637655914, 3515174464674, 3900023979348, 8264014289260, 2430630239391, 7917409390483, 2186282621097, 7541425092648, 4179026584892, 7322853404153, 6077933492831, 2418437884237, 7068954161537, 1663152274408, 7228786541577, 3286602978767, 7748720262913, 8406004845137, 3842051774544, 9116811003059, 5931848023163, 3611814698526, 6466602280794, 8197010170312, 9066504525266, 7875945398621, 4742909532564, 7768526942089, 9090844700210, 2915929495873, 7660148934289, 7208684496817, 3686313982887, 2210014383217, 5614043188689, 5129972422530, 5582190595049, 4912104257000, 7802478005322, 6274760318841, 3346921981185, 7984822964691, 3427555403906, 6502198972813, 6744540696877] 
Capacity: 9278674112466 
Capacity ratio [capacity/sum(weights)]: 0.03625 
Maximum value for profits & weights: 10000000000000.0 
--------------------------------------------------------------------------------------------------------------
Number of qubits: 89 
Profits: [8778327792209, 1110392097364, 3917814866491, 9741434419306, 910463860310, 4550947789698, 5284607148501, 3148850892503, 8091755637845, 7784307123028, 8874977875444, 2416368750421, 9621477573162, 1055716650969, 7408550939230, 1589476981544, 9058161233268, 835849165604, 8299910825495, 4542429014480, 3781860711062, 7203388230261, 9379586706585, 4621469236556, 8360102900998, 6889170126409, 1681702782603, 8089015226940, 6420205453136, 7907426359838, 7607944019059, 3762407400131, 6689911125470, 6287426942408, 7508023190836, 7437207611071, 6790486914985, 3445790532701, 8247379375996, 2982053592258, 6961198963249, 502400831980, 1808601745818, 5667794726832, 4890056374385] 
Weights: [4916139025062, 5898462517540, 7748746573586, 7171565357321, 6829421275678, 6933576306376, 6943293286436, 2449923517094, 4038571653865, 6221107466032, 5513609414085, 3610002088708, 5889764905966, 2876553206407, 2370692415655, 4515685521659, 2854251874651, 7705164746838, 8663049449690, 8730507674663, 5988427773275, 6477759917574, 8091075035741, 8888748142556, 7890394977174, 3037449971187, 6420566171166, 7222440274545, 9438345065666, 3663928189418, 9001014675872, 3004878519727, 8259426875434, 4320431372198, 3710682156614, 5399844192719, 6218909068064, 8564902379536, 9466668366504, 6542724331347, 1535553427633, 2015085094046, 7945556984948, 7894882947521, 3478850595239] 
Capacity: 9533801432069 
Capacity ratio [capacity/sum(weights)]: 0.03625 
Maximum value for profits & weights: 10000000000000.0 
--------------------------------------------------------------------------------------------------------------
Number of qubits: 89 
Profits: [2973318563306, 8848721174480, 4527902545761, 775923864390, 6220204413855, 2810530546908, 5528118839563, 5639861993683, 8429106768202, 9186320138576, 1627735177621, 5111835160296, 6106653395179, 6868355779119, 4193369815652, 8198549839369, 9141278291475, 3276959009615, 1665671520866, 5230137237213, 1946081124847, 4540116264221, 6843598108857, 6136867955844, 799848494554, 176723189872, 4071399529262, 2872822053838, 7598342428435, 569715453698, 8934954532859, 5887873309745, 8373953325853, 1133465207114, 9285211852772, 6979939824179, 5422842184102, 1092580362840, 7273272424007, 8308978896631, 86860372943, 3688644026149, 5442555494121, 5266231440645, 8144609686881] 
Weights: [458021254794, 8900942000256, 4475606142387, 1586681376407, 9992492507427, 5138243721165, 8749338195803, 8792843039826, 7605835530311, 4542324954696, 7078056141925, 5960068038736, 5920159011040, 3507208128903, 8917664953849, 5747017861864, 5364292638414, 6123803172587, 7122954383698, 9488778756207, 10008378154662, 6368605461985, 8137668639965, 5426302588686, 7852656540946, 2030746651232, 5222319416509, 7973607048361, 1795699240748, 8387581147887, 6988044853226, 8815033252151, 6725343589730, 8358927934922, 6986935061097, 2942852790379, 8542600047859, 4634642119551, 7926602184191, 4889397293553, 4368117335657, 8953870830066, 3824317017856, 3788247319758, 9336375049760] 
Capacity: 10022858814927 
Capacity ratio [capacity/sum(weights)]: 0.03625 
Maximum value for profits & weights: 10000000000000.0 
--------------------------------------------------------------------------------------------------------------
Number of qubits: 88 
Profits: [9766557234433, 9564432219901, 7842282224856, 7976739289457, 2980362264185, 3777927016837, 5294979996791, 5012038785041, 4805538361472, 5936283325086, 389426768074, 1080396692796, 7464057720297, 5785102369718, 4406275787012, 1468981278048, 1119460095870, 5157368752697, 983670503395, 3098017527994, 6916118752703, 1928069097884, 4132970262662, 9258945093133, 246625589917, 2872726888737, 1652553314575, 7411250057381, 3828434635163, 1388213994322, 2670274489249, 6607075781756, 962274565443, 7272756592131, 756220258522, 8626453023165, 9575872402820, 5622521003294, 4657282736947, 3135244041934, 8695361549710, 2281868182257, 4168198251406, 5036008223060, 8313081691412] 
Weights: [2414457719147, 6610644426404, 7404175719144, 5649735422712, 3195754454094, 5432833745225, 3596945643894, 5680416464243, 5370032437019, 6518306180133, 3889572705900, 2308888104075, 7895589032305, 6542967129600, 2550002212017, 7297646756132, 3868145606910, 3397999008163, 3224931377523, 6667488934172, 5461968731632, 6796302526270, 4215440041797, 3526873212757, 4337570279761, 5113879843155, 7086022998691, 6080531960392, 5951137841142, 7279758240491, 5584651156710, 3524385927031, 5213917992078, 4373592025348, 7431122298468, 7770512940285, 2337549316774, 8002676440469, 8388067598662, 6459635010703, 7705828303017, 7101451485237, 6290626188285, 4492078891370, 8198808889433] 
Capacity: 8705771586483 
Capacity ratio [capacity/sum(weights)]: 0.03625 
Maximum value for profits & weights: 10000000000000.0 
--------------------------------------------------------------------------------------------------------------
Number of qubits: 88 
Profits: [750091159735, 2683447456353, 8224264754497, 8848468876143, 6359270540119, 4960043827604, 2373340454975, 4203316852486, 1035566753790, 2204526823469, 2454893544516, 5010332294917, 485952100643, 2623035737889, 6219213939115, 4682104783740, 2713655489369, 9981269487148, 1149817167795, 3616068361217, 2230645062075, 8444888122119, 4301241430250, 3955347659921, 2816717113825, 5340256736803, 1987315902104, 2541326795381, 5815806719050, 2794246507397, 5443976191820, 2348691794439, 1842206788556, 9329962109149, 8616502296774, 189223253354, 3769379131175, 9558124601561, 764879354779, 3899919961579, 9179072814098, 1669763085504, 2851164808068, 5729554985818, 7292901546601] 
Weights: [3073495282650, 7569627050781, 7319064769746, 3789802776609, 5151316381894, 4484217654397, 3661952006387, 4810753477396, 7256856927387, 3283123837684, 6662514360692, 2698129820223, 6193414540370, 3705216827036, 4341245820833, 4857686768877, 3373467467796, 4918137170285, 4604557933495, 5328582859245, 3720665449447, 6430781286251, 2974797233887, 3255456060533, 864784486618, 5735350381524, 3917406865941, 6727127985163, 6757938920559, 2342331084658, 2515047965982, 4239291428903, 5430243154126, 7241307741058, 6255353789602, 5683514625723, 4085233716259, 6726156977080, 4074694490749, 2879293968126, 3711016692073, 4599149297013, 6462540588620, 7559790876395, 2262130053901] 
Capacity: 7668201806022 
Capacity ratio [capacity/sum(weights)]: 0.03625 
Maximum value for profits & weights: 10000000000000.0 
--------------------------------------------------------------------------------------------------------------
Number of qubits: 88 
Profits: [9917600523499, 2846446406149, 7154560792358, 6670712264563, 487396579834, 485105765725, 1355344468709, 511702866466, 9975056312057, 9074073365505, 4639772293609, 2711514090819, 8874453913834, 3603847890068, 5660883167548, 2811067566063, 7271286602774, 3881777313453, 5095559357804, 1421014918368, 2090365570173, 4445463085989, 3549445057922, 6072660256460, 4696409062978, 6866288942598, 9111139426994, 5162563043024, 4373212435884, 145632447178, 6760454861021, 9004009427503, 5338659579260, 7897807896072, 5106123897353, 9037271255528, 9684873804884, 6604813657693, 4955160328996, 3390477102678, 8907560849818, 8845816240141, 6892506885876, 4880106849213, 5074705507661] 
Weights: [3917220801191, 4183711393023, 5714152389328, 1156725439018, 4949256031976, 3667180059215, 4333319088105, 4907624319708, 4322034436803, 5127215532230, 3407474019637, 3988237806932, 2434538972657, 4545765265800, 6819686784626, 6747216598788, 4874021257882, 3771001399797, 4661808402438, 5764250198061, 2445579596288, 5443590213621, 4630412190319, 5596528528359, 4713126192779, 2332447663290, 5143793019724, 5798283013587, 3700116493297, 840677055828, 4194863643779, 2305386511857, 5077940911757, 5104995216331, 3365272461976, 3817990557639, 2541942763959, 6748317672302, 5429187882134, 3105983232844, 3991324693339, 5298081691072, 5594102737166, 1983984660075, 4466874018343] 
Capacity: 6835299651112 
Capacity ratio [capacity/sum(weights)]: 0.03625 
Maximum value for profits & weights: 10000000000000.0 
--------------------------------------------------------------------------------------------------------------
Number of qubits: 88 
Profits: [6564202013473, 2359746624821, 7112361984072, 9400411458245, 8592545585203, 6459886196184, 5295646211444, 9351054309455, 8528295753508, 6480367450507, 3940006090414, 2677761370952, 1827317705491, 2571958390283, 7561889139650, 6912045014008, 9103349978320, 9512269043958, 4068505702758, 3849986664730, 8036240135560, 8369820228892, 9266185838978, 8652526462051, 5658489044193, 4076435822532, 1033862545766, 6287152737036, 3640142615857, 2667476285055, 8097727263015, 426785943866, 7944505873861, 9637345721434, 4129835140018, 7817217475407, 2989810010131, 5150947120109, 2204605016758, 5730485862403, 7912678261423, 3429036762749, 6356325661436, 1475599882513, 7409452929388] 
Weights: [4639302533865, 3670555681546, 5152110816737, 4837089392039, 4441250736402, 2622712588107, 4797386231639, 782607862724, 1254870400306, 6327474659245, 3695641658018, 2986018595471, 5734176944527, 2621297369589, 4728719419089, 2035929774469, 2754500410188, 2516932312757, 2832458811347, 5550605791380, 6135816085435, 5742830982057, 6128023782761, 2311466036952, 2847320276645, 5069200190053, 5617749809590, 6196126484239, 5550319247617, 5013659704042, 2514091098032, 4006263918871, 6539205866306, 6487160013948, 5848323982110, 5943907337217, 2310400929592, 5582699411043, 5478353830384, 1751586920835, 2534718280223, 5064764688239, 5278464040614, 6394678500239, 571450235222] 
Capacity: 6902956111552 
Capacity ratio [capacity/sum(weights)]: 0.03625 
Maximum value for profits & weights: 10000000000000.0 
