Number of qubits: 120 
Profits: [935095517639985718, 61875991505906820, 281615367927713755, 905114375734805706, 220051606674238933, 842293812777894204, 737444461404278529, 299158676827652991, 488317537892701622, 907637959827828966, 476548600510129384, 977178283332503983, 376339774765202479, 384966497117333601, 949393730629229784, 301424614231499524, 741339635386125968, 645100434470231012, 148328820492942419, 983559563957853681, 237015708424069203, 756136385753174396, 872542664440799408, 269769217663337293, 458026876249249411, 217647002272636501, 747237490268249708, 583374258851812120, 641218135105593951, 267796285109002165, 631516796984730233, 316959130519884552, 253958888435515351, 537573895623238586, 687212870863489025, 77726676277822021, 188262453248068336, 277505026963936920, 253736853125830421, 457109668695294506, 748882276553961274, 362721814565744644, 313650542120547008, 775705800967208825, 370203038065899188, 59779427897966278, 688039212200777172, 417126698197288182, 688885593805245295, 530721230567718398, 564645124227298803, 634485322904047503, 194564233174239721, 264203118792114409, 465815313650169599, 488810538622157385, 686124737305322179, 173456238017093207, 134876404198847562, 646332163184074317] 
Weights: [476932869713733295, 257790538201569480, 505679349792104313, 589799494633482559, 541387647957681901, 633438568039835259, 118785921400665799, 350632526349905471, 645482140701106752, 377287469512252423, 503477324184602120, 496692993035213420, 432549332199509137, 491894342208610852, 437906550505945138, 611299312529882838, 269716836082971145, 686658974908225242, 393235780699636462, 573197260460450281, 709307929371278991, 606681315713113753, 284121236195697837, 619588760164995473, 628024822364793799, 404321873093499967, 115699107531959616, 416604857769147057, 662048009780979676, 290045144806618241, 387659777121218073, 672970508355109603, 628065598992250411, 627492798629300201, 698826928887620664, 337821907440234065, 689606534146421528, 394594085596178790, 703034256977483128, 354623908160490803, 575252555859321161, 570683393168313013, 336252304795774945, 304300910092334661, 589933497026554678, 530679375942894469, 613554850906892643, 529219823453234274, 666064940448345739, 624924631274984941, 533348225232426955, 357685220021028730, 520514265161147256, 328474946315453920, 689970454444986172, 404839111485503777, 272622417308539122, 257787932207427039, 274492671543785068, 501897928162993690] 
Capacity: 715217644279552384 
Capacity ratio [capacity/sum(weights)]: 0.025 
Maximum value for profits & weights: 1e+18 
--------------------------------------------------------------------------------------------------------------------------------------------
Number of qubits: 120 
Profits: [664191813756339638, 131958867118249831, 582587302897144645, 171657828639434810, 800221508566794906, 631949621994938520, 528530766498889666, 558050020778686845, 755713263309175721, 830467224714159501, 565768639244660060, 64344795607362172, 685877566586032825, 86746457081768827, 263500661980116077, 42638328536700632, 423340043302558326, 110404655410975573, 936610639452269268, 105559816133008186, 907136152014537958, 471974297638462293, 758533279206126110, 271046110431127555, 817363073590731250, 6947328086372420, 320072608031604523, 262820872768773688, 743061027004198271, 898523403967559251, 886405783298849136, 293339968348575605, 192191245875123109, 817443838676653301, 318457174581505458, 719487497358544945, 11819120533529111, 550656737172302914, 537383580373483782, 741167777066474624, 860765947209912600, 388003098808088038, 557859798960222244, 242699950623136001, 592359877509518311, 905156234786766376, 294136316553138456, 547918060721261188, 980308085464432027, 372756374854120798, 626940401847439358, 783196820798280614, 154760481147181553, 919432732418801394, 653071820766223012, 610549072307920049, 427660035563426266, 155462217346971596, 177576904408882524, 594960786882645576] 
Weights: [645852439043591107, 695838976556795714, 526807791717071285, 484414356805955295, 358540523689416425, 616286657456686066, 193276228263679531, 128149130851253644, 379710703330117656, 416531150586020885, 424470163811005001, 687135010315904119, 754672167969639126, 473617608228453697, 511215534621134386, 538568031441236381, 592731001877216060, 220079050609538069, 619457991302809834, 538871845576181641, 596789233114530958, 730990627562753270, 401618919432515780, 399811079772517761, 748180217072579807, 668821663601865035, 543190533725477433, 771397659106249960, 175268519697355310, 350527075253698388, 534947090726345649, 398819319399775710, 655419455674255699, 513468896125665313, 638812410535475909, 485517950477338753, 86509115780380452, 317320432051631898, 550269753362981563, 354138783458634567, 239958616642559213, 736534845913346261, 528759898554366426, 531198740101490045, 754238755659847614, 762695666017900381, 469556403034302570, 714717914354176621, 415724726966511447, 491564465574521740, 521960377279491950, 610735472415500717, 610007397037384794, 706810139866931120, 684486442384766315, 764832029647138138, 283591576911659696, 677159137836959556, 664052193998796109, 376512513196746947] 
Capacity: 772633428457015936 
Capacity ratio [capacity/sum(weights)]: 0.025 
Maximum value for profits & weights: 1e+18 
--------------------------------------------------------------------------------------------------------------------------------------------
Number of qubits: 120 
Profits: [223190070292404829, 671885287912249212, 414399741889990588, 535824472728215896, 559538856954884384, 734687493661749878, 753761183412417031, 414640391476230111, 775303043734900619, 619546375954370848, 945388990032796212, 547989041765756144, 83245794428562841, 141657990963669850, 794648164228018943, 647179176273697993, 819888083503037568, 560063860739569268, 94715680545737040, 238646597777995207, 843585116345672484, 266879966331998089, 544658245457868397, 42239619324767138, 841872558701979229, 896677272378905201, 438457059514883826, 361661475651525225, 667257005892456326, 556368926467801565, 682880147265501604, 475428808519583564, 167564276068246169, 104976081084990154, 863716206299283395, 806713785817009615, 791661718175278506, 347835591455658516, 995685043729193871, 793756276111018367, 565416542700302756, 647660207337066938, 124259079896316891, 984455056985768018, 195839759069395899, 80655438602416348, 675952370730444910, 252035570523333282, 759085555624215751, 199183523103651441, 695675382350341725, 345710947636066455, 947318377650187165, 357294248313801163, 509929025652352877, 314734195906127990, 798573726706379385, 626603819988956297, 42137885539133426, 273531750376609502] 
Weights: [361792595860496586, 189181708782560047, 558691312725998417, 289127746813539624, 397405728869982386, 372106878154545397, 362447510578025007, 700444620491310119, 271496051287530456, 460338720826917421, 589689659009849627, 400246045556106517, 379667645116950335, 563294502818643498, 345194160407086410, 456681227605969090, 680799180312561566, 716791193229131611, 460547694577858327, 415862990223824932, 697578552946882344, 355772922846624695, 701490636693825412, 409591381765848381, 427614744177376097, 547230913444903822, 546264758552997654, 630472724318528630, 414497746239861542, 509642207449205799, 554471321918327322, 415772190443243834, 506222883807492511, 685707861234933863, 470075986665685606, 596588764684545614, 399283657285996598, 523679489583778521, 594319735467637675, 238796978247406003, 602274032025552243, 352883809500457524, 396721196948633705, 369358365702122398, 664818620807238600, 504984043638281798, 473756168692355280, 517437153167828528, 581567158704191468, 721177750466632280, 396528910144627762, 409003900475154068, 692666778273790066, 521888131495830345, 512785246168634007, 708276267029010424, 571834914520782973, 574628869329811789, 209496942150381691, 104678881556243318] 
Capacity: 724821515029113216 
Capacity ratio [capacity/sum(weights)]: 0.025 
Maximum value for profits & weights: 1e+18 
--------------------------------------------------------------------------------------------------------------------------------------------
Number of qubits: 120 
Profits: [897738368576038291, 825531691760414967, 174190216847167281, 357993546874147679, 743187270642053900, 601892067779303521, 97074648141323088, 178200921025664113, 740145528673151461, 944267734028272821, 692884648412036671, 895682935102418675, 81762344711328303, 862734367641513052, 879746330785788545, 425102630651737235, 977090252946992647, 544402587573358918, 853453557149820445, 944432359062852610, 442291115919839729, 721682790597590891, 934085636121180852, 856091194742441192, 529127594059389496, 841521347471936024, 887903117723058011, 73860326251896041, 116949292600193425, 13149122526155287, 872593230051017382, 565850248081052960, 521144182760193005, 98696434103445623, 314734414726119687, 98946305280625743, 342431736822370100, 313443836347596844, 289361593351218942, 816142215919466379, 840479046165698450, 500619984822114834, 771163580476945293, 823706038905350660, 637028599832905421, 120031845240690040, 903742390280207621, 627076537778697104, 717359967235737885, 395967143260986371, 489141131161885262, 540249169498821899, 65147446797446529, 793766214048170555, 809291662431056279, 758247299288997833, 246447060049793586, 705026327743344143, 864319203435627055, 66301733646514893] 
Weights: [234174080021343065, 683009000629607569, 699414326457618914, 696830215908275442, 463018368377083793, 483663028721106143, 353925973851790480, 516638752375358674, 692374281223888426, 613579410309970888, 697542347955229569, 512766180432805029, 471066533537105888, 367196047814554486, 621866500430641273, 550846432400692614, 331236825557173592, 582916339632889429, 664802940006776590, 605077906769513532, 386360641863806081, 690625032210420851, 674314924819603856, 374365139551032398, 176203063749942564, 174272388091673231, 565445156807040978, 345614900061936050, 300021592011489454, 391971279244129765, 502737412644423140, 181255247336668341, 365760546951918363, 632051977585956428, 399783326875285316, 400828549748626122, 594048066668562734, 338379104224120224, 564987694517158403, 618325701587268322, 375355173178122070, 658608878538998858, 347596808016680748, 611511581342167687, 397378474357144257, 312844876536973755, 480425472633015648, 325425902682829770, 694002239437613088, 390963630686937124, 316238775695220869, 332186942680340606, 668025377275983056, 474459516452591183, 446289130037551519, 333318729045323664, 629912038514246017, 402206752968629775, 409364103432574102, 313168214302268879] 
Capacity: 703433830487892480 
Capacity ratio [capacity/sum(weights)]: 0.025 
Maximum value for profits & weights: 1e+18 
--------------------------------------------------------------------------------------------------------------------------------------------
Number of qubits: 120 
Profits: [194329450392553690, 214530706818488721, 808939677954616832, 292188177937741933, 54116958668048203, 159318687990546465, 508388898054963305, 705107567715288417, 302421748154175887, 316180650487203961, 242316246147218679, 334054945364352137, 19715147710440996, 941300053337839112, 55973301658955027, 202559906141381902, 256049066093369241, 995396961871275585, 287832050525660667, 220664085298621857, 716130554959837400, 921305771226628101, 789169635307509135, 81025400867755356, 783212514177013978, 744510100588612449, 105930580917686985, 562638424276925977, 620394785587603675, 637977422976813888, 673592665395725900, 668489101322309145, 614349226280877646, 676394609757725200, 708045230799906520, 441782597045627001, 359029150588277042, 24348169993184395, 992107256856265448, 916421916366380551, 757336288165017360, 138331575567015667, 139184823043319752, 553779035185044265, 307198584800925093, 121831994029337326, 105845156925474588, 633506120203434046, 58455178437659309, 546780032347984283, 18079718875040737, 22736524173462903, 109157045981773221, 196732136907477085, 537301065615433400, 768633114504862299, 293384967898138372, 345137249400804890, 68249571167257116, 709310400306036114] 
Weights: [338302064098436288, 674768805061834261, 522178237757129383, 447884447557518758, 409897950027581732, 353708354322147388, 386812074346441420, 669320914660088701, 699742122828986648, 264320946970358096, 608767962320741149, 181434300245043104, 698949768583843984, 577112022972583621, 620469406351202470, 496959798763403004, 458584342144241291, 353923420748601796, 434506747407341871, 310671369363292488, 696709279491436045, 519609906286460508, 672637807249923173, 242038138054840470, 669852823244682971, 604594046344689188, 252645093998882062, 530516862743484897, 620967042893244596, 680658775871510228, 181568842831667275, 715843704196300125, 282698867929335908, 702787249037691414, 408555079900709089, 389539932115085529, 434539023696949854, 623385599516672194, 670883669329598663, 387915611360347634, 385809581293423962, 449016945561295059, 329185359382975694, 395799432193609298, 637357203379441242, 389386068938771099, 659863705759771971, 662688116476729885, 365748660046660207, 533501494588991191, 668344964472325247, 334051565382404457, 410312338362799056, 381980486687232771, 428120529186677749, 270719948285561351, 600187794500194055, 613684708800875348, 440360349390582351, 169577776068048695] 
Capacity: 718812014569941632 
Capacity ratio [capacity/sum(weights)]: 0.025 
Maximum value for profits & weights: 1e+18 
--------------------------------------------------------------------------------------------------------------------------------------------
Number of qubits: 120 
Profits: [961981029420037518, 759559348308765765, 44469479251108065, 556615275815427188, 729607882258650111, 301443607684485584, 215096055483859685, 124162817432982539, 224778353401366927, 99638492188934866, 754336758520211580, 244162494064244097, 90441007775483786, 726204443049276938, 978169270178711082, 71278368903369854, 87895931567721613, 31699687125395505, 442158510217564551, 781113850676267993, 396843816378098490, 630860581034848720, 601227310319956378, 400238732489594698, 972166682493427955, 496962505975915393, 298228561475249320, 132714942572568707, 25830412804425898, 530296443682802140, 914981187580846122, 30892547565441708, 617863478252530261, 525644550879034692, 294075006554894527, 83546199236071326, 732139164764589041, 102518678162267765, 147761921935083757, 435416088362510824, 771874836072085053, 328189098097796486, 721420936744021343, 114245351591302607, 329532536720433968, 763471453524984483, 668205333834426009, 115044557423854471, 785378128359951163, 333698409851537972, 941316889508972915, 878155197985495014, 64297524657872392, 729158725559688952, 74325168989856732, 140881423845782730, 635839665353667904, 967359191547943881, 742368700357511451, 292619730536855138] 
Weights: [397137381763730343, 88201816946986272, 521588917562441960, 601230365939798557, 460366436873923724, 670711918868668827, 539231106112989123, 351831198989194897, 399471109191988908, 507988715367250641, 701054773998823861, 586920638608446236, 369353239288412977, 700153123535841626, 502635992967586792, 353160345365973494, 453013868225107625, 680374792980741457, 327228719277870557, 499161219078678510, 345337351969843149, 425406819612408770, 404773137817691783, 471007575825633683, 524954392422752931, 544490504761859999, 498540788545750182, 250179319959849795, 683216597971209926, 214515581344767067, 208187626671264894, 374706154469618130, 557307341464498594, 138648748921238919, 443147302205955211, 518175707714334485, 661908047494494678, 401250419747458166, 196877981208861928, 622264656396468470, 394560482603396508, 389102292345382199, 478995910443407907, 577553689781650773, 615182146305864147, 617954476011524198, 685937844401323184, 681760550936231501, 385171309855998779, 433673983455875166, 502904896421122042, 568588790479393174, 550330482581434096, 566682192231679398, 581282739977657773, 252618213223650266, 501608699202691372, 607894269515281010, 703205909736512365, 509621210393089874] 
Capacity: 707640666571338240 
Capacity ratio [capacity/sum(weights)]: 0.025 
Maximum value for profits & weights: 1e+18 
--------------------------------------------------------------------------------------------------------------------------------------------
Number of qubits: 120 
Profits: [477751121159478553, 441140613445020173, 66426770610885650, 780921381168122160, 415032303769243498, 585867979682787837, 40635408180948872, 764550500678639822, 459787761531212653, 998934588684452054, 383770451523887200, 86430355332765589, 270191068314847824, 272565838828137590, 23662943046125521, 996332242746106320, 440227603324208429, 244629170947110247, 932732205839189396, 254682410602771112, 67041761479352943, 97284822155553728, 55041643271300785, 366647417933715734, 734536483590085868, 457390840794130407, 204414672844051194, 987815888321342366, 217966237402424430, 49684858791310230, 370274692089327192, 891360435779800420, 315313902226459521, 487018224837972116, 531376383885659295, 237669258529918684, 697534657521479312, 47953917211863804, 453262115547543460, 810043705945583672, 719209542069576333, 755672121543000683, 852307537061826617, 977140408893021163, 846991343311159667, 762660293285542370, 509252976783446967, 426201387731225936, 714722432281131815, 254659138163274009, 804444526510345255, 630419267711416983, 274135034262916125, 966580473049867875, 204428467386065938, 146910590145524224, 714472374578618759, 115908512655500452, 732770531517443613, 702667682452997699] 
Weights: [635588332160184077, 499594326863152336, 577578210952868898, 648918607416357898, 601380977139725665, 303160892573807016, 443193700354535621, 157789825374386253, 831051944255238634, 166842792416565059, 525477418145095832, 800124602753916740, 793501423011738863, 597415353053840521, 626208191577902132, 348197138657340885, 720163578103075504, 736876878729588923, 463038916150611128, 831747433420184479, 769285822088023743, 456355251996177969, 848872029013383689, 788122522041455660, 414434305896896298, 772973038453643139, 744559850883216041, 451593235476499413, 507458705071137413, 712868405924608803, 686544333022471247, 672511860597914595, 698298417281010004, 632845551749131265, 433700393691925597, 554989656208151193, 694094790276136043, 272983731019873098, 630587524689409353, 818743658215611979, 433256033037622919, 622125645176114451, 419213887303395612, 383666905175848017, 450616064155447380, 97824103643737247, 755173369579013221, 813781218537107929, 631719564811776601, 517031478935324468, 532671188510082796, 372524968061815711, 768723434286958273, 431094512419810191, 456721485616289664, 835984812052097786, 445711094517057611, 476589970097538325, 667782383854526383, 804536728532739118] 
Capacity: 849619840142247936 
Capacity ratio [capacity/sum(weights)]: 0.025 
Maximum value for profits & weights: 1e+18 
--------------------------------------------------------------------------------------------------------------------------------------------
Number of qubits: 120 
Profits: [341468975148512884, 866182248933064023, 526706737557220365, 202637957128606428, 900307504919894293, 56244650519504565, 436924976457810981, 893388196195313809, 773219334422754046, 184923131436389567, 849269208229318787, 467413644896163552, 291847613753815223, 543505910302005713, 982924452501088516, 541231018023355157, 570106042966064753, 697560917189242737, 948315837904927018, 754469314364397817, 685463803934851061, 19472387994884852, 557538583885628812, 836725650945591823, 379426348160954161, 44223146203757142, 534837269957913694, 691888729192550115, 913836130075886591, 989362620597584171, 362088851365467049, 286751261951478527, 974884963102345333, 269358415054332396, 614837436443326744, 434664074670198688, 223876936232796498, 123743436725331022, 760826405681411223, 516715250584173191, 471452148778787187, 882362565772615500, 711708647816429110, 124058217443195393, 46074679292459729, 779293822343731010, 751225161400951292, 850682939960247883, 510888839058346032, 477918491707742602, 759437013516987455, 494048808134252584, 48226120418864437, 77617020651271672, 702585204315825763, 990535566874793083, 758547392549971485, 826900710848069938, 458474198636486392, 24170007753811959] 
Weights: [563265891230111722, 392527061817431079, 324253347872869811, 393541011697517268, 540115181429761065, 437039550408710109, 511430961248035361, 544146344094292713, 470959625034332455, 597224314113694293, 255530937905995686, 285743415252453295, 477169795267214141, 324466329751961204, 438388007812654693, 287255866745860668, 512376223479998377, 368234636334638343, 342575953593010069, 409861617721308795, 175536102834548864, 164141043093281589, 330845110959724419, 419907051737068477, 607932099418178436, 361487134056613060, 398128483709405294, 211986970766882984, 460396773040432771, 365248615749253957, 452807714235341202, 551061271905447181, 560220429633948639, 521621241447855178, 519454385914807380, 354267110392253814, 270937733068584022, 451186343348828337, 454918687128565970, 425601992392540433, 300264165801726762, 489702531608044471, 505693547400941346, 394390746816442116, 559908334295739484, 296391509905117318, 122641969943442395, 491730477555770367, 275412279149442350, 503392529047480964, 492998322534193726, 318312303769576613, 490590743101874617, 541248153136717679, 569426148136195072, 525430791694130125, 422580780867075048, 167327337588035101, 365120512713514408, 284347256330996853] 
Capacity: 609451958080235008 
Capacity ratio [capacity/sum(weights)]: 0.025 
Maximum value for profits & weights: 1e+18 
--------------------------------------------------------------------------------------------------------------------------------------------
Number of qubits: 120 
Profits: [90378779862399982, 509644447712209887, 303907178682519496, 304707775105952522, 984826229855884922, 873421770490078772, 441646383672902086, 453654500993515132, 530948050885392166, 394331930264260067, 820073151557184295, 112124971474381551, 696989138352290896, 745447932080477693, 828270283125819117, 434976242196145171, 59213713898367624, 153217709122746742, 977816440030376533, 972177477283623081, 253406646195953079, 719627978773938063, 512003699221105640, 287144624242442150, 761965713183972092, 120286649535564955, 597872866512573141, 800885193662325656, 17383311183453614, 41145464969608181, 912572237016107897, 311959461350451279, 362985140109430536, 694645761986078024, 935807266718952651, 441376039478833141, 230458890646856784, 613385655631985441, 395592939968468760, 221391214995119822, 496414581354250653, 604922881367084078, 702927390785012982, 223067062652007764, 716414611961522607, 671148237025656557, 392531632737158340, 682778315626210154, 872910020375673688, 266851884259859968, 207613717172100885, 813503452607699740, 774962231136175409, 476405862634779143, 239377492852660898, 767840628638392410, 394829579826979756, 871742189231048433, 779088899004496674, 521377342707311977] 
Weights: [799211052105676186, 109914180407838629, 596224521714209290, 576445521643484479, 733720497079417608, 617794834487078163, 408146030725808148, 47751700198173946, 731693117579310608, 523884176995751837, 714467738420708982, 344265657927852978, 410259125307836527, 780058560818739175, 434298586752878515, 145145268056891974, 140214894156475566, 712923884319832110, 366835879915766365, 455163113247828549, 803798569386173532, 535666044583877090, 742306278733344588, 503269261362152825, 522560618896922766, 615697789698733378, 593041655187098642, 813392992670925060, 490865563561396472, 611033226163538494, 802765482672672604, 464755601515920574, 664259344404450267, 147926640321283504, 602731957068838581, 677115608061091892, 599432902697235171, 707237802741923970, 765094301474839846, 769727731713705117, 588337446626336629, 363953296699020464, 737993771471472058, 660116310393266176, 645120556093301663, 806323459195993019, 706529558768427474, 544872188835566437, 477414253666746691, 723545673295166439, 543828332037168398, 548621040854524893, 401221274595859778, 630130257506292510, 312474212006791925, 516283355082281672, 612297086906098148, 296641565195363668, 684434924224602640, 632548978351543745] 
Capacity: 822218142441531264 
Capacity ratio [capacity/sum(weights)]: 0.025 
Maximum value for profits & weights: 1e+18 
--------------------------------------------------------------------------------------------------------------------------------------------
Number of qubits: 120 
Profits: [50269767616348078, 114298786578282247, 898888136398344488, 695158324772479758, 41249143731988387, 449897583999892668, 556885732066570272, 936473266381020100, 885078426589627136, 899236864258597923, 317156101581685449, 313395308402269916, 851332847517600242, 169738154445693113, 866736611480185425, 923492378912445002, 233161668444102152, 933644895983927483, 315858533835857993, 22795705292656205, 279451264712302218, 247846146549593300, 614074755923994526, 894852088749936411, 721706666925146539, 734128256957193454, 674464958249466297, 112850784172981114, 93409657721941002, 331335927413642261, 339928377136951161, 520096595050234965, 469464373891451204, 412333075927617915, 120341121504563761, 907987354052713887, 770809074630582795, 620468146451458021, 504874996689187578, 117152688672172081, 534239701171891503, 877838171662869279, 915528216879848042, 745074438743945761, 202754675962917575, 37688947171255035, 576702847937494099, 955903331312087182, 142889571800965191, 173882879379541962, 68468084609063523, 197635676998987246, 817629292484889039, 308876061372518238, 394052439256470321, 84187677840144544, 730788096588624072, 637970654828635029, 128087497774733062, 92654509101390791] 
Weights: [491491216864992215, 267639953867294167, 815675150252575171, 676354864051587592, 429836800441414006, 337565809905777382, 733123955969838579, 816883884495496324, 686123347276304231, 375041577952220041, 638510219490717802, 623957893312135965, 758612524580784313, 690670114737686157, 256085793635390520, 321231481126026778, 597282732200420962, 349329436082650552, 655573198114522564, 275093221027034361, 542028298631539194, 351287013923646463, 429578481388385438, 705389839583350698, 622873970358525873, 781674095351668975, 780819807566223949, 299282894805804758, 810462757732421281, 104307302688509931, 804039510952824218, 488875438178676329, 696613834747449775, 418307179280441254, 731592812049728193, 780461323972432465, 432239986525918809, 742660400038554232, 328186438771131901, 726992115648029664, 581703469148488104, 260627109612944918, 574685255284905521, 584302147584000736, 422535125355105329, 659106910917308687, 471122194834243943, 667200121258054162, 730720691589311104, 799958066240189425, 790157212992534533, 784227013469272358, 354955076522140637, 392065687994232650, 309415766306631169, 746869905743320901, 452061998815153521, 433141791596289017, 388476667386533010, 494640201867655593] 
Capacity: 820051962550087680 
Capacity ratio [capacity/sum(weights)]: 0.025 
Maximum value for profits & weights: 1e+18 
