Number of qubits: 60 
Profits: [8359603, 976763248, 84965585, 100980821, 730196092, 519266258, 245888030, 687202356, 211190669, 376767735, 61952627, 991020163, 351845792, 889715406, 967917874, 886286108, 431484346, 7609352, 749121612, 382676772, 6922703, 497786130, 334191574, 743714813, 139493825, 921280362, 103593695, 974905688, 240793123, 904354208] 
Weights: [782922839, 248167244, 229245403, 461292490, 682362259, 465200585, 533192646, 494819025, 635940038, 488596312, 288182895, 154212076, 318658737, 594826910, 748461442, 123059051, 844530284, 569586044, 591023538, 600958322, 719129117, 454511768, 635673597, 398790862, 547752564, 374476703, 619484788, 564357190, 357004945, 385583876] 
Capacity: 872475851 
Capacity ratio [capacity/sum(weights)]: 0.06 
Maximum value for profits & weights: 1000000000.0 
--------------------------------------------------------------------------------
Number of qubits: 60 
Profits: [829418454, 173788612, 884741711, 81708707, 627793322, 264765463, 936730739, 899579875, 366411147, 188307118, 724650741, 214399137, 511094520, 352359980, 435267345, 308582083, 825899909, 38111611, 707826009, 144372794, 913598196, 807736291, 736187904, 549397643, 891488232, 275332152, 13202780, 492695541, 313180934, 896683285] 
Weights: [93565735, 169909206, 240941142, 404623370, 267653928, 625963633, 762738919, 818258037, 354264285, 204473911, 437058756, 627955965, 719177973, 175733884, 531765843, 405496006, 816594553, 164370650, 573675081, 619270352, 258832394, 512032042, 214113364, 418708235, 670579432, 704707525, 547707377, 801457079, 562186573, 350774791] 
Capacity: 822548231 
Capacity ratio [capacity/sum(weights)]: 0.06 
Maximum value for profits & weights: 1000000000.0 
--------------------------------------------------------------------------------
Number of qubits: 60 
Profits: [591228425, 662336331, 118139517, 51453930, 30043485, 595237333, 928941605, 821397417, 315355491, 335329508, 187452646, 455077586, 424952460, 893917109, 613447273, 153280601, 451847577, 575427971, 593341317, 457992886, 356005052, 511107064, 134558734, 26480410, 990754010, 907046804, 761522004, 22653248, 267259518, 849668269] 
Weights: [372229014, 114158398, 689718772, 363302154, 399435322, 680758693, 388838596, 649295231, 612068492, 748541044, 650165144, 683623178, 636701663, 925305895, 232282979, 797810910, 633601080, 217158821, 488423833, 520942019, 142240929, 202256080, 911223284, 393964635, 793873339, 179167586, 812956362, 898113105, 522995044, 464785566] 
Capacity: 939774669 
Capacity ratio [capacity/sum(weights)]: 0.06 
Maximum value for profits & weights: 1000000000.0 
--------------------------------------------------------------------------------
Number of qubits: 60 
Profits: [93541448, 984036825, 791590039, 604010789, 108084826, 890496213, 732198841, 96701734, 226335531, 213379715, 868599779, 294155957, 538393352, 304609975, 694575538, 174143718, 138445754, 793093359, 801079282, 177197221, 734612684, 32131025, 787047281, 262050549, 344077043, 561625375, 303882154, 915372586, 813532092, 420450594] 
Weights: [349634710, 443264105, 546434737, 87573588, 765703338, 272526752, 253096674, 591203802, 621702784, 457153633, 819738454, 745629159, 342828833, 651558627, 207152399, 503789177, 216588605, 731395690, 887321595, 887533079, 830796105, 817945208, 409228870, 806529508, 130558672, 434316185, 386428565, 337116491, 580457437, 813693671] 
Capacity: 907304488 
Capacity ratio [capacity/sum(weights)]: 0.06 
Maximum value for profits & weights: 1000000000.0 
--------------------------------------------------------------------------------
Number of qubits: 60 
Profits: [77962260, 729047854, 823566339, 445503770, 179485869, 433411761, 206092939, 753873291, 653222182, 372200641, 705343968, 243783779, 139805335, 28325175, 26646956, 30687990, 766924904, 144668775, 795196717, 202102135, 892742947, 987233673, 500885529, 1528357, 840811031, 666232329, 395183893, 241687434, 192216575, 384441721] 
Weights: [793599826, 576233502, 267165841, 841755158, 699159951, 814915075, 215434751, 332013747, 445192607, 179360254, 662707926, 575829801, 222605828, 594506492, 539474929, 663079869, 276352021, 465370300, 272924653, 585199796, 536909765, 686523694, 358263464, 420972218, 320296082, 271577328, 510281948, 808122847, 631176967, 234115676] 
Capacity: 874704797 
Capacity ratio [capacity/sum(weights)]: 0.06 
Maximum value for profits & weights: 1000000000.0 
--------------------------------------------------------------------------------
Number of qubits: 60 
Profits: [37386794, 830267868, 945905453, 896462639, 123796836, 336938913, 560843267, 571892071, 135484825, 841372401, 571105207, 6349264, 882544636, 935042729, 744090899, 87152726, 665443550, 66027312, 678697134, 453787571, 513549881, 948684344, 205945285, 932320216, 452313985, 277184295, 45853445, 385855762, 5170937, 644283964] 
Weights: [754504421, 229765807, 517227306, 143232995, 448335389, 631510753, 755728440, 609164793, 611305978, 547523738, 506804258, 567708556, 591830877, 350783917, 470884604, 113237109, 264157984, 162739051, 685002386, 545780163, 746079516, 354753157, 324887952, 254773998, 819871361, 491075788, 334801204, 663521532, 160337017, 662310113] 
Capacity: 821852940 
Capacity ratio [capacity/sum(weights)]: 0.06 
Maximum value for profits & weights: 1000000000.0 
--------------------------------------------------------------------------------
Number of qubits: 60 
Profits: [611956708, 373968041, 274157516, 403083011, 622826425, 238648016, 896540518, 457340353, 169698112, 228122685, 191449775, 446612919, 951269247, 189242863, 896786208, 56827622, 769204793, 394688562, 852335969, 943266395, 328227578, 891160106, 871939290, 169548407, 903071511, 842500324, 511864312, 145348384, 275135458, 631172477] 
Weights: [698764859, 821607129, 239206006, 318844765, 242987364, 832725457, 678655773, 206231454, 405057108, 192391314, 266034907, 669204414, 498053679, 794292090, 761899694, 172978910, 132962832, 229294539, 571267967, 189793772, 472962565, 704031135, 718079844, 799293511, 625270332, 795596183, 488057692, 471997937, 565895106, 213146317] 
Capacity: 875830924 
Capacity ratio [capacity/sum(weights)]: 0.06 
Maximum value for profits & weights: 1000000000.0 
--------------------------------------------------------------------------------
Number of qubits: 60 
Profits: [168925045, 113388074, 815768385, 274058250, 845025669, 358502131, 350457533, 40003121, 566424607, 553583360, 515128087, 103874860, 203943585, 67905979, 597142532, 568551606, 811447653, 410685766, 73001697, 962923232, 368117392, 514790375, 947885518, 860923976, 720899710, 498850769, 44109815, 243075058, 910231826, 575690387] 
Weights: [117332360, 187448556, 256287232, 344158073, 647824577, 608929390, 318836683, 289869673, 131375144, 316453640, 304036356, 558091068, 519506966, 433711830, 439015762, 291129996, 481290194, 302989835, 271145462, 536828437, 699664504, 581456301, 425621379, 589897178, 412678981, 691405194, 725673802, 678140657, 387436468, 194120229] 
Capacity: 753952834 
Capacity ratio [capacity/sum(weights)]: 0.06 
Maximum value for profits & weights: 1000000000.0 
--------------------------------------------------------------------------------
Number of qubits: 60 
Profits: [115718485, 150432701, 504523156, 885402680, 984140577, 793234987, 231690944, 831109348, 923906062, 397285781, 401533327, 95948491, 366723359, 415015665, 319282289, 387347021, 850053500, 27184147, 434261009, 896574372, 731687062, 391360507, 761408008, 23195486, 288208575, 265650435, 935720279, 894407161, 809089999, 432605297] 
Weights: [283350554, 725283451, 277331472, 509081394, 389688998, 516325704, 190942911, 431801363, 679808978, 536068549, 222518570, 262450411, 684092064, 321555856, 86667542, 643875663, 171201234, 79981461, 406201622, 341634615, 395470111, 523596178, 517008299, 696812230, 767940258, 574787384, 557859631, 711778532, 304466828, 696199037] 
Capacity: 768866477 
Capacity ratio [capacity/sum(weights)]: 0.06 
Maximum value for profits & weights: 1000000000.0 
--------------------------------------------------------------------------------
Number of qubits: 60 
Profits: [682619480, 666225801, 645882670, 552162335, 366594645, 491053452, 500718743, 575880338, 795085878, 943396720, 488395904, 805643247, 732748138, 120285764, 996486653, 722629939, 971101547, 945201185, 417317081, 523080605, 689800946, 124763703, 873816839, 510130192, 350776666, 570600479, 914618603, 614657551, 143780773, 349200290] 
Weights: [539855895, 964524886, 967440383, 233230833, 943035719, 516820165, 209418645, 319616402, 711209201, 460170186, 123776057, 527103123, 256363073, 852990150, 956735173, 817982079, 821967062, 266949653, 871207521, 691457226, 641706325, 535745755, 462977878, 639057428, 345900027, 142380423, 406721525, 421339372, 530274589, 934815744] 
Capacity: 971811175 
Capacity ratio [capacity/sum(weights)]: 0.06 
Maximum value for profits & weights: 1000000000.0 
