Number of qubits: 77 
Profits: [78747713533, 2535980422, 17778052478, 20220181363, 79202924631, 7252057423, 60511687302, 21133779394, 19869119699, 94394783970, 98182995408, 43982671394, 57785604663, 78672676041, 8006449878, 42487879400, 4874255986, 9052371939, 377949105, 41612002879, 60880351595, 80859698573, 37562326977, 54769122045, 67735635738, 99668039474, 50263015431, 85163207325, 27470385889, 97983897296, 65478343258, 350391225, 88070094533, 97157740291, 63120113367, 46628983651, 68743932000, 15138820874, 98544409596, 57258103055] 
Weights: [83580427659, 56632426189, 29927603276, 33443310018, 39145097561, 62131446179, 72975617225, 46668215850, 31211737185, 57454086373, 63611822933, 69566075894, 73843088753, 75189671268, 54144967149, 51084875762, 49836712194, 70353019418, 71151684692, 64440501098, 26777081219, 25014002190, 50017873563, 76271968780, 30382485285, 62918531289, 46195109698, 53297546184, 41345089193, 37538241794, 24916292868, 33997244778, 77579123971, 65882926594, 36066081733, 59905253738, 39327717426, 82327946918, 69527890022, 40567855192] 
Capacity: 83899976205 
Capacity ratio [capacity/sum(weights)]: 0.04 
Maximum value for profits & weights: 100000000000.0 
----------------------------------------------------------------------------------------------------
Number of qubits: 77 
Profits: [41794884893, 81685912706, 47544614689, 74429931693, 12572746372, 60506821787, 29569642708, 49695851162, 23950478909, 76587507422, 33742625680, 47732698703, 8424830487, 19916040391, 81221054986, 28102110301, 59400071985, 88974073856, 34491333451, 69378414456, 47595170227, 95227920732, 46728362958, 41957880435, 31856395010, 68707247940, 29451750995, 50122898218, 30528766952, 65957376407, 18168065382, 97546895663, 27018996461, 76562271183, 35611605382, 64221440592, 48105309615, 6447120221, 46226753120, 25790089350] 
Weights: [77842656837, 72620835930, 48194988634, 38180357734, 35237892872, 65671649707, 78059007336, 54353152411, 31835725364, 58920841528, 44416098749, 54488299860, 54310671971, 55034180465, 35022678962, 15852632035, 59156899106, 60908530962, 62319216316, 32189146710, 67360369860, 45301394447, 77524497685, 68749789681, 57073629869, 35802586529, 81476259267, 48128130293, 47504711103, 77811761704, 40197345895, 66889175378, 49519633191, 56659170505, 33270189798, 29418176018, 59807642912, 49430233614, 74495394189, 40336826629] 
Capacity: 84096496287 
Capacity ratio [capacity/sum(weights)]: 0.04 
Maximum value for profits & weights: 100000000000.0 
----------------------------------------------------------------------------------------------------
Number of qubits: 77 
Profits: [85563526571, 53828442269, 45325548663, 67685708440, 13338349187, 34382947639, 57779879943, 6911796341, 46195756714, 45184336082, 34715851422, 71480530817, 15396203156, 29422215002, 68339295836, 61029728756, 47845968373, 90650076613, 44217240884, 77844407152, 77869793478, 90027319243, 3717212061, 33333443019, 89342663129, 52843257726, 23171110601, 33476478687, 33365315784, 51449498888, 91516719030, 76764262957, 37658466268, 2826080499, 58000906987, 42947769499, 74140806055, 45314996293, 21462625462, 71312047994] 
Weights: [68269632297, 61735237742, 25375796139, 29861894335, 37020303410, 53295076571, 51742143698, 53181267528, 50201933300, 75320348032, 16366701712, 76595402852, 18889150403, 47261826732, 66297674643, 59041394120, 50030773695, 71343869884, 71770945072, 30726722736, 52783349779, 33561444460, 63194287219, 72244657678, 33186099637, 36540402672, 53966438875, 44448738846, 73152581711, 57753513273, 74192945579, 26779642816, 42241198211, 73124711590, 66891925945, 39930379119, 48970058442, 60669523040, 63380115320, 60535645456] 
Capacity: 81368856042 
Capacity ratio [capacity/sum(weights)]: 0.04 
Maximum value for profits & weights: 100000000000.0 
----------------------------------------------------------------------------------------------------
Number of qubits: 77 
Profits: [50552928671, 81096237676, 94382483790, 64358826798, 22503856993, 59097330674, 60866817276, 53035048608, 56117737433, 48966689373, 17035344778, 26496834876, 82345245799, 36888847285, 35444370934, 63723967869, 87221598974, 38604197791, 68413112603, 40687489627, 8344399929, 36372217006, 99747779228, 9256225917, 77210261689, 12336133941, 45476269603, 5636780481, 82075745396, 16389478182, 25331050875, 63854729712, 57948654684, 38993484504, 4999054670, 24945883728, 12961102939, 1935527019, 26445325774, 25182885442] 
Weights: [19341807152, 22502126766, 66669740403, 69193290823, 41934815231, 42283116188, 44471813467, 64773990732, 46063751581, 69090329345, 12628855514, 55845481937, 56556362323, 66301838462, 74116756558, 47878130566, 62447265083, 59959570619, 12042144746, 16737708536, 22260446323, 80608077172, 36720509444, 69688505853, 65467563363, 80363359284, 51624344677, 46314558690, 61876567691, 49657816742, 61121419443, 42924065780, 56952815352, 68958020713, 56364595858, 12268184263, 70970356811, 80825362580, 60655806902, 43602977994] 
Capacity: 81127832845 
Capacity ratio [capacity/sum(weights)]: 0.04 
Maximum value for profits & weights: 100000000000.0 
----------------------------------------------------------------------------------------------------
Number of qubits: 77 
Profits: [11850259060, 47678755826, 65203265082, 48996296173, 51275952464, 44813652124, 28020043015, 72360426118, 41472405489, 48612111587, 8780708599, 9720905486, 60637643039, 29568984067, 76290632402, 44890113882, 78047887454, 82312271561, 26629838808, 70471358424, 40855144199, 43960817742, 86637304035, 65259956641, 75538606122, 35754067827, 58749674081, 11820640147, 19448005580, 27301595051, 92040960001, 98917090183, 55764506006, 11400193645, 83395739872, 7384384668, 6489255436, 55098712805, 80639708235, 38055728641] 
Weights: [66993456018, 88801205922, 50531256265, 30071286732, 86522056935, 83211573891, 82341731544, 84109396726, 39809246587, 48244045773, 56702720277, 70642580376, 66910848186, 42295017184, 35462750777, 63039554261, 82919177866, 37113336115, 42437316600, 23406491295, 71239677024, 93471212199, 22768553612, 91018039884, 31444945705, 74505115890, 54970211828, 39010089615, 54501015051, 67299433632, 52481248282, 51873423960, 92825434235, 93393252574, 28317367314, 67068015684, 74917331312, 54070653567, 68455927086, 64893497764] 
Capacity: 94642131880 
Capacity ratio [capacity/sum(weights)]: 0.04 
Maximum value for profits & weights: 100000000000.0 
----------------------------------------------------------------------------------------------------
Number of qubits: 77 
Profits: [51625254732, 48720116284, 91108312381, 4937120092, 68436531713, 32297519162, 82457451197, 81659292311, 37622586067, 74868698751, 17698390961, 71251813630, 77145046244, 86451929480, 10315643882, 3391336361, 34988791646, 13727022696, 21800386256, 67123687956, 51749974571, 61917078705, 30306973577, 86879370757, 62580824659, 3108758721, 34855588673, 63845818253, 53995520941, 31022495517, 14370653419, 95378942853, 11542249348, 56465398202, 6524646157, 56722928530, 66241396775, 35417587922, 75981056738, 35422526604] 
Weights: [74377415004, 71405731623, 39835482311, 66840869485, 53425094832, 37662714192, 48249336134, 36496220484, 51477495639, 20722636676, 61359557089, 39878236483, 56310914642, 52418111928, 64040323590, 34515100146, 22218965278, 26502752700, 71041690839, 40494624476, 30415701709, 64736249295, 60088282494, 9461618819, 56260844170, 64695464323, 59837017244, 48502798398, 73262042052, 52499812316, 19230334568, 49210529327, 53384281999, 24307274363, 73129715858, 33757162245, 70270041717, 19100446908, 31197911634, 51363479556] 
Capacity: 74526704688 
Capacity ratio [capacity/sum(weights)]: 0.04 
Maximum value for profits & weights: 100000000000.0 
----------------------------------------------------------------------------------------------------
Number of qubits: 77 
Profits: [61029746478, 78178545008, 12292162436, 92170912409, 43450950748, 98209399487, 89353206605, 46630321029, 10009608481, 98366012838, 13805336447, 7238805796, 30266695143, 25704911349, 35407749574, 4874723281, 82518806620, 13625895561, 20959100488, 86000068982, 92470735755, 43432029593, 49169369453, 66907765274, 74892708871, 88176207038, 99571120384, 71237618673, 96115668836, 47993223731, 33077071204, 28372173444, 13259436285, 71605143991, 97625909835, 47436764944, 31536393265, 86972759391, 29461613979, 40846183876] 
Weights: [77537902269, 75711515229, 36693316191, 69046767311, 34623311282, 65954361960, 63603883335, 40341972989, 71075625627, 66675055605, 40093267763, 52730707414, 49672683688, 40893702797, 21792150398, 24959026327, 70625690116, 45250922825, 27546131567, 80060020866, 28764405016, 39093456093, 78847441640, 13087391037, 58282732840, 53304742563, 75145597112, 68258758811, 58248338764, 56621662696, 43395046844, 69728471376, 42610137291, 41943762783, 30014693240, 74903034665, 79989032929, 73484905801, 33864560405, 70262145584] 
Capacity: 83114843066 
Capacity ratio [capacity/sum(weights)]: 0.04 
Maximum value for profits & weights: 100000000000.0 
----------------------------------------------------------------------------------------------------
Number of qubits: 76 
Profits: [20844181214, 34901678527, 79912347985, 59997636881, 20602679851, 76646727412, 87078292166, 68580489034, 28871764891, 41592664701, 69182926095, 67997133714, 97196037572, 80719003460, 26504552317, 12010817099, 86134266704, 26126591780, 31839467831, 63778907581, 97454512708, 768680546, 4080671865, 34569071603, 74038334124, 15803272067, 78618894494, 62558311598, 4810792832, 6901125248, 40748350454, 15937253009, 69632752594, 40716985225, 39301437050, 30665670387, 46880271524, 60062366594, 82138445892, 80618337123] 
Weights: [47631130791, 66708268708, 48171752437, 47708174338, 32136792350, 48828203462, 48983054345, 51562651676, 27218913813, 36579025627, 33294863411, 28411384900, 51293900084, 17976706288, 40568939468, 26307071171, 50125867077, 48096771954, 59482623566, 60339334914, 42773488690, 36207134807, 52873978511, 26947580750, 67241844088, 37357522680, 38759986269, 36284315931, 56978219118, 27521265359, 51390503886, 61475516013, 59820212256, 30049183559, 27340774264, 65255237431, 27323366767, 28892337256, 47821116977, 37601106917] 
Capacity: 67808502011 
Capacity ratio [capacity/sum(weights)]: 0.04 
Maximum value for profits & weights: 100000000000.0 
----------------------------------------------------------------------------------------------------
Number of qubits: 77 
Profits: [74632881910, 43867193698, 63673243411, 72255561698, 9588937537, 78794251431, 69510169913, 46329675341, 18990772732, 62364788289, 58560992709, 83640695881, 53582492636, 46805836677, 5652327401, 76142208540, 184147525, 61066395561, 6577610770, 78817179676, 97963432523, 94619106629, 35533638607, 83629470263, 80847122822, 72214711868, 27397749675, 30551886573, 67844187586, 21803432868, 52204847966, 27757796959, 79772163900, 72541115967, 89750305134, 64975047107, 58943469849, 94802524562, 34780881084, 94309055278] 
Weights: [60664610973, 44261793888, 33065931525, 71646092114, 57325286625, 48305944660, 57541281001, 75546632611, 74515089353, 66554616955, 80726373955, 77692671729, 37305159704, 24173175088, 36205478728, 31145628834, 78494749659, 60761783003, 52241344352, 27305875903, 81988417132, 41003544331, 43793275829, 69850465937, 38539323362, 78477705910, 80168836405, 59437592210, 37824186101, 34400810284, 44660729711, 6110270372, 17788850328, 56845148137, 82113828036, 26946378034, 48619580083, 58459719252, 54888439441, 52924957786] 
Capacity: 82340685453 
Capacity ratio [capacity/sum(weights)]: 0.04 
Maximum value for profits & weights: 100000000000.0 
----------------------------------------------------------------------------------------------------
Number of qubits: 77 
Profits: [58109799928, 91388249214, 32497572451, 58491347676, 47486087528, 5349034934, 12221564474, 90791256031, 1078923014, 28498131352, 6834991474, 22275397633, 16163315747, 50292686974, 45711816541, 52373891404, 66385108840, 96794728512, 10267778346, 98974753909, 64395157893, 55013777087, 59741807668, 86148591257, 9283557320, 10156819169, 14149345144, 96404783338, 21652056641, 74939779469, 19585950781, 35089236963, 58570111499, 83567672477, 7315996436, 58660120000, 36736807140, 98826316436, 57145520419, 28110985972] 
Weights: [43276581918, 26865158111, 56472932701, 63567159086, 66707240198, 19324009875, 34258184306, 35827511044, 59641628017, 63653554598, 71006538609, 64155658191, 72753036670, 21723354711, 68316533093, 69212004790, 59794464060, 54252893528, 55646624400, 28829525290, 49287788012, 68605665026, 20728556733, 46000168879, 13388848797, 64295885526, 60895294288, 70574818501, 20781399980, 23181883840, 62510112809, 56328038171, 56834891157, 33317973755, 27933787976, 62531898806, 38657646472, 16600054113, 25878034883, 60024523936] 
Capacity: 74160327575 
Capacity ratio [capacity/sum(weights)]: 0.04 
Maximum value for profits & weights: 100000000000.0 
