Number of qubits: 108 
Profits: [9247594737830736, 2143529519466111, 3449580999088787, 9778551335201222, 6428228087183744, 8994910733367087, 5477078773825762, 8168543059787763, 6997647923075004, 1678590782459228, 7083872903287649, 849185496594287, 5586952622167707, 2777196831634827, 1584154110519814, 1718526824372943, 2785874740976166, 7852951450287256, 6819358203497929, 1835942647977049, 79546523955424, 8502916381389134, 7313854437590526, 5246565572339834, 3848245555926042, 7300056362100218, 8966492620976857, 7727535811222079, 4625483967963028, 6489471764649421, 2503887442664413, 3037070379131307, 7075191570099422, 7393757893250744, 3288060942130429, 8020867826575887, 6050430397807865, 107574011872756, 458850857775790, 9222345897554891, 5729253314665341, 8545448446925690, 8871101128527669, 2554454761624056, 9669348165904454, 3322552434018543, 9140057230617196, 5835523891295983, 1461531330112212, 3417088254742003, 1844331235869094, 7105920881477307, 7333297947525805, 7628257898249156, 9195416702076702] 
Weights: [2733195652760073, 7850506153184311, 7562761910460607, 3626687169394326, 5260330118133004, 873369795346890, 2808432441256314, 2725758328819829, 3948547043928881, 4011168032224648, 7892998799970243, 6734232132005652, 7454649173217773, 2860846744926473, 7050833303118549, 3237376215924311, 5210364732543627, 6386232038792094, 2922484712040508, 3502154293442137, 5378506552740583, 6162999043090758, 6792355266953730, 8285747751094880, 7839212130346014, 8125975350982308, 5963369046824925, 6833193764196097, 7385385870909822, 6683595172285505, 2902245359469514, 4107523230197618, 3331622181543079, 3314954628634430, 990842603710944, 4029225892634431, 3732745408066381, 6981141077482929, 6194177655312453, 7364243183638767, 5900869463329686, 2817376753107772, 1582198044769366, 7224873855775572, 4702422127287449, 7620061878555107, 5719483490937982, 5860875872299901, 6828053847386681, 8249133399259851, 5699121882618132, 6481804273491094, 6654948197338900, 6396252132546604, 4920704417416133] 
Capacity: 8308748531418715 
Capacity ratio [capacity/sum(weights)]: 0.02875 
Maximum value for profits & weights: 1e+16 
----------------------------------------------------------------------------------------------------------------------------------
Number of qubits: 108 
Profits: [1021462068995119, 1360639268520101, 6560037455176380, 9326435044409504, 3387277160261898, 6875518958992587, 4964525774562347, 9999296118301676, 3142010589771884, 8503538717135752, 3695281212977025, 9407721784158559, 7183928080208460, 9498230622103091, 4808551879799072, 9148375683940052, 124259265046191, 3148989777210946, 724778217482315, 2292226594822482, 4030283055614577, 8665100152090604, 8589850644379012, 446691353521708, 8989643356009200, 5823129455127536, 4981491455184535, 3545096709878233, 5288185339408596, 2630056696139576, 1497632620283438, 9227532189476687, 8448553798100652, 4618583096875423, 6293564637655303, 2005003675775625, 7989856810961593, 3774073377728205, 5972857564380757, 1353999188024070, 5293809674965995, 1134708449987045, 3558664602297018, 2083787789870110, 4914153100135211, 2926779699822187, 8395300364647618, 4567978224651706, 3484314381200252, 1116433419591941, 4282873565234769, 884721403060928, 6541562956536797, 3163192912287084, 7247430559627058] 
Weights: [6602271210985440, 2717141915312652, 4064843532789209, 1390595029835410, 6471039533033332, 1433441317348727, 5049380394271001, 6107053590651430, 4866702362606545, 2680277964711040, 6936905385810729, 5142694570437953, 3397167947471153, 4735252331981793, 5928118483810922, 2203746200940904, 7346317430968769, 3772855514509463, 3874807904328960, 7818225397482047, 7667471205930407, 7321345520966132, 6977412135428748, 4197950472917714, 7821622002540634, 1464248880241581, 4310310956454955, 3135132689340515, 2569761608910310, 4835207611833061, 1503859183011768, 7139001196132237, 2143675703412036, 7531251257606549, 4713455686602346, 7473362554337669, 2621134178360717, 7294862561532508, 7518018787631971, 4535865886905463, 4656932568932513, 5354377400497103, 7649427325994538, 6839975644121805, 1900246628365091, 2313966001321877, 5484172532208550, 7742200371048931, 7012133080035982, 3621806020065030, 6527841701977306, 2649281858898320, 7525696485093335, 7584934349165290, 3992065706181185] 
Capacity: 7828573490591020 
Capacity ratio [capacity/sum(weights)]: 0.02875 
Maximum value for profits & weights: 1e+16 
----------------------------------------------------------------------------------------------------------------------------------
Number of qubits: 108 
Profits: [3639652784442870, 5136669712137955, 1196322496179782, 656338203629746, 5683713677061435, 8810096699277321, 9305040359466808, 8567110523465165, 6166605538078446, 8015488176895259, 7269250944548558, 9300414919393634, 1088294799510708, 8903846311569150, 838184419792012, 2495626917648935, 9691553745270929, 1398884502180022, 4731459156296349, 7494124508838552, 7718134435096376, 7928613719689624, 9219975604836134, 2219957954120205, 8027949436205362, 73798182159539, 6451161835447762, 7856855168938554, 7715123418504808, 7855784272233690, 7595418805091707, 9601355163179842, 552950346057994, 1057700885215904, 4127065881606357, 7002126677105325, 3671673764766605, 2709898773789455, 8921453394649231, 2380425563749956, 3097687733309835, 80812750372594, 9888072080610163, 5401766158873407, 1219956351552, 3702713271835794, 2249675281031754, 3677097147852417, 8278732738125767, 4754346677609971, 76323457172438, 2387694752093606, 619408171610616, 5326554826727652, 422607584336098] 
Weights: [7329635761695697, 3815513875140805, 3156354252039455, 2526471682773159, 2587891278457536, 7363807540650480, 4302713469159435, 5311629387566644, 2787032162161659, 2208282184080772, 4870120549862783, 5566747100626821, 5007389841558397, 725176757843779, 3565905697139247, 6719115242826774, 1993555063518635, 3906127742744062, 5718692223680964, 966363424969342, 6949851327231740, 6062079088142528, 7592876257625755, 4716350682984606, 4967783550962790, 5817495857138198, 5572775663196770, 7337678981713633, 3937274213769340, 2869774499212240, 3335314255559457, 6777567255071962, 6972739058537391, 6397554492531877, 6740813887723277, 5492402360995568, 4788587480348423, 4704775671131764, 4714372287427350, 3325138970108177, 5808758624332358, 4897700208553356, 6929102099878140, 7421199242394241, 3115451377884298, 5640246635113425, 7315880430148316, 7348184218141242, 2971274237195789, 5400042573530455, 6343045605940284, 2458378863339888, 6709218509657690, 6664783911281904, 7682152133287977] 
Capacity: 7720424099963440 
Capacity ratio [capacity/sum(weights)]: 0.02875 
Maximum value for profits & weights: 1e+16 
----------------------------------------------------------------------------------------------------------------------------------
Number of qubits: 108 
Profits: [7984147588325933, 3226686503617539, 4134702167148042, 2216049820431291, 5177960187020496, 1006170749665902, 2767229068391093, 3213748739312981, 8055250406331797, 1775760666313078, 8115715003708128, 9551642467379368, 5839064259168923, 7052917321070278, 7956478383489893, 1507132043187042, 4285440988388447, 8671932683356587, 7914696102873853, 2843988240262117, 1225604788885527, 8603701551681716, 9379478103392046, 103643189712674, 2174747835679957, 5133586528596417, 8969599741848973, 3802213849024934, 8019277832254183, 5971797286532015, 3633005969235317, 1820562540347382, 3841961990185015, 4524017390495400, 930462795611090, 4670834336619364, 4864950730896360, 5090395214013628, 5766762569555061, 3370575566027741, 9734839573581751, 5875246810623710, 3274830020305315, 5910994641260888, 7303813127944492, 6580657257818330, 2627620882919936, 8411289864934232, 2061778780872164, 679634013303670, 4924768854839090, 9522645087879437, 4675241201858351, 2871102068742413, 1219153322581889] 
Weights: [6984004654468785, 4672540054528942, 1725571430039498, 1437625140843905, 6976314363392487, 3642819288960821, 5680916419644668, 6160578794164488, 2731966583298076, 6483113222204933, 6082711899012266, 4147052299372631, 3497490744923851, 5967481150867484, 3312170650740375, 6446615954929389, 4894145088613285, 2312265220885243, 4049980763314381, 4578600440224880, 7007032397249935, 3954676598428218, 4412975541288420, 5740929259103084, 5025841883613661, 3749518496308792, 6669739623340512, 2631844312082225, 5478880845537233, 4988344775257485, 6506918948915391, 5980238055400025, 3484910632568805, 5133311793617555, 7044190863405894, 5039393166315701, 6731326239528625, 4800906611916960, 6370824128059544, 4183796658864219, 1660879185066110, 5563877157591726, 1804273778309193, 3745939265744281, 7003400009517144, 4478645308038568, 3535581104883422, 7585056729936044, 5401568483677625, 5543406622196987, 6748102179211199, 7276894729221968, 7197112964310840, 6470325871637810, 4612246924421804] 
Capacity: 7786392034302878 
Capacity ratio [capacity/sum(weights)]: 0.02875 
Maximum value for profits & weights: 1e+16 
----------------------------------------------------------------------------------------------------------------------------------
Number of qubits: 108 
Profits: [5107449262875953, 5773957331748193, 4589622244291738, 9029189459898397, 2723161030046929, 4930225176854444, 1785933583068909, 948901283708621, 9207697178482017, 3482333546676551, 4251563144431349, 7700891381490599, 8223822209536330, 4514888142438265, 5322372420918060, 3662009074824507, 1628821359730863, 348512273614510, 8731270509517993, 4990721926508386, 6778316436484769, 3479451874294076, 2097930718883659, 5819408554854504, 9896595010655912, 8442988229954797, 4911614852142541, 2708153813570806, 9435831978376102, 8607555120746423, 2578038871514027, 3146551595716399, 5081401452873118, 5748231250560430, 438269486980866, 2814515669585820, 694764294455807, 5377051181136058, 4756782055520569, 4558382663618717, 4442691935014398, 9015455699445595, 7032533893628047, 5537676252224576, 4401229196778613, 3810388907222164, 8444687377462370, 9457543036529326, 1060372051202459, 5667463857035265, 1763762713873564, 8948536472552123, 1738654491024246, 7009547631595031, 9558148615177647] 
Weights: [1063420054659013, 7264167111385776, 6501338497438244, 3435074180085005, 2401727614316041, 7343061791314586, 5432652857281137, 2835859864645077, 5826537926779592, 5787954898051821, 4387549223127328, 7050182369009239, 1261468221627034, 5236124242453680, 4066819383861973, 7093095987824413, 5080125861812298, 4259914785658085, 5780569804715037, 4220502769640809, 5975918007994066, 2037663086635290, 4822475653610677, 4807280818767569, 5060012669091779, 5973347025482326, 7056809227358568, 7002652813901070, 7103778515655347, 5970750699289099, 5402276433117073, 5790264125434948, 7555782696229396, 336777441409256, 5909418298429168, 7824043857038798, 5359992046766858, 4302363679334949, 3911704273131671, 6536313011529195, 5866159210314665, 5263727475155752, 6236876813948034, 3809448125591118, 4917014762424421, 7534917307211645, 7100866681966680, 5991768270483620, 4167163356538113, 847894038613207, 3803741632041230, 5684360052701057, 4690197313238463, 5560359977755091, 7029004978180222] 
Capacity: 7954470696862407 
Capacity ratio [capacity/sum(weights)]: 0.02875 
Maximum value for profits & weights: 1e+16 
----------------------------------------------------------------------------------------------------------------------------------
Number of qubits: 108 
Profits: [4293660874311554, 9383757423059966, 2746287352603287, 5488564496397910, 3484852547244186, 8406475594548750, 5127389100952237, 8445575430874800, 5604172763606255, 5046742332741609, 5125742237809078, 4542973895123496, 3799747714233543, 9843184517101379, 5889664271978898, 5210855089871755, 8677115775305869, 4028888375654972, 7695164944720183, 6911412467652091, 1152161401071675, 9039368984533240, 4426842301852024, 5096110111375953, 5382252663695060, 763875354833904, 763169454989953, 1157561472226416, 7631666869647959, 8498340199572922, 8348432963907027, 9639408573944031, 8450142682085669, 5987207720947122, 1093060855310453, 8022084496420518, 6014289667537935, 7449491454103138, 3902568024323327, 1678701499380366, 5485807771477004, 1267413906296730, 9085221675618071, 8961584301994912, 9239296048096188, 2912300263569881, 3832366229881743, 5618813853216059, 6989957495863295, 2192370436144061, 8874506490200810, 8099387751024226, 7382520978869924, 6856950789134210, 9483225207056121] 
Weights: [3415598419981638, 3516172957540430, 7541568987087007, 6340617851800427, 5061717058778910, 3935402258576838, 6339237942059501, 4612306752919351, 2232121327910916, 6832907709585888, 3097647652911338, 7579393468204302, 3755871740837485, 4412438609890957, 1525879854662995, 2482644444980246, 3000318411881963, 5636135377686689, 5802220294363948, 7443158344195678, 6015131859021138, 2951173443054943, 5247548746146161, 5307456048832540, 4810077517480252, 6777663701742917, 1832107695313931, 4503509365916523, 5165531985964220, 3838574282888894, 4483129958153095, 6733588633952460, 5434147825162402, 5414742550574474, 4561323429787004, 5252450722790530, 5327754709538245, 6226475407747951, 5810157433728037, 3320749230452731, 4075455952661575, 4094044858986519, 3089737465823766, 6766313381226288, 7210347090499388, 3352677308820404, 7253123452630904, 3211820798941350, 5147580720956031, 7272484757037861, 6025466042980171, 3270127785194922, 5956738900703122, 3472678772242192, 6920389675090681] 
Capacity: 7585498892410670 
Capacity ratio [capacity/sum(weights)]: 0.02875 
Maximum value for profits & weights: 1e+16 
----------------------------------------------------------------------------------------------------------------------------------
Number of qubits: 108 
Profits: [784594759811130, 893153527201038, 2861225449017587, 4466671990004745, 2209903771166021, 6693900213722688, 6312228321917532, 9216981209698782, 1004870528027196, 7337707024911760, 5060709917339537, 633458574300702, 6578617517208815, 8766115782487490, 9992981670837207, 5165735004061151, 2865911325529872, 3273555955150648, 5204441482306805, 7948128324517615, 3685939968329801, 2774029895809303, 3293439823262802, 8484690391797678, 2249580563971610, 1191264444072925, 1864858782018033, 803060025794769, 4508918111755806, 3514506680963230, 7073071604178816, 671484410548111, 7000014177457229, 5987736131057905, 7863248965209831, 5443126065346211, 2167523742666467, 5358287873936175, 911219600974981, 8528514827467740, 3332478937446859, 4422096636054256, 5159496791665423, 3355785431526007, 895614029093302, 2838366720038593, 8849272142372573, 4948948878007411, 1649141890182877, 6114700073488135, 3025252977410209, 3738177541037918, 7376949184418596, 9867644460640845, 7712533996938037] 
Weights: [6454457002260716, 5577349247162922, 2391185850493069, 4463518910744085, 3932646140413713, 6443886294687350, 2837836843878714, 4801771686503926, 7592326585645747, 6226440065654486, 3025299494900939, 5272303783121316, 3710323204780036, 5144860365616047, 4865560741908570, 7645553281100514, 4916034534734703, 3544316335079242, 7011675331113683, 6706666409011799, 5681870126374263, 1373657976908060, 7549090304009159, 3203643875204320, 4674488174463055, 5352508284318698, 4126049576297197, 5888446099971959, 3548120628697723, 4231094755943394, 5718697664092661, 6263309453322704, 7534983926148948, 5896781712366474, 6135295187145931, 7490071805365353, 6393251312078921, 5451355461466272, 3338797499796346, 2877066154765848, 4941302757672357, 3901886551962487, 3653577543655369, 6197587431457397, 6033297917417698, 4250021343509412, 6259933893668949, 3200155768292721, 5474535967376608, 5800989310150437, 3630540273872223, 3173250950989370, 4607698114694744, 7063844965304409, 5668099103841907] 
Capacity: 7864445002179147 
Capacity ratio [capacity/sum(weights)]: 0.02875 
Maximum value for profits & weights: 1e+16 
----------------------------------------------------------------------------------------------------------------------------------
Number of qubits: 108 
Profits: [7522696076255235, 7231412898515207, 1304634466198585, 1336014851774584, 580682002861777, 9314507210012507, 8729535523333106, 9268591823683244, 8928704651605387, 2475680218475778, 681829010301859, 5354459054697536, 6413652770974381, 3094274525913438, 3318512394140645, 5688345171004947, 6255073997818085, 9998125058625807, 6316751908159184, 7109067996900614, 9383955902744616, 6748837514378297, 3265327103771925, 1143513136486479, 2880957113937214, 2489692381805439, 9386201805962599, 9651910509887702, 8562175071131269, 8660529287507842, 2576430714832223, 5875906845681082, 7960033951441155, 6195096212132882, 4724532953451675, 2215035799628435, 3930334682001753, 6473188968382790, 7515612255378919, 5459676926093357, 3207878513477443, 537064783115607, 4611219949930234, 3555758123230297, 4950659899430157, 8331359588391076, 6555253406505296, 1316490343351704, 7098415269989774, 8556625827477048, 7641369609371667, 762333056516873, 1229789961565496, 2513968740112855, 5584863470497972] 
Weights: [7726719207967273, 4261422698774162, 7755315932481330, 6201572399730905, 6869566711393066, 6822409734411054, 3919451941864455, 2863018918780264, 7214608137492098, 4099749552024407, 7086247247584075, 7702881883308166, 3435769016080759, 7130805931123271, 4121805800595321, 4598429993245044, 7858126512899364, 3249139905070966, 7286385542856502, 4433497581629063, 2383665003508182, 6775710771585919, 8195022176413247, 8114611261199244, 7850189236144379, 8225187463002631, 5709168415923358, 3882471720121320, 5140886360715935, 7546809537601409, 6978168918508130, 2555070527007958, 4776528435258125, 3122762575137152, 2066939619354766, 7692103084387609, 6881574682301906, 4532727966210758, 4164432032193776, 1952519777498401, 7559726517034420, 2541251635323318, 2726030461113060, 6944626877030230, 7041079014206460, 4463872378814629, 6491057824544881, 3577474277237547, 3582880525844572, 3124088219844106, 4897355832826646, 3453428635743655, 3535875568163345, 6221116299425358, 6361620463207622] 
Capacity: 8324289950250564 
Capacity ratio [capacity/sum(weights)]: 0.02875 
Maximum value for profits & weights: 1e+16 
----------------------------------------------------------------------------------------------------------------------------------
Number of qubits: 108 
Profits: [8857384326448298, 8998166561454352, 1700240334649297, 8341094889535329, 3169732071883199, 8640278977250468, 2688280189281446, 3506869958853500, 6434250171012145, 3414173083072719, 3263301169607076, 7729062717129179, 5520806396923477, 1437663290044300, 902183858323653, 1824966509851097, 2645938445523982, 9328193722334473, 8508277327598046, 7498431570170659, 6543108619495600, 8575926580553517, 4813294517186243, 9271382804335273, 9993135358009144, 4544871432191271, 9138993803656024, 1943029852384625, 6999251030874674, 4948184633959805, 302018514597094, 8161072809079061, 2678788108284585, 9610056221803874, 6141880860002633, 4528146004703140, 8077564072700279, 3254756547744692, 2300295214878185, 301476751124146, 4245241533669880, 9726699199222831, 2099125999721095, 3623694064223134, 432658281671073, 7295259989379694, 7001502617431750, 7082650940771182, 4833177139282631, 4136760240634123, 3170385082387045, 9889503139698562, 2223607062560985, 5455362208860861, 1398954156812013] 
Weights: [5180060190769491, 6109796018812757, 6399040375010546, 4201931659145811, 685904870056213, 4509335116135586, 5973588894734776, 6164403622912048, 6537319755620125, 7021611929801555, 3997917969715090, 6166666901174432, 2688712955474475, 2642192795020185, 4472924097008797, 3932799748302243, 7014782581227711, 1942141296156781, 4127480799618958, 6254421771347204, 2033200586716419, 5036018439443422, 1282759876333770, 2790200686966622, 7162755374766549, 6309854507381345, 5815955442902773, 5962541375265879, 4065244838147875, 4572235147305499, 4192102299319874, 6802822071122473, 5176384818914111, 7431164716259480, 4441565359564779, 2057778848781821, 5093811325876721, 6990153862136335, 5118301921900585, 5333175459946033, 5839998759887390, 5381174365627369, 6638216712296857, 6284405201039387, 5007622887605200, 1435712859685136, 5336756010291944, 6269960208174185, 4031429482155969, 5384680035317977, 4364157787057335, 5388539466504372, 6631863620971577, 587166213591780, 1927347799028090] 
Capacity: 7543390584317303 
Capacity ratio [capacity/sum(weights)]: 0.02875 
Maximum value for profits & weights: 1e+16 
----------------------------------------------------------------------------------------------------------------------------------
Number of qubits: 108 
Profits: [1159754658117566, 7603580598119129, 5413507873606734, 4029325992178174, 6426702075530678, 7560221287978765, 7941912174826211, 3541129546513622, 4523810931980731, 3412774969029677, 6652738444511932, 7038768492195092, 1427043596477606, 1426346575534830, 8689420462640866, 8103259998961736, 2983846849834196, 5581780672002035, 2280506080056024, 5481117739031308, 4569022405533551, 2976041305060483, 2846646647388859, 1547899629093767, 8110408485717320, 6199309998601638, 9778667303894734, 8567347580780950, 7012449011346462, 7515701051798091, 6322107535492107, 9919813860231845, 6318261019807880, 52463484712940, 2727832499724735, 1058033957770573, 9702776185845596, 2341508725271284, 8491446958913657, 9813034286858534, 6720368893315055, 5755074407295260, 6803015982168912, 4511634193159053, 4354637570978474, 9023362664577302, 2542686516854676, 4741975155405944, 5504079418712256, 8590694218805830, 3810763378901656, 3351481272705204, 8062054864071885, 4465123513483337, 2339002284772705] 
Weights: [4760853659065077, 8412629985700784, 4231430741236536, 8097611914039584, 3755648130391010, 6701944259567700, 3247446542789295, 7498317976514569, 4676690111604808, 4181382389873432, 7265556226863904, 7696236918447616, 4380762228726870, 7550797688232449, 2594489062650111, 7614126198815837, 6488252849329848, 8008269525602233, 7533292999843947, 3645821377964205, 672896998537914, 2521095167890166, 4896757491825738, 4449516723561105, 6423387187083673, 8110318336933237, 7133013244656852, 5570828269932023, 6065911449162620, 6213706678470895, 1564308453684742, 6564502041577717, 4535619663888562, 7584867347439327, 6232445917313112, 5363130471607005, 7082160920266880, 6443539849555003, 5559169506749983, 6861257294591226, 7996115068825592, 3688335819539539, 3099577739544790, 5438812826452804, 1931996205049983, 7663749917777888, 6780829647696994, 7323826763939366, 2469341892559711, 5677268995054544, 4632635955242329, 1527777782951989, 1892870580816200, 5037103389145478, 7846067267200311] 
Capacity: 8442051238631135 
Capacity ratio [capacity/sum(weights)]: 0.02875 
Maximum value for profits & weights: 1e+16 
