Number of qubits: 48 
Profits: [3956895, 4835186, 6791816, 7226298, 3068617, 58320, 6002398, 3306914, 98632, 5964092, 7143443, 9693079, 4127367, 6857074, 7509277, 3057170, 7154390, 7825512, 5068984, 3838343, 5026817, 7499432, 1630412, 1968395, 5861465] 
Weights: [4028856, 4715950, 6493457, 5621785, 6819087, 5298678, 3396379, 5035431, 1483447, 6568210, 4341835, 5705775, 5454722, 3677973, 3240749, 1954722, 5772056, 3559322, 1558006, 4890806, 4168478, 4494877, 3511114, 2835083, 1922963] 
Capacity: 7381023 
Capacity ratio [capacity/sum(weights)]: 0.07 
Maximum value for profits & weights: 10000000.0 
----------------------------------------------------------------------
Number of qubits: 48 
Profits: [7483096, 8531099, 9793855, 7794695, 8683624, 6551208, 9125754, 7422201, 9103592, 3220313, 7609258, 1146925, 9106113, 3279500, 5726081, 259551, 493934, 7717803, 8085543, 8813723, 6856166, 5611837, 6840041, 7718754, 8549955] 
Weights: [2282107, 7670353, 1447979, 7638287, 1817539, 3745470, 6439472, 3676158, 3823585, 7149376, 6405495, 3980238, 4066595, 4018990, 4529085, 6642714, 4975015, 7503367, 2822748, 1608468, 4416417, 4138171, 4677002, 4610541, 1966215] 
Capacity: 7709879 
Capacity ratio [capacity/sum(weights)]: 0.07 
Maximum value for profits & weights: 10000000.0 
----------------------------------------------------------------------
Number of qubits: 48 
Profits: [2127816, 2206534, 7750246, 856124, 7981384, 3283281, 7291506, 3046774, 6070682, 3812560, 1875468, 6019589, 57233, 2281172, 7427871, 1971365, 8153063, 4568466, 6214460, 1363888, 9880632, 4257118, 8711645, 9042347, 9217078] 
Weights: [2226262, 5373195, 2228810, 7423849, 4986854, 1473089, 6685054, 7443710, 3876997, 6299394, 3590325, 6349762, 7122383, 1678749, 3481925, 7067536, 6083250, 3590046, 2807666, 1094159, 3524390, 6259873, 6133106, 1165986, 1757204] 
Capacity: 7576611 
Capacity ratio [capacity/sum(weights)]: 0.07 
Maximum value for profits & weights: 10000000.0 
----------------------------------------------------------------------
Number of qubits: 49 
Profits: [4033422, 5855516, 1175686, 1477629, 8781356, 5486118, 2547168, 6439377, 6683258, 4428860, 2668315, 1940221, 4790073, 9623131, 3786302, 7979642, 2570720, 2878722, 514082, 7684435, 760304, 3957549, 2685867, 9928656, 2410833] 
Weights: [4464459, 4008336, 9277509, 9293952, 9587178, 9771745, 7733790, 6066290, 6920552, 322440, 3184685, 4594609, 5132072, 9000781, 2036435, 7233012, 9303268, 787616, 3272484, 8199269, 5998426, 10090771, 6518625, 3247733, 7515181] 
Capacity: 10243455 
Capacity ratio [capacity/sum(weights)]: 0.07 
Maximum value for profits & weights: 10000000.0 
----------------------------------------------------------------------
Number of qubits: 49 
Profits: [6588864, 3070390, 5807280, 610089, 5750859, 4702783, 8280766, 3620706, 432976, 5000608, 3949466, 2870540, 4210678, 3602501, 4939396, 6952136, 7236901, 1236118, 167564, 4735848, 7277734, 8339009, 931174, 8749096, 328378] 
Weights: [7582326, 4937131, 5947139, 5080756, 2839539, 4803504, 7922936, 4290471, 3494083, 5073464, 6063377, 1936357, 2063914, 5522689, 7870907, 1299297, 7628732, 1778020, 4227914, 8161386, 7410197, 7723294, 5664285, 2938722, 5693971] 
Capacity: 8568841 
Capacity ratio [capacity/sum(weights)]: 0.07 
Maximum value for profits & weights: 10000000.0 
----------------------------------------------------------------------
Number of qubits: 49 
Profits: [9973359, 9656611, 6794912, 5380681, 5599186, 9140962, 6818902, 918094, 3860028, 5432603, 9986298, 461981, 8637651, 5419545, 6403872, 4974846, 2704792, 1946652, 6522411, 233881, 8540203, 3575704, 7803360, 6454151, 8770465] 
Weights: [1424904, 2620725, 7934590, 6460750, 6449786, 6781440, 7924494, 7067003, 7754159, 1734841, 5865912, 3147793, 2668414, 4502068, 3081650, 6156168, 1933257, 3813101, 5187635, 1813341, 6379812, 8015249, 7724720, 6646408, 7207427] 
Capacity: 8619380 
Capacity ratio [capacity/sum(weights)]: 0.07 
Maximum value for profits & weights: 10000000.0 
----------------------------------------------------------------------
Number of qubits: 49 
Profits: [1054800, 2570876, 3310358, 9220669, 470052, 1710091, 5398820, 1701167, 6958730, 4681049, 5812176, 9763091, 2345329, 1656892, 4073139, 7030747, 5683344, 9741908, 4153525, 3425995, 2507977, 1845800, 9892972, 9754204, 9794564] 
Weights: [4290251, 3986112, 6320771, 438163, 7277358, 6124549, 2951742, 5699021, 6500657, 2914076, 9261877, 9070699, 5386671, 9114685, 7006669, 8944890, 9340721, 3122897, 6853179, 7491701, 10075893, 5333600, 8719911, 8478163, 3934976] 
Capacity: 10839891 
Capacity ratio [capacity/sum(weights)]: 0.07 
Maximum value for profits & weights: 10000000.0 
----------------------------------------------------------------------
Number of qubits: 49 
Profits: [598543, 8590549, 3517357, 9426964, 2857663, 8483411, 6581610, 9303557, 249960, 9797258, 8762533, 6999686, 4329616, 8364252, 7482553, 6497213, 6781637, 2785088, 9234916, 5893939, 8485342, 1094496, 6212085, 5953000, 4978026] 
Weights: [1580438, 3073053, 3752230, 7485077, 8126219, 8967400, 8964338, 7550402, 3194306, 2083016, 1682185, 6068448, 6545133, 7379297, 1576740, 8175944, 2582234, 8817445, 4597347, 7014907, 8574667, 4133439, 2419795, 5419536, 9144794] 
Capacity: 9179224 
Capacity ratio [capacity/sum(weights)]: 0.07 
Maximum value for profits & weights: 10000000.0 
----------------------------------------------------------------------
Number of qubits: 48 
Profits: [8761234, 7940668, 2887175, 1430329, 6666875, 2818520, 5014003, 7644761, 6417012, 2623703, 3572795, 9823692, 3746300, 2528674, 9283054, 8006732, 4613752, 6104588, 5928650, 1640425, 335275, 3971175, 8420391, 690870, 5631775] 
Weights: [2133918, 3173266, 6872530, 7974727, 5865880, 4614811, 2500105, 4561086, 3390644, 5819350, 4916700, 3365667, 5820092, 4185087, 5074699, 1955541, 4529060, 2748429, 2924119, 6632695, 5437314, 4724139, 7682348, 7021589, 4760522] 
Capacity: 7988057 
Capacity ratio [capacity/sum(weights)]: 0.07 
Maximum value for profits & weights: 10000000.0 
----------------------------------------------------------------------
Number of qubits: 49 
Profits: [7032189, 9235464, 1949338, 4956815, 8039905, 5020916, 7639785, 2935055, 6399207, 1633118, 5020305, 6768694, 5263002, 7271895, 792038, 3992517, 20320, 844451, 9650256, 458337, 7993682, 8262205, 5974073, 5910065, 5376840] 
Weights: [9287898, 9011123, 4650267, 5224043, 7345138, 4712352, 2647544, 2891989, 3399950, 5709506, 9363608, 5408980, 5133022, 6401899, 637452, 3652328, 8527628, 5497981, 6096518, 7527548, 9692309, 3470567, 6781331, 8216390, 6288714] 
Capacity: 9907047 
Capacity ratio [capacity/sum(weights)]: 0.07 
Maximum value for profits & weights: 10000000.0 
