Number of qubits: 77 
Profits: [8308832206, 41161066122, 57153564690, 60090333753, 23199014700, 69184553859, 56840249511, 19374629625, 95114070922, 61250605065, 47339198360, 31212708462, 6543734618, 5729084153, 67054641888, 63596686679, 6316665646, 35810055642, 15060356109, 98939909261, 82325427914, 17286640168, 97369234428, 52066296307, 21301350797, 1372900453, 8023697443, 37872280829, 77254266502, 86434198325, 41032026802, 84841831186, 60569490620, 54746066844, 21100292304, 53071132129, 41170681693, 53482420228, 59856503520, 91157860771] 
Weights: [79906246800, 42457752990, 19814419967, 69743615882, 66930789860, 52212928378, 83750165113, 60593646044, 73369163384, 60917701198, 5873466154, 67934506951, 9653759135, 24883745818, 57155108173, 75077524157, 69206162185, 80675513363, 58756578002, 59827219093, 33683867637, 21129045681, 74671690639, 26742647465, 34878194555, 74384085279, 65998490487, 84580112669, 79489365461, 59240383221, 66486335539, 76045841794, 71918902461, 38895273100, 72868842054, 54993161072, 77099810730, 46244901594, 56840508610, 44975105290] 
Capacity: 89472336059 
Capacity ratio [capacity/sum(weights)]: 0.04 
Maximum value for profits & weights: 100000000000.0 
----------------------------------------------------------------------------------------------------
Number of qubits: 77 
Profits: [51972001780, 61365129471, 7977558992, 45922904206, 63215726822, 70003129019, 45691786673, 87764504616, 54658195883, 18439862801, 92522091268, 40598333744, 80401492122, 39747263049, 17654996420, 90605688508, 22233795446, 53457849754, 43881224966, 27495893139, 76141259130, 44543507949, 48647916645, 6152188574, 16313813587, 10185166786, 3775818145, 13852894285, 56056766320, 48676698521, 14719298667, 83364445360, 97242132396, 59915776589, 26232140828, 3767574697, 28340441907, 62918713125, 78786559488, 57808523665] 
Weights: [39282057484, 15409373989, 47319347658, 31487660103, 65373215988, 74782682546, 32111503830, 29100176301, 46592076465, 25860046287, 44136285737, 39372964858, 32967736024, 59947706127, 50746173965, 69296958047, 44739839691, 81434907270, 78244437333, 80153388616, 43354800392, 35052626830, 71693805600, 72309012944, 75148841127, 77318424352, 16873445502, 45907363449, 27341833300, 72228585823, 81357056443, 51186432715, 67800748169, 29658208764, 42685412443, 43848248451, 80695730906, 55395842139, 59248812644, 35823675704] 
Capacity: 81510860212 
Capacity ratio [capacity/sum(weights)]: 0.04 
Maximum value for profits & weights: 100000000000.0 
----------------------------------------------------------------------------------------------------
Number of qubits: 77 
Profits: [92244256183, 54001986481, 42772150181, 77056503924, 27142512619, 55618217298, 3781771569, 3571343619, 87561188864, 85477055543, 21911207881, 83936853442, 71409669844, 52227582304, 98866052440, 17892644939, 29327390881, 78051284924, 38174271007, 15024371239, 39012471763, 77778091931, 13508201379, 49818528916, 66030087543, 12822902291, 63264089878, 65151998501, 39384779345, 86199185350, 94270829714, 9916931171, 20132294147, 13683614014, 68387824046, 75934791385, 22216445046, 14866848871, 44006638743, 2031752166] 
Weights: [82895104761, 60861367548, 37269864983, 75262049442, 73366309308, 37567419438, 79079546452, 62528965902, 28971126502, 42128506756, 40402184401, 24505084239, 63122742195, 46428218060, 64394604477, 79998235447, 15930447820, 76869251337, 36570363882, 48282211481, 45869638948, 29597152934, 78306282259, 65054879106, 74222274176, 58115152209, 81631704376, 51345144341, 82404567570, 59783291787, 51100908069, 37378677076, 29223250645, 52044694001, 69581247114, 68732094867, 25511819376, 20896188639, 55369289143, 58150747614] 
Capacity: 84588844767 
Capacity ratio [capacity/sum(weights)]: 0.04 
Maximum value for profits & weights: 100000000000.0 
----------------------------------------------------------------------------------------------------
Number of qubits: 77 
Profits: [10936426174, 82436298947, 11796356113, 24913468575, 64267651514, 51894145131, 43442453157, 42162977998, 58865708093, 41667002924, 87293193960, 86180280170, 84312600706, 44329971379, 52470608069, 46086764915, 99802705622, 85413473255, 58640202095, 10497392373, 82853939856, 14878121123, 92368304352, 8869521681, 79903923697, 49170490618, 58565026607, 89645069069, 94642517141, 72964925634, 22461085186, 593775167, 23475987217, 15085266675, 99341283276, 65957687477, 91974648672, 47309757206, 54257042807, 65480628766] 
Weights: [10397528492, 43184632287, 67293989477, 49168858195, 21542031157, 47700127944, 61516040633, 69218015438, 78551285615, 42555538582, 55351114046, 67337540061, 36404574049, 46586939964, 43467930525, 37925277504, 75724527296, 17196593419, 24247377588, 57129155317, 71186107032, 77574668869, 38328755096, 46456082251, 53790691160, 47527824431, 51484780430, 68026626482, 63316681680, 37916780897, 44640512276, 26853263841, 66745206456, 52324405323, 28111169574, 77662055412, 50697187549, 60650253148, 51075228193, 49682941311] 
Capacity: 78693601486 
Capacity ratio [capacity/sum(weights)]: 0.04 
Maximum value for profits & weights: 100000000000.0 
----------------------------------------------------------------------------------------------------
Number of qubits: 77 
Profits: [62135338898, 37485504443, 5707542719, 10020192390, 35822608214, 26118813440, 41810554296, 21421364673, 74362109658, 26389728786, 98333225289, 80750532975, 73697650409, 20737032619, 24440563948, 51080676274, 43050142918, 14093661, 11958590763, 63334973205, 66097051534, 15658990083, 19758672727, 63468489121, 57175510523, 35707411784, 69106413362, 21066710456, 37243648137, 92886911679, 52084347031, 68496555634, 8131897656, 16213245231, 1909957583, 21159699049, 39044912934, 35235009612, 56321544269, 62382670073] 
Weights: [59120914422, 44581924206, 42148268417, 46874820655, 66449450990, 61136947708, 15973205861, 33305601025, 26767698558, 60319328459, 55188162153, 75309138018, 71407326924, 64632790770, 28083977846, 48355857767, 18434761466, 70951279126, 80774746699, 18786418889, 69514254975, 77788276882, 82239925578, 69722825681, 22246224080, 54790563543, 67689961303, 54502241777, 82285431862, 55790290961, 77729980179, 23716279994, 82377021368, 58753979670, 34605496161, 60009657374, 27667079831, 56938138836, 32119381998, 16005827266] 
Capacity: 83196975934 
Capacity ratio [capacity/sum(weights)]: 0.04 
Maximum value for profits & weights: 100000000000.0 
----------------------------------------------------------------------------------------------------
Number of qubits: 77 
Profits: [14880044777, 54820452671, 35532639604, 73076102802, 59864731108, 11312207615, 21222302401, 4886872532, 76916674253, 46693038781, 94629900373, 61066745842, 87555254317, 74828509686, 67003519499, 97398545178, 64619703948, 75589199821, 81689273972, 59969780385, 41835694278, 57328513671, 52832970758, 84407061447, 49766374340, 96389654736, 44190345290, 50892674374, 84229014731, 68633974280, 18728849726, 22013879157, 86825820221, 97369934708, 50475910170, 3151069235, 96977864402, 54703860081, 28147957316, 13228049728] 
Weights: [62417066949, 72368109688, 37825314127, 66126498069, 34429255468, 44320740471, 32784137043, 37319789360, 61886827669, 30018294581, 22267766007, 24348723747, 54036529929, 74068504030, 43632455862, 72792586101, 69358167457, 65548447516, 46761298826, 63631673202, 34111375718, 61786142065, 22708570876, 50011153601, 34247764415, 63176976544, 45836785240, 61490395270, 71417819720, 62508176526, 39388128995, 34218339547, 71031384670, 46080971768, 40161975105, 15564744228, 60042843561, 40628714108, 24742332062, 46766219646] 
Capacity: 75822625094 
Capacity ratio [capacity/sum(weights)]: 0.04 
Maximum value for profits & weights: 100000000000.0 
----------------------------------------------------------------------------------------------------
Number of qubits: 77 
Profits: [99120823892, 14285873970, 25900865782, 98723805236, 97621131392, 22126113067, 30012754212, 66008944482, 54311083097, 9373964091, 81088627770, 2183165537, 97660324244, 44543511453, 19368315519, 94578563397, 54183382105, 67364414964, 58466325470, 45009188737, 28447709425, 14010557246, 41837053776, 66818058123, 58510329542, 80256050649, 8154356004, 91695168992, 97052169732, 3763672356, 96413042184, 14568856135, 97251237392, 65146501254, 38478581273, 14160817625, 78466881146, 85547519647, 78858039713, 11474973239] 
Weights: [42466359342, 72025806400, 64782919148, 69733348723, 20188939787, 49972293088, 49924525211, 57224033915, 32912085220, 42363957926, 62252345897, 33498459792, 54893442428, 71081583031, 64195152728, 9400608986, 32358624504, 62836588335, 33612336827, 50984700314, 75951659415, 26558193444, 47303461769, 75572042700, 42632292809, 22952373914, 65344685355, 67952866918, 66794793850, 49382202656, 55459999738, 56013562315, 48972362149, 75018513642, 49590970823, 42116333863, 36384645395, 26166593149, 9150993812, 44049096504] 
Capacity: 76751560520 
Capacity ratio [capacity/sum(weights)]: 0.04 
Maximum value for profits & weights: 100000000000.0 
----------------------------------------------------------------------------------------------------
Number of qubits: 77 
Profits: [91568454480, 35454955765, 64795688844, 37551796859, 14296818882, 25539081349, 52789298207, 79604242784, 70205214223, 73342190352, 74523200364, 45798491469, 63739717262, 64964380573, 75396647087, 63216989266, 63299589795, 9144726585, 39614589151, 33349656978, 97185717317, 72714819668, 64473747652, 29771622422, 25131587139, 50976214422, 80602298034, 7072783748, 4551982202, 28141511584, 86207771468, 37787470149, 37943498706, 36349485317, 73309567219, 28936663635, 97699576952, 9037394228, 41773900137, 73734536811] 
Weights: [67758558693, 76872983429, 49128139580, 36861178198, 58123034935, 32079400360, 35942257206, 18649386852, 74373992853, 48861630303, 29405740923, 63870179445, 59238052194, 25136582505, 74183813023, 18138241304, 31703888118, 46243487419, 41702506602, 62831319508, 78538036996, 75814261825, 34285815700, 61658836978, 46072828067, 67411602376, 26497022976, 70698526063, 46303645120, 76790703763, 78415498989, 28204998820, 51264759776, 34499813355, 36977703756, 70754481911, 37892527188, 54160127023, 46118350166, 29685315957] 
Capacity: 78954085752 
Capacity ratio [capacity/sum(weights)]: 0.04 
Maximum value for profits & weights: 100000000000.0 
----------------------------------------------------------------------------------------------------
Number of qubits: 77 
Profits: [51901146418, 96228129799, 26990042633, 31170990764, 80990537950, 49334544356, 25748028389, 18118453918, 31363702385, 15311539786, 81790221150, 54024376002, 51446976888, 72428387066, 13698963340, 27199109039, 1493953884, 92137865065, 50249426592, 37471396141, 51577515171, 920089669, 52364732106, 49377018780, 17173410973, 15991783722, 20648031957, 80806610461, 86823680632, 3754452953, 80202682524, 10685719312, 40620516327, 13372630701, 29897602953, 86992325095, 52011955983, 54902767614, 69549636699, 22537340793] 
Weights: [25933404518, 31326379553, 58205882051, 77987176742, 41866812341, 48870222653, 49630282027, 56159606864, 65716128896, 39705504690, 75270735323, 33506127476, 64991872303, 31000502840, 46172303777, 31812070973, 62737146505, 42331872459, 70998105331, 73935444681, 26682995359, 65216436789, 30772206504, 45268507915, 38356748263, 65400680669, 61926007019, 39169915443, 65900394431, 64096625910, 62130542308, 53322594345, 59784581417, 69040472733, 78293581512, 29061057799, 35232730127, 4170399173, 73899114004, 41805360122] 
Capacity: 79846710419 
Capacity ratio [capacity/sum(weights)]: 0.04 
Maximum value for profits & weights: 100000000000.0 
----------------------------------------------------------------------------------------------------
Number of qubits: 77 
Profits: [19225036206, 98124405373, 73509924509, 90787668507, 68999446978, 61180462114, 2322091293, 18588306677, 78745624829, 1934005931, 70573191484, 28235230929, 9210612540, 4507404076, 33793942107, 59079019519, 439335205, 49912240473, 63587420423, 4496195505, 36033291473, 81544841788, 83569362773, 66323979957, 46260634157, 70898194834, 4169259166, 14818603665, 24910844055, 57986499218, 53891742363, 74031957462, 98081894959, 91270557475, 42926339009, 15561746155, 12221634276, 33896858502, 75550607212, 32122788351] 
Weights: [53208335516, 54179956315, 56569132939, 19557605288, 53016712533, 53366369644, 15771773684, 49049273346, 25614938847, 77061913195, 45122062267, 80684902087, 60298807162, 35241511724, 34770732064, 73724922921, 82028925795, 75914647173, 80757660789, 36190132577, 60079876468, 55897725257, 25692968396, 74857599789, 56552682250, 44111394142, 31742955810, 39835065316, 75741907349, 75928267934, 20458807595, 51866736344, 50271077318, 60395952591, 52290801514, 50539837782, 67837252959, 65254064232, 50025405634, 56585996425] 
Capacity: 82878504384 
Capacity ratio [capacity/sum(weights)]: 0.04 
Maximum value for profits & weights: 100000000000.0 
