Number of qubits: 100 
Profits: [271084251656333, 472659380239781, 346761080671194, 363379828372213, 419514265928968, 742723850743166, 620313614075096, 757122043553784, 594138223792023, 820778175488720, 416022751004574, 556371772462081, 885879889655169, 955996803172965, 54737476537365, 58234373434503, 172327889374392, 251684589160050, 802114925008115, 858554382742720, 871710236745323, 292256090553513, 839823575895057, 35754357043906, 511433447406976, 285560872714501, 737207399668738, 240577813600578, 446396339318235, 406585964468787, 839595335514584, 837904962172596, 114056518747776, 273219470553141, 731914440984289, 494971116243295, 852480403209087, 835284016768831, 622174013532904, 129190280271393, 266155379461033, 704561851085002, 624768503101883, 249654673129364, 322177110986745, 501040551762491, 868433675080758, 321484907966744, 302058566657982, 398135301454244] 
Weights: [859955608868120, 749884629471422, 178941341164023, 757714840471728, 696644352695844, 762555643809313, 479811073172858, 349739589994279, 719176241449526, 837317602830187, 858699993926878, 753051924130327, 390642145578406, 844769639112469, 132261338312308, 468363828406956, 107677717343020, 869617956788535, 630536535918812, 586822951702142, 587999488327567, 863807758998305, 664065399044870, 767769150799924, 696538366093799, 566759261584079, 719841978219378, 138781968788562, 344768201767127, 191042523906845, 183423527196038, 452351713217611, 709164279225824, 780684202561748, 856261756114918, 399818851273512, 257809472989925, 799182109859379, 148112769513688, 272351630273195, 316256553032608, 501880354334754, 273306909422824, 800821213515044, 887362968774878, 873646907516175, 228889689160313, 746090766144875, 491053101709366, 162811994693040] 
Capacity: 896041129189465 
Capacity ratio [capacity/sum(weights)]: 0.0325 
Maximum value for profits & weights: 1000000000000000.0 
------------------------------------------------------------------------------------------------------------------------
Number of qubits: 100 
Profits: [207806277724923, 726613509151426, 908664376038645, 738519402992414, 136971526603977, 143700234868547, 622090141060246, 761248723201600, 231527068061658, 500118584308870, 841728416017581, 516814934648671, 794038307826818, 722854662503442, 244860895331040, 42948779108834, 313299500274012, 274386979999875, 471170246882956, 1699857136567, 200106875791196, 952213429033336, 35819075533950, 442216938787626, 115170470333870, 967081542297717, 706697249074693, 900379229289953, 406623254961106, 626336559703042, 116647816709066, 583613797161768, 951461163520965, 902308929849462, 82883395548866, 358566956389561, 931398827255679, 969739496478990, 979789740165515, 619516274678214, 111649483694659, 289404413276375, 519095426177710, 302858146837528, 812817520630309, 292331384986180, 410627596557906, 124893726279391, 640780198265470, 762918795673332] 
Weights: [245090265825687, 640635987359558, 572254480865091, 594790309953262, 954260299942403, 670500271925330, 289997924028853, 516080775916651, 841599864218050, 857285626022916, 251348121621718, 270737675618390, 115305935162847, 943693200546123, 872183260286371, 923161100235655, 168619721184548, 694785721221280, 606510789237026, 685189137670164, 580363286732359, 813545636463251, 689160993292780, 853996841480412, 913035682717698, 536213716551759, 212361388640713, 828228728341957, 624607768939414, 470792640083806, 733200231010311, 789095005901884, 688732114387160, 67121680596747, 592159240364018, 940268638111541, 714736516503092, 659672924392080, 564948154450351, 862564001060137, 569599596873430, 908071165586983, 142773973097342, 641660915132369, 528401083230222, 328098704016740, 645750475627301, 363673935474610, 541217677180648, 185466216839905] 
Capacity: 959943216730021 
Capacity ratio [capacity/sum(weights)]: 0.0325 
Maximum value for profits & weights: 1000000000000000.0 
------------------------------------------------------------------------------------------------------------------------
Number of qubits: 100 
Profits: [857126960968974, 541057055108796, 311957697528855, 647770649916305, 157259796020635, 426863395398213, 202037185180049, 434866878898073, 378717893469586, 725762880895373, 399264026374029, 136357459609713, 272484024110424, 936610409472546, 419848789149986, 931479943803586, 17081071336410, 595058570804524, 672314017652322, 419525088064815, 327335050133951, 301898275386380, 602239059329798, 476198156058962, 835553342187789, 55821070278889, 461927014940629, 617404397371735, 657114749424485, 671391624792514, 371687881482292, 471308257561897, 571748260545874, 439036494057484, 963136866858607, 431080074204363, 790630822676528, 146199286752620, 166136511838425, 480203678675843, 595647011236650, 458212608670149, 105287572995156, 592551432674182, 647382150946055, 360975877899351, 901140911187369, 99483701743232, 982368464819230, 411001274010411] 
Weights: [392620725956783, 866271076872975, 655873149624909, 458123600344924, 420063689203234, 349804015626537, 266132702152463, 662394183856906, 723186384000832, 389780188447166, 754403941819845, 545322353510268, 826393866399621, 654417235626935, 739459526440665, 259371178999837, 369697994690136, 555894067833910, 561510680345315, 120050798821117, 702593702090216, 461002296153564, 371188042698573, 445656049945444, 810939036744734, 269558246838384, 571243322005567, 259157511059074, 796219638643750, 379869801278267, 268068522710817, 758954709220996, 613657020556432, 681044578507189, 642037167813535, 367469015859681, 537644432457075, 841409274298565, 241948944998087, 359751883635582, 443635377228340, 358695799039757, 793052596316259, 364308711221732, 721036818418821, 771290268210731, 773752234122763, 688057679545301, 793375446906436, 505780008781065] 
Capacity: 867282079133420 
Capacity ratio [capacity/sum(weights)]: 0.0325 
Maximum value for profits & weights: 1000000000000000.0 
------------------------------------------------------------------------------------------------------------------------
Number of qubits: 100 
Profits: [261589740190151, 416353996704845, 66000812316706, 253371420348263, 377965572583646, 906999428827536, 656179227686457, 165083668130875, 799240988429031, 982993464660355, 553111405432766, 870733455603915, 330628753079002, 295245051953091, 795992245601076, 739191761650101, 942813320791338, 510739021987701, 39428857355076, 296423291332625, 955327130122002, 521888614875978, 769927347630573, 479462787084398, 954615370068695, 882072234501038, 250498333144229, 201905977599278, 430721917483263, 982121189273870, 871725612271085, 855257537693910, 452275225139066, 680123954367158, 460982232003606, 707329408293781, 957589730874104, 125675901372165, 143951846395521, 377724730247092, 36709306303366, 416129639690000, 885301304714210, 340087824819780, 316696119079058, 199147600681178, 211053238422172, 110687988696314, 989817229376072, 746839077687506] 
Weights: [543121995027611, 642336973560122, 696957800208639, 541078506670642, 458200780661500, 668785708251506, 692396011303074, 593743075376502, 290781083872524, 833334226761586, 642016502628326, 391496008543659, 598444696375582, 562241104577696, 488500225120664, 406860779521708, 537269966856343, 282706357320757, 782462960084078, 564182238710913, 412760225457299, 861881347610913, 845818246252009, 359726445449430, 29442373750830, 292515097349367, 600057815926646, 671732352171765, 603393700104574, 222179861879115, 579184534384131, 682834345902304, 589414393540828, 569656153323671, 355115676628001, 343775427767123, 499968220777765, 534129690085683, 652606122399114, 609967706930139, 296634609398767, 282651721580734, 498503123658208, 811235520961559, 235260383320447, 765877357326335, 739199834948142, 865042864109542, 828989959160082, 324392910810179] 
Capacity: 873165672330370 
Capacity ratio [capacity/sum(weights)]: 0.0325 
Maximum value for profits & weights: 1000000000000000.0 
------------------------------------------------------------------------------------------------------------------------
Number of qubits: 100 
Profits: [987757505239550, 792410934381147, 839870618891104, 384277889586651, 91793890315654, 166915580991031, 177420707901089, 145174273442878, 191959106153942, 918557649421500, 198085246179981, 70989404907944, 162328253414136, 223550850693213, 91297811162854, 228322555840465, 780658091148965, 992611552151681, 587901585578800, 467958240573631, 165565056823403, 733792877925290, 232314100834228, 870689251156158, 665023570658167, 776886903084058, 218079271660080, 199200960621458, 994032027932407, 428048472378819, 650598606159923, 251045953402462, 917125817806737, 560393043063282, 995581662247314, 37107140134230, 906628173480402, 88803705496411, 93644498258333, 456038998642011, 799768922064637, 864669187785839, 276232232965710, 889399339554017, 545189729546403, 145441750441676, 573864083662531, 11663465108184, 371391642263455, 994891562903205] 
Weights: [675475305537394, 146605808546673, 619939444368602, 384070331364055, 575848484664600, 590162024352716, 505465888225166, 434250054195588, 818183594854917, 527321863858998, 538327298676974, 544071654639857, 628423966696127, 261950038147179, 336361942231080, 551327112535373, 567869216627349, 70687070006672, 534345302781315, 681617287044105, 693248430283260, 525060271267543, 358591717268729, 339570060227671, 632091546675371, 771137826808015, 496161067329396, 692198724140551, 304826380955799, 733201807289487, 224227855065549, 386056538907120, 764434111611007, 234803982154312, 659256976098905, 549683455757177, 452900354172383, 794256340589660, 469054124564309, 624424089860719, 597882823078003, 657861965035695, 562335976841333, 426465628114646, 286436083036357, 103161376710636, 701158460490952, 605779638494187, 687922548146013, 482282617381606] 
Capacity: 823717243780515 
Capacity ratio [capacity/sum(weights)]: 0.0325 
Maximum value for profits & weights: 1000000000000000.0 
------------------------------------------------------------------------------------------------------------------------
Number of qubits: 100 
Profits: [959729399677426, 249805124909781, 760547104843943, 170250583020607, 81860636145665, 46878677039013, 449097966626358, 636743465335911, 698620591857379, 650634537761341, 220586878104081, 1546361313762, 30260566837163, 560629907818909, 865836052539944, 379537597218732, 516480232151086, 69508556475198, 292017664272771, 902738278747755, 438620957511451, 31724544383465, 249887506794317, 689212908852306, 912593539124217, 398157301967239, 792750935187360, 449047555329717, 795760178513738, 712307461662472, 357684186929179, 32484378939030, 710659520805844, 815944901012417, 634108417661404, 214750801928148, 841562847094639, 458821134935905, 114269471406908, 780760828711509, 710545766750438, 571121084293898, 248329201955748, 381799075025343, 995248241363178, 770201012191723, 476828117071377, 124281243416606, 917928781166154, 50321352323069] 
Weights: [580725098472315, 741796622248036, 570699395949684, 456435269400903, 594948395607988, 323919450877667, 289024965044902, 625516359229885, 579120097868642, 235311176143872, 159971791758865, 741589708829784, 337773990930027, 641563219292222, 526780811153800, 438517291194860, 401580223663149, 370681567698230, 639887724915530, 333389974320622, 303919348133215, 401649556264529, 699991552427043, 450129284889502, 690476507995905, 509095883285050, 389774064140155, 239721800672694, 726567701456964, 610724731197249, 407349344539364, 361877724735588, 313222839028429, 493113975849075, 414021198153520, 360149443996544, 715937896339489, 409135524423095, 179358003275630, 346861374389246, 708140414543150, 688944345498567, 653324179955551, 302236530434975, 182534225401816, 419597121955354, 327807766231210, 686803977187113, 365628007009001, 696725318514558] 
Capacity: 746184930845175 
Capacity ratio [capacity/sum(weights)]: 0.0325 
Maximum value for profits & weights: 1000000000000000.0 
------------------------------------------------------------------------------------------------------------------------
Number of qubits: 100 
Profits: [200607095821478, 134818169790911, 321751445155291, 954056151408131, 243794219892470, 615148286994525, 737228409830019, 472154914923125, 61177546439096, 18499428518311, 329086650802984, 298027896485261, 546242487894625, 696801273564603, 730889954038827, 813644387468210, 30362459261859, 634002132444018, 269919184258158, 800682151663583, 410716815461836, 409986861307778, 605436569306850, 392582969795212, 912345268792587, 546980769351776, 618658408163836, 148608693862534, 707738194939301, 808209350454810, 174289716675626, 636057346624034, 903474218951577, 182889533531059, 75879650496801, 174572461415201, 305578668316904, 914371488460423, 303871327952127, 408945082947843, 949567191703067, 454172453063305, 585022869544035, 567653217612357, 643254617398153, 703578784301675, 285807327929595, 471453523458966, 417952735159720, 932948575594815] 
Weights: [443392823111550, 652129191122978, 452396075385925, 377487922361825, 656354350847943, 256421652184651, 292577170069291, 694653161935958, 331645656732137, 284568682873925, 778825366250765, 809208539819733, 440097489680208, 677386832702957, 323132021839859, 793942868682553, 664560839747372, 151350573040085, 265972174645607, 706742489602800, 736266961230309, 772988433627488, 299357160552090, 69753930678312, 709203828097838, 656359994762247, 483857302115358, 476329709895878, 347006749003018, 418025169097853, 726054102905185, 707159919585673, 584324724020730, 354569664102850, 655182520797847, 464294212465855, 298335431033491, 721573795068141, 444161024088356, 299234590558080, 203385042044315, 661050740986518, 694375909101544, 621075908510438, 375804361069053, 667838462413928, 636460997375086, 462922873820210, 504258525421338, 694935258294464] 
Capacity: 816493900437977 
Capacity ratio [capacity/sum(weights)]: 0.0325 
Maximum value for profits & weights: 1000000000000000.0 
------------------------------------------------------------------------------------------------------------------------
Number of qubits: 100 
Profits: [496540222800055, 384471394775535, 760566231143533, 81766074087298, 342514230864296, 409147082288549, 585555129018899, 273883424741778, 360302711475909, 453227057363465, 326735502741831, 451075411741249, 196921902219407, 529711512888391, 287864758359, 735505658363275, 254218823417368, 818048773113805, 677813520485562, 546627616701075, 287356952921820, 980423046290214, 101979855415233, 55337450246438, 620630164019293, 509598169749684, 946548536306108, 60347920015980, 250258682451124, 742111280373782, 170654907956794, 296783997389154, 669242377547248, 239208297843416, 343132231589168, 316237897551392, 425972218426139, 873904877583450, 573428986481265, 166287170506870, 186438841767797, 647483610176554, 983364308054975, 904975195168354, 174693159028264, 55480324204181, 841323736204575, 885347319992135, 742596121437259, 971017982991842] 
Weights: [551092970846354, 729404452319378, 371816577317708, 754542198637221, 115510039267584, 215494358525788, 238262222416937, 664418868757597, 425090170551284, 684147071831766, 163697229752197, 254038017293748, 746400239832762, 622278983865118, 537768079587246, 459427080137521, 581088519740399, 157197734918482, 648663974719169, 520502942522309, 199136459883946, 312165025917193, 371346901148636, 725245272262836, 618152431156886, 165922530362198, 376415010909901, 708131940407671, 774292144074812, 349721426313942, 611195785952149, 671597678107023, 342259476882458, 388495259001871, 423320996930256, 629948120280021, 566024456092237, 409511259050930, 379461189703860, 713545459909017, 515615233148047, 335998305528470, 505579705069142, 672299102735383, 751594219212787, 209474288231428, 672954144958752, 499477435899640, 583261480306485, 359909973011986] 
Capacity: 777935804530353 
Capacity ratio [capacity/sum(weights)]: 0.0325 
Maximum value for profits & weights: 1000000000000000.0 
------------------------------------------------------------------------------------------------------------------------
Number of qubits: 100 
Profits: [958954685277050, 24566523799519, 742471974112895, 858106978189760, 88490333308445, 571438889398541, 504181745734770, 662013727085698, 63659652670016, 314919886883472, 678712556093360, 25050687149058, 115470070256809, 365347518234989, 500146941121041, 64012857742443, 910155447624763, 102156911363735, 460823719757749, 555268403398484, 182008866431188, 702139232281054, 376872494949763, 19415736889116, 740951177662725, 968629763086268, 81390131196052, 347490516975957, 113442847724700, 701456921960820, 358130959030357, 600060089276499, 998418715596070, 641353792136343, 298737972805347, 725770396584288, 249062656761106, 240720241186420, 952068146196092, 316985617408937, 96824168304594, 788224980236726, 233758696428165, 246773614845553, 46649811870363, 53094548889681, 862237044243632, 280492937493290, 68052793484501, 126782292538116] 
Weights: [457856352879513, 544975416030874, 201051854530890, 571180788161389, 438881865537799, 325458220286403, 724921449551946, 598387300702256, 192939992061158, 215574003938743, 344913037428593, 329295481396858, 548883845219076, 729357413608985, 708821221846277, 379627410535388, 517599455686145, 515517762736191, 664709381460669, 356613387651139, 684197765872785, 318131205213590, 525361948767850, 485234108511872, 457767255234232, 192436255479815, 634058603467120, 468455455894140, 491937210874954, 558872159017428, 250413862238615, 525193261209751, 285324473283465, 261962647051021, 558714094528568, 642642561797667, 585444579646418, 502336977528002, 549342966325341, 710335278489852, 248595924363205, 635897785765315, 387135846138546, 273200165879104, 107556351843773, 641516252129250, 592606156184586, 425714390245494, 426910184251289, 301526632191550] 
Capacity: 741237587583134 
Capacity ratio [capacity/sum(weights)]: 0.0325 
Maximum value for profits & weights: 1000000000000000.0 
------------------------------------------------------------------------------------------------------------------------
Number of qubits: 100 
Profits: [703394499855851, 420529694537165, 315590476299651, 977834474331231, 91770177490596, 679868201338889, 189994052601519, 867068276798542, 239046411607049, 205429713818720, 515376254133529, 297104138258394, 766393910549440, 441604548636896, 591952073403577, 115407603041643, 305338345364539, 664888453589166, 274132743111140, 229740261773031, 819310255895928, 78025830767181, 34463960414191, 874060765160441, 229876340362853, 169418092335570, 243347447943589, 11709820410880, 534764284936246, 568456795185576, 440946901691590, 68133439752362, 421994532107450, 772504067943866, 285541380946687, 656953354626040, 444256907164530, 65075509343787, 714536623866563, 823440977771786, 454855650861240, 279065848948507, 752621268509779, 660884168385835, 872675876692548, 2132519691454, 266424705965202, 524210753574947, 869476360245089, 277490801630489] 
Weights: [504110744893068, 829608253427284, 388634497099428, 385155209566868, 365355061713508, 785783083935688, 864788343294030, 806639564713686, 212369362353473, 546941532602186, 398081683179574, 754503886799716, 488999801678942, 693956180619194, 835078739107864, 306325932921420, 507162854453005, 437902027309347, 689335709988082, 526710579381655, 419326448500390, 338797198527435, 655076533148210, 406443297351845, 672014928154005, 678554768963507, 600758219402797, 220567166940889, 494259346186257, 814052607805629, 729445729964145, 266446089905492, 300683731125974, 845397068646873, 627906174470080, 532486723934801, 425283369268088, 186989248193471, 683709804676214, 517420952230201, 469762952636574, 742430668737702, 357903630893241, 487547184231954, 290282600386319, 805808575420583, 877795705563807, 659179241825053, 757028962631013, 633290474202626] 
Capacity: 883796168701954 
Capacity ratio [capacity/sum(weights)]: 0.0325 
Maximum value for profits & weights: 1000000000000000.0 
