Number of qubits: 108 
Profits: [7110077533189136, 6765242763656601, 1601246917110935, 5460603611069397, 8121175814664424, 2916012355344975, 4996478328497494, 5690224563590943, 8799382351478048, 3427526113289440, 327806085172095, 3154216766626810, 2612042249887465, 6603785398114467, 6480427963365599, 614575652201951, 2032041802298368, 2443760542920537, 5264624461765775, 259800123368236, 8475615023218583, 4495533298918454, 9497548739716052, 1330853111993863, 4423287915993213, 1644103566108747, 895009279792145, 2268578217642666, 360707754990455, 9777104457205986, 6156501032166253, 5653953683222996, 7036648769975327, 6340400909743936, 7146837297836421, 7145116609197177, 8243229755846618, 9621481000840054, 4080273751643263, 5547101987752900, 9673383169523486, 9052074054071645, 1433739979999253, 4090359695624419, 5058653506140568, 1226712488655461, 9797594165050060, 2091016025512005, 9330562622395419, 1576857184155257, 9832686361094388, 5293276436139937, 3166299786620574, 2838445284992424, 4842837345623279] 
Weights: [4858148066166371, 4928482315341348, 1671780526269229, 5992756947123994, 7074021367042481, 3041543902338379, 5103966681580886, 6940182446163355, 4728498384820917, 4849066915647063, 7871874054936418, 5163723517616878, 2551435054025325, 5946356827642173, 7015106551598191, 6633515514681115, 7246845530347970, 4449878906593151, 6943989233607289, 2051566159343930, 6669629333351573, 7896088471173790, 2503859446538540, 2043909813849910, 4259490249101685, 2313524149706430, 6289363684074384, 1768120448577051, 6060010241384921, 3610683159965083, 5891970642747402, 4169949713071878, 6864720180317841, 7424345948602236, 5941937730394150, 6041752750819235, 5701782337358922, 6032649419468348, 2329959060556003, 3209536164281896, 2079520659172314, 7911736206431772, 7424785915291638, 4722164039229733, 3349936194879100, 5367304607165550, 7922145287916849, 7718754146270259, 6766022454497146, 6020501219987637, 4652595338873228, 2275075284070131, 1044243448306536, 6945515945412806, 4689945822956750] 
Capacity: 7944645677250019 
Capacity ratio [capacity/sum(weights)]: 0.02875 
Maximum value for profits & weights: 1e+16 
----------------------------------------------------------------------------------------------------------------------------------
Number of qubits: 108 
Profits: [6249241015140930, 5480845920341565, 8648929796569719, 3819140031244687, 1704146184240135, 2304417713216039, 8836367722670311, 3357472527256537, 6784878039585634, 7214711744262798, 4007589445396001, 5337615594426501, 1112203026548888, 379935259762548, 4209311754124143, 9500513363593888, 5157698511399745, 6478160204448731, 2578048823587012, 3126302239886249, 8108318096902923, 7282184063644136, 6348431063535013, 4273526529609320, 2506744684872782, 5102196727343858, 9695184541679653, 4737168468482759, 5104423498607552, 9699335732239593, 8640646258002846, 1150544315631108, 5058429915384459, 450790185784944, 3591785144383125, 1168712128616051, 3309040740236290, 4744614109904558, 2785468168225844, 2828693082773710, 6282217384208589, 4962023026008644, 6334014391292104, 5305833848214738, 4425658070562162, 8598386754798998, 8755448704858028, 2563403670224972, 6163263137206837, 3124324915749671, 8530607815569559, 533021596760479, 7535662072353177, 3256506600845290, 2673158254857725] 
Weights: [7831159789902424, 6873939243821559, 4967100148520307, 3644855695277308, 3908391481719819, 7335763600824971, 1406584804378153, 5919167704391059, 2745371791727294, 7840567561457198, 1524310420684806, 3933783633966022, 6486955658400376, 6682027556873966, 4282180895491205, 7131502162414760, 4682335575008160, 7717438693089967, 5505002763947959, 2671766014185912, 6224615092619064, 6672461939010727, 2857487047938427, 4997486119043549, 3168099998756520, 4883880315531320, 6581268733856316, 4342703141986477, 4867977602259878, 2975745677937439, 4302821519154159, 7212357445855867, 3402069101092258, 7472469824833299, 7998070105949478, 7218078377398363, 6873589256208674, 6251526243456856, 7548468358795222, 3351424832082644, 4663867861505589, 4134218470305998, 6687223091244064, 8029602999988666, 3076429218733045, 2046718382155508, 5909825063092783, 8117579391934603, 1927309643303446, 3765824006440643, 5715616257693335, 7290294872251663, 7777419900715942, 2943604336096224, 6045471397394510] 
Capacity: 8176022699378797 
Capacity ratio [capacity/sum(weights)]: 0.02875 
Maximum value for profits & weights: 1e+16 
----------------------------------------------------------------------------------------------------------------------------------
Number of qubits: 109 
Profits: [4330512981341856, 941951408650156, 1616467487259539, 8615548533914412, 9553419427153298, 5926315425005418, 3950477119670558, 288658108822397, 6852680372907194, 6882836084717030, 4816222571328340, 3012362070326349, 10715933775524, 6567573300089429, 7630607865048200, 6453306303491877, 3331320166051280, 728989086262332, 274618331550401, 6297146499124900, 3343135874232061, 663422686480566, 3617549875281951, 4437454962684514, 7310733682169295, 3530307029036971, 6809228824617756, 4141375871712901, 2258067219189653, 6892155543114667, 320527795246639, 7373589525083148, 3179550184556111, 1276678388722446, 6971277182491821, 5384541023045082, 9746903258941458, 2881801857028902, 878746438604685, 1818873465225595, 1584092577148726, 7896583293520529, 7285841229719000, 1313011568091857, 1978662784530446, 7480201122460810, 1157548022098584, 4611320623572624, 8510146667211393, 7079011830293883, 2472773153087087, 200409790953293, 5077676548315266, 55514832548887, 5422594094650865] 
Weights: [9190363585985252, 5927465573812879, 7267826094513477, 5918954173068302, 4181213014360146, 4541066480079590, 8811511161834884, 7937804683974984, 5610466894427047, 6277448123940137, 7666784521780550, 5107367433175183, 5205227843312984, 9038937993623231, 4114104602008869, 7324340009946951, 5642076084662704, 7038569987903919, 5511876517902133, 7481534264608985, 7780494980021454, 8987941700002082, 9026495307256689, 2100235514804755, 4517628043376254, 1968020113196088, 7006568901503379, 8824767711220011, 5334701301854818, 5033043559580406, 8098168624087337, 7302389642137327, 4542962261891028, 1210768888320976, 3772486264368914, 6193946307813260, 3986214896422115, 3598852996236240, 1656237354907155, 8044424654374544, 7836240109968697, 3986632143560893, 4083938455365141, 5135003596373506, 7914904601170875, 5322319122507196, 7345633523901502, 5074242863195852, 6099362753447626, 6826155979666585, 6599244607477171, 7631651650181528, 4555540807688728, 3242397510123411, 9015939318849589] 
Capacity: 9215024021828410 
Capacity ratio [capacity/sum(weights)]: 0.02875 
Maximum value for profits & weights: 1e+16 
----------------------------------------------------------------------------------------------------------------------------------
Number of qubits: 108 
Profits: [5333695941011387, 3939802025297457, 6199357132954718, 4275338618507029, 4968979470084564, 3429911660796280, 195451546700106, 7315153036472066, 7121672643274831, 2777453606607415, 9028150973440968, 73304753214566, 4529912706074246, 3176481260803101, 9748142145125466, 385804391318431, 8824074364793009, 9151246738488836, 7453504547104678, 8814976867636145, 8812725136708018, 2461428853849957, 940308322311673, 7557581114727397, 9920072396568337, 2821067056635882, 6348682673571834, 1669827107072056, 7323004469922008, 1996078317715622, 1942328580697664, 6388922215975005, 1310601439207668, 1514722198090948, 4006800768261641, 5309658383347449, 4872734716266745, 8491249340735889, 2167108758138212, 5756567947317479, 5283440929240635, 7081223497961005, 1959894191373081, 9855974051251552, 4300825684437697, 8449573653737101, 7058324448680121, 8141978877866069, 1170226701585632, 4474584338889664, 6240999528760012, 6964127173080303, 9853276934426131, 1907328998248260, 3944489271127521] 
Weights: [7566778859434433, 7753059991520068, 4000061604083213, 5736324832632766, 3988305492151788, 7095898078041452, 3726906810680864, 7622413935892233, 3620640360808955, 4814536532556721, 7578159429554381, 5420637949279470, 5938048535898298, 564114467973799, 3613313730334114, 5302255230620843, 5974605809474710, 7772830052285285, 3251601336970590, 6303096622337118, 1434749086698081, 5703145219846867, 3815827878582042, 4023364870558189, 4983928704676512, 6950052832261209, 5393060226531534, 3732585514214194, 5822527554081492, 4743555843110820, 7102276971077024, 1569817002550426, 1452724524844101, 5990549385659162, 2582738385725028, 7729054965939050, 3823462857389946, 3700951656901912, 5824744574762257, 4545668004199445, 5948345273754693, 8011349432810684, 6558508121509305, 2540852451078277, 5804605546234901, 7427316645426324, 5651715193824703, 4375408016599380, 4794831136114520, 4354387784623916, 7858855399950944, 7183510535670508, 4422477645157359, 5919685956082269, 4525200107358921] 
Capacity: 8037358895169662 
Capacity ratio [capacity/sum(weights)]: 0.02875 
Maximum value for profits & weights: 1e+16 
----------------------------------------------------------------------------------------------------------------------------------
Number of qubits: 108 
Profits: [2155748024500314, 3042571389191692, 3577234591358591, 3650979369315061, 8786281119012145, 7799300149324022, 8902701493077073, 1114078432836509, 6688745842143257, 3779206531793646, 4498907105319415, 7991898986668698, 6401316778767118, 1024145953346587, 4017712094202773, 113804773372944, 7689914868956087, 3289677690054254, 306178145103686, 3191184629267052, 2739072457354710, 2068115347253465, 1278342073710895, 235881659546751, 9906543562727530, 6942000452757425, 7056857300358569, 6331817947232298, 2663889709271273, 479049845257166, 5862871840343322, 5215443552062944, 4666500147621387, 9677669541757906, 636153868259169, 9111823612673739, 9382906826012722, 1331048377149494, 5803027213577244, 4065770274006155, 8267636827842431, 4931793844277243, 747867074213323, 536922293489011, 8110819298164957, 8444756510840958, 724766053533989, 8787063556759185, 6433765727240439, 3673130995716138, 2919422877521406, 5409909468054143, 1360781894387538, 5468519244655941, 3906698992492713] 
Weights: [2652531218770693, 3137857437015730, 5194993097697446, 6352583731574032, 5219274602733859, 3680675808983518, 4873094402276827, 6214798548698759, 3076149011780742, 4894328707091871, 6738494862752103, 6384947434866900, 5638677598400901, 4389143988253085, 6669017606342161, 6513539838093127, 5536019197742919, 5325182737645141, 3744917354186261, 4290592240556025, 5963048827112154, 3111882318681705, 5658915468238422, 3631628115925835, 3024606572835144, 5357571049707733, 4310301486900768, 5014334503572094, 3008312430579822, 5262707022256503, 5013398326466201, 3519474782863602, 4531752910080570, 3075603460103080, 2417527840512676, 3404337084170646, 5665008438424764, 3327477964275313, 4851078367916678, 3200441341095342, 4583682287498015, 3363523699593136, 4998357218988184, 4166042102735446, 4623615631118619, 3921416320903591, 4934530026894948, 4881883735582679, 5877574328325934, 2239324704870701, 2251469462457586, 2447302306820289, 5652068701024346, 5788025998574477, 5664260097204249] 
Capacity: 7003661846246719 
Capacity ratio [capacity/sum(weights)]: 0.02875 
Maximum value for profits & weights: 1e+16 
----------------------------------------------------------------------------------------------------------------------------------
Number of qubits: 108 
Profits: [8282005802041672, 236536840299568, 748289732904684, 3343748572289703, 5169483964116806, 103963518328890, 1367008740640828, 6355055194500597, 6449618333289777, 8281547161182744, 1422474960435133, 7310130334441943, 5240185991993885, 5519332582517913, 3834453911858876, 4796043324009538, 5815664198431856, 3151454480524560, 2565475447767811, 7200852172349697, 7118603857902857, 9032356291248552, 9214999677605095, 9698889711375510, 1163497318502025, 2968958341844771, 2158390644657576, 5917780689185786, 9285372016120329, 8562303361623209, 9653678237763436, 8910213931921588, 5379216371181856, 4450147136146421, 5405755268478113, 771396410819157, 290588835411825, 687209505847128, 8220232086506085, 916061392906559, 2731926827800444, 4611216789476187, 3529119136431068, 482165879275822, 1712283690303915, 1020040042900555, 4656954832471079, 7881298823362278, 8196507582003684, 744550841447460, 7713298794436120, 4180294573554616, 4774879199722452, 2080526069477335, 490636358557778] 
Weights: [6065026192779153, 3845014716365406, 5562444196213573, 7000007610299140, 6436947513351291, 4528647184131781, 3951083580498260, 7329713999159134, 4192265101885331, 3018316664141292, 2838059442124363, 4404865008676020, 6426031407357572, 3689884439660710, 5978427966723215, 3551689001077578, 6575404115215924, 3575237309758932, 7561447546965546, 5732649721791200, 7916322074837091, 7774013206160812, 4338494163323863, 2939746430049956, 7445897728777412, 8412530050036209, 5747094650547834, 8035110746943408, 1766721763710010, 6406440847392035, 7588972511510356, 6878045581702159, 8192979934124677, 6213596520361158, 6164726302739775, 3020714653209704, 2677555497630709, 2896874207241950, 6224453322358215, 7164907704868340, 7653684852050010, 2752562500846425, 2038473749960096, 8427753222180062, 2567869387170211, 5968031088159508, 7377361804609693, 2267754555501699, 2144405230073415, 6212166709825191, 8263319093513609, 7846941827931288, 7766816925183134, 5692752924054122, 2972910169211157] 
Capacity: 8543594955796212 
Capacity ratio [capacity/sum(weights)]: 0.02875 
Maximum value for profits & weights: 1e+16 
----------------------------------------------------------------------------------------------------------------------------------
Number of qubits: 108 
Profits: [2034525863561857, 6975583539418183, 3651495572203188, 1430933068066724, 3137397353526834, 6405270095703055, 2521259704865482, 842933544257361, 6853914475364627, 9043044582945795, 5839419818844186, 8011606075786459, 1683930009857490, 7230346710619537, 7232640542330440, 823249864077224, 5244954963463314, 8275385442389045, 9804945691821802, 422756843181390, 7565316398630661, 1111690615782810, 2218124174852839, 7674632241184671, 171785067899342, 4466122112765533, 7422530680407602, 5561841935585613, 5174325272576412, 3803070893660280, 5214043397423675, 1329309059789953, 3470116615405934, 50754510207141, 4341863346730851, 4190175669456479, 2564285485901682, 1508843800600203, 461474708320397, 7571807963679495, 4073172454299028, 2705473639429559, 4313834241538787, 6357002843823426, 6245817458851044, 4512022860345310, 5951106693076097, 911112028166871, 9133729496049393, 4620382160838173, 3457158982882689, 2992816052812187, 2091533920042560, 4423039485942553, 6362455406697083] 
Weights: [4339209487717504, 6809105389534232, 7651486720411298, 4973510524248847, 8098834988783197, 4125302825538302, 4656779849877239, 3288513076771418, 6937059597033626, 5661958572164244, 5584840551520096, 6185666646815479, 5796448677603680, 7444683838162408, 2683372012920764, 3120882294003752, 6998304548499566, 7248224464893642, 5396172423316002, 3997109013101960, 2935382176458038, 5114534142624675, 7512857223848880, 3188036734403883, 8080383221815646, 7995375921965052, 5165262428362456, 4162899548105953, 4627414364264545, 5911784926621710, 8096233317717212, 1972246405918451, 2328956011805173, 2657294156971873, 4427958192451020, 7862835948926930, 6878519292723456, 5003243709881295, 4191403829101920, 2938829850342049, 5610777559882143, 4992204575834914, 7731812934189211, 5053482153523139, 4153512321216275, 3960270939003279, 4743631307834311, 1020111144948539, 2938401875191948, 7486090110892528, 5882197013230178, 5280547793472543, 6891536616285489, 4830480201863125, 4299649797555086] 
Capacity: 8126033527509561 
Capacity ratio [capacity/sum(weights)]: 0.02875 
Maximum value for profits & weights: 1e+16 
----------------------------------------------------------------------------------------------------------------------------------
Number of qubits: 108 
Profits: [6917998636752078, 9049426417942909, 8921566195110822, 9134188249940891, 6832296998403153, 8526126822596436, 7669977138681517, 6730344171279976, 2849932943226101, 3422638336021735, 8522192749554178, 9776375529052684, 7188343169355083, 7051332162780677, 1318253936787186, 2546602913798327, 6288534619713691, 6831279792461121, 9305881118589204, 8423561457117346, 5588827184899860, 4945091762190395, 5296330180072349, 1968663521220134, 4136339562256161, 5618059114995312, 4787772042353377, 8163216767447672, 8913477140382485, 9607257620766698, 3472367991057137, 3890230615627146, 2858603673091402, 7141753334988715, 3420380701708554, 5717544891790397, 4110751675069204, 3342062824767493, 7977548727730651, 9827796610247094, 1075508873687207, 7969339658598994, 9066250594658782, 2011037339870607, 5200523088321703, 9741447039195696, 5571072107744054, 9484457273400907, 8449606398822122, 6117838040479486, 9681503896611276, 5410891561070976, 5192024126866610, 3769086562751376, 948873725610463] 
Weights: [5846542170860878, 3888675209306423, 6338885413347059, 5806142235324363, 7096382165129801, 6221016016367019, 3972297024872727, 3512754711688018, 4033131042311203, 2468383273872557, 1236883968831236, 6871383992366850, 5534578903779135, 3469190094938575, 4371385295124944, 7179511086847058, 4172460034689677, 1697385418656281, 2264340295732541, 531023799387348, 1738033714180256, 2013484701321558, 3555823175981042, 7050007015351896, 7220130567969958, 6409700192483290, 2572411146695680, 6204919541402908, 6976384288048072, 6800636683554545, 4053241767369560, 6736593347689842, 3188535105028858, 4795149047148240, 2140438308000508, 5620014992934226, 5937406319228204, 6983805361331838, 3063435358271333, 4543304986887714, 4273454675283947, 5705397157623033, 6946647354590235, 5513071703876637, 2535282194405755, 7010638348998838, 6648582879100246, 2160574559187637, 6224326072068475, 6838326784820555, 6701225506419194, 4462961754280153, 3148486879026755, 3224914143805787, 1808674015738771] 
Capacity: 7347228936505221 
Capacity ratio [capacity/sum(weights)]: 0.02875 
Maximum value for profits & weights: 1e+16 
----------------------------------------------------------------------------------------------------------------------------------
Number of qubits: 108 
Profits: [3781820424458201, 7102801193887784, 6603637891191560, 423514984958853, 6270273363306485, 2299680701436479, 2128656053913934, 4880337826438388, 130290021132932, 7649626552514250, 7455511871892908, 4560845696203768, 243621155922623, 2529142032484738, 3693523593194214, 6354557366884375, 9535743372925936, 1662605527230406, 649219673653941, 9560807543589863, 4096210741070699, 8450928591777252, 1895953799554286, 1358392174574173, 5743305484437344, 2741065764703626, 7948769239564827, 6194381295560518, 9941987298607274, 4131671172293083, 7624528894802072, 9386627079516994, 3299388201136007, 8434870414972023, 3583164208082810, 7066106434981709, 6862892878505166, 1894445277908329, 2114017054143320, 481380059741071, 3862519516201045, 6617909034022480, 4221127651851069, 3082081160988156, 7275677260966271, 4230725148215767, 9449908262155031, 5131724551932883, 6790448351436755, 1085055577275216, 7226876702156681, 5243962740697538, 3524614280021735, 4641974485443534, 47137962572338] 
Weights: [3781558630674930, 3041934179377396, 4502494795617905, 7316119669805288, 5345771594070925, 4673574503950310, 6231202581596049, 5186074524067090, 4060989438636501, 1843668508827786, 4373327677693214, 6945575950758698, 6683372273909419, 5284471657390872, 5766470171218173, 2611536623660131, 3263437075504087, 4179535497516600, 4911019586551811, 2791633857715832, 5599757154446215, 5962608408865092, 5907812432233588, 4355835601884008, 3119063889983744, 6120910569247345, 4008120744652484, 1273096936301450, 7466454919589549, 4203996525194230, 4422462624684040, 2870495036841745, 4639366830116530, 7793401520714409, 6542919602920009, 4434890528622732, 6970337620675999, 5204480530883010, 5670238336876119, 4591612079105194, 5095960458433125, 5140285573025735, 4761341230934878, 6626995493450668, 4633628217537478, 6749901987238877, 1058120541712871, 6788515875112695, 7295797416649250, 7268500127293032, 5086323000096257, 2690587844428566, 6629875065161447, 7749941836360591, 7504289763673166] 
Capacity: 7809206637957223 
Capacity ratio [capacity/sum(weights)]: 0.02875 
Maximum value for profits & weights: 1e+16 
----------------------------------------------------------------------------------------------------------------------------------
Number of qubits: 109 
Profits: [7534545177750833, 7772819281267694, 4456981430684433, 7433173947566245, 8023534751021947, 2683296134426569, 9074774281292354, 7297232864885201, 1465282090917409, 9591643660461385, 6090039846474857, 4726881514526939, 7267450210435199, 6989543146935368, 685967603448966, 6674296217977632, 7835921622625227, 2046377591769980, 6900255464573582, 1788641583923114, 9403565966583327, 8369799433733122, 1771110079110438, 5180147928382042, 4211439129948851, 9427511974434438, 1034970571350628, 3211636749485135, 6691165827199370, 8082543652015037, 1300688727069022, 1655695135832854, 6741399809410062, 2900736185678541, 9982019116797354, 7229729654256640, 5157134084569675, 3952693385295929, 4787179932667692, 3277498323343794, 1576524347180916, 7812397954304931, 6591670513960126, 8107117641020324, 1814795821803080, 9942603333161973, 9531112001852643, 2914916340795254, 2244718552061211, 5511530341519319, 4485547058351952, 3309051580492552, 7542398292439684, 9274579052160641, 8009227603155374] 
Weights: [5102323945729565, 5651837355075377, 6687918393169494, 3733248256844117, 4135438830493483, 3742863351709895, 7003433608073981, 5637210333520249, 7051538383129887, 5213441235675926, 7362328929920615, 9095795652125646, 7221166847916580, 4391349889958885, 7934012590594874, 7081231683439782, 6412949929961790, 8539382920479739, 3557056079369429, 2052891114409340, 9132300947476029, 8556173505242864, 5404858924902714, 3147878822133415, 7153535211911457, 6741262124406930, 7285635635008217, 9099620171322745, 7244545100237153, 1414490707285748, 6027027333378298, 3129304414087375, 8808658991228837, 4933832292764623, 7773982538438017, 3530176263229954, 5992239216563192, 6986294840105698, 3261938340726390, 9163219831886664, 5831519721484027, 7216353925255393, 6976563296396600, 8845932960461833, 1485666227872348, 8872506198362437, 6884208596896888, 8675498510433288, 4422682010635562, 5866546380176302, 7998696207220906, 4205749923416158, 3520617108662004, 7779778420588305, 4542673917894352] 
Capacity: 9519799199133160 
Capacity ratio [capacity/sum(weights)]: 0.02875 
Maximum value for profits & weights: 1e+16 
