Number of qubits: 120 
Profits: [354274252234765275, 905362905299961089, 340052557239766549, 101451990421742619, 631825093000337458, 826342846992826422, 825516359578549872, 835067030208456601, 414159324889166491, 533945434703286715, 218269041325501132, 278655353763128023, 793767754344585153, 879534880836811672, 157328590655172411, 754091382307062779, 869156595598590975, 373238060862089859, 527692431809382862, 166517841745645004, 9392116681571020, 529077542156806958, 560377027469453833, 314259305591391775, 536975352186926311, 321969805037893145, 895457894787828682, 952403972352923247, 165775452709753372, 438727807145334312, 854318516712127412, 639398496877124249, 76701365433475195, 952235447506224854, 430379221871205757, 52124963611164298, 247576942215332409, 805332403407634081, 580191519841917261, 275494081563024244, 373489380293530655, 5366632859764989, 183061169109892002, 752928647085565973, 16049801225702592, 178230749661206658, 595854390589762520, 590941830361831855, 420926722547163094, 561996271123473475, 566408604883589685, 63437750143508067, 939263538082282437, 741230073402047649, 726632770979579917, 634105336635695601, 397928545207192305, 876493074574904928, 235685982083831544, 133219267995102875] 
Weights: [304323660529647367, 456873940450509073, 709649011713721292, 510816804875828524, 400692244803014321, 636340462976470119, 613546207015614051, 632947634686265610, 683331684547440773, 562009870931126354, 593662589904581984, 458312519722933024, 426435263948654598, 450502513556448405, 518495402765694765, 470624056324338523, 631962879902638257, 684821028371637064, 463758929217896830, 500224997237840578, 398064248247661992, 451254786583120239, 433341170736294497, 479454627786511156, 543418266868267209, 725392336921715260, 711990751706270073, 658358037023993936, 632045911431887989, 662915329986145920, 425240296986408543, 284398515084120305, 485308077492704909, 385347718353402869, 236642567812611574, 490625105324938539, 197082067921322759, 595895244390696082, 636467493647167197, 552931616373789935, 501329687759715437, 632924068309563782, 451648998862159837, 498195954965079684, 674686507954736745, 227781575670819283, 174449799861473750, 419697157496396834, 102628290653982048, 446546923801215582, 516743868779964507, 531050972367242782, 579443498311262250, 378713431278537357, 431875982084942996, 298034972899135105, 716379680035689930, 483893418019430988, 415646529060061404, 347770267642681060] 
Capacity: 729433922609766400 
Capacity ratio [capacity/sum(weights)]: 0.025 
Maximum value for profits & weights: 1e+18 
--------------------------------------------------------------------------------------------------------------------------------------------
Number of qubits: 120 
Profits: [986303605087308858, 528205284141524417, 467633508623754176, 148401073296825080, 660590272973677350, 227046734378271622, 267975876785947984, 917631579200848955, 953725503426305344, 675495337263927074, 925924291184045610, 745843610943239780, 446213691593911892, 585775983225458871, 153303539267104729, 442791604702627521, 79124108700316119, 763377541238568007, 394366653931187331, 842437593872616516, 565114965862607766, 611804981850130990, 265042167008700104, 747115802001872675, 867274720109993424, 34675429492557470, 172248362268949483, 131397222135760105, 622877367433224407, 311631022020753211, 525789030955541489, 360522099933696291, 673545990443247905, 901916421635416615, 901402753167001417, 639725944614395394, 436555436226305537, 198230662409277952, 724792652021102026, 606070335301937719, 665739221595761317, 723567955726266374, 615369395730869694, 404029681222548205, 711315782420379427, 837975375947851820, 194889330177819098, 304623559952994744, 746461672051924037, 156584591556519619, 34584674631251384, 756350559241937751, 918480235176091155, 732681848591569868, 749641207151867137, 452216452305897605, 279992861487251342, 134289621945882160, 386532869857789897, 861564270208943058] 
Weights: [220003491582706449, 660590574374932841, 688844989373940050, 626458596951436222, 625356617372322071, 613764953865976787, 713232255264007605, 631377522406820571, 485143889929645388, 404238808769787883, 491673548647327615, 757582920702646066, 704346974153135929, 627092652816578456, 587535498806410586, 426700130269192100, 417076247820326771, 491249177345600618, 494643132198132020, 218325758847817034, 634320346391733383, 702387501330868623, 697182899907507013, 460155676495375086, 465477364921831454, 590639982188302294, 522477860889669917, 534079975434970594, 509053726945425994, 711814465209370241, 402630841038645399, 734212484339799700, 543412673721061189, 524404968431149041, 643993088159560081, 633414085592518662, 414524200126047232, 599271132535828469, 550837731808748179, 468308324962616173, 475275058082096243, 271956832116692153, 724128214874335503, 440579646818819835, 657514287464755866, 383032272800588529, 179708606835414367, 420201988827837886, 656818922296047562, 473064854123116879, 303868862294331315, 30730296221906324, 410141541679357355, 592127286454706663, 566562965848642464, 396630296897191054, 347040062519962839, 592312681658560793, 424494324033630204, 138746694654223598] 
Capacity: 764361442018488832 
Capacity ratio [capacity/sum(weights)]: 0.025 
Maximum value for profits & weights: 1e+18 
--------------------------------------------------------------------------------------------------------------------------------------------
Number of qubits: 120 
Profits: [381725430660556542, 630403756458748480, 485466443699099809, 928645428512462543, 804172803341223670, 269653740472986672, 963302155291964866, 150078631238696050, 604492242246785358, 887725869371924935, 225841111166969379, 408282930603200445, 533340130909702520, 459158779063603002, 795942646245688626, 280726687902345280, 841381650515043412, 136215435261130242, 130961083352202628, 557604587372329089, 370467013554388119, 507576183636865021, 351454233587132877, 792757889078976161, 418347302636983458, 372427727627038250, 474103475789982097, 115782417621920626, 568602600475929279, 620906484845854155, 733050694992846259, 515942843618449756, 301590875241709956, 793360212419488492, 658695018774652433, 711185462647634644, 790840961021341778, 207710247435527253, 925703278144242036, 780868462750536816, 65838156449653270, 676119436919701132, 227118687537079583, 552953033528815814, 33858767068816345, 632205334481254291, 124229190264709111, 628325251256344228, 141728640340340720, 401882224403524974, 712262278566992148, 846579685909435054, 880843616159957166, 137427579028162276, 590664646928185547, 710109339396978585, 13216924771598134, 821401904645209319, 66902956417930914, 526978282352386726] 
Weights: [698520894582733613, 606406322898981538, 738814546738991420, 96647200456438726, 218725333327734747, 374648689378394959, 742073837602354305, 524074096333643241, 707454282832248823, 678008229715153849, 781615432460545012, 594936060883119833, 307763334043488086, 723693945567091036, 426015159467700587, 573455979473574377, 425335768705887952, 822214272738751743, 577516933437579328, 810399068388298172, 617542323044677736, 233179549959647227, 519358027692316537, 350118862127870383, 382138188334002463, 715995311832957999, 768101697562272579, 672568911933641331, 597612330830269496, 680227238936651890, 616969078187091602, 370188631644456909, 825655889211844542, 747955717203635691, 562666883834882236, 507096811196259673, 411767602491346589, 683566610792162030, 682998673151564018, 686572571477959369, 117039107809289435, 511662481886720949, 774622077658163453, 695696039516579535, 435672270806747404, 663121418388180886, 730984655030181911, 521455645591185104, 191158658620697771, 704950469658945663, 617159559609172737, 533720765652636457, 335741468724637111, 780204915955083975, 170195623040407572, 525333023898174187, 776166172654207200, 623880678985649755, 615131439287057060, 634669461031321922] 
Capacity: 834714725256132992 
Capacity ratio [capacity/sum(weights)]: 0.025 
Maximum value for profits & weights: 1e+18 
--------------------------------------------------------------------------------------------------------------------------------------------
Number of qubits: 120 
Profits: [689915893663039263, 425863564707137728, 171814769966167787, 4435834956717569, 620792994570903432, 266217388242294633, 634336806313528114, 684572107201769036, 587248817591125868, 381708471867095457, 487465188885099527, 486244450274763992, 948449361338141965, 276338498283690098, 528225584739159784, 128295774772872587, 134308288057064778, 861143111062133929, 341283045155962966, 497060917569249841, 737333024194611005, 531003959786514881, 180514015702575354, 98589624391511914, 761246792756965698, 878096194389553442, 362962024573230250, 316032116609887163, 805693012322842797, 431711932499024579, 164700561053854881, 45581841165439870, 330668531118701778, 745925041974281435, 464188088770632987, 253896899286971840, 763758292097634002, 544222250849603184, 717427506362673562, 691247625485099599, 703552783144470291, 113859375814730312, 831181757934598406, 667594349456144367, 843278726761572532, 327351781133194101, 201773544569898725, 83480601708472571, 221409329012070774, 959217050368649555, 987384868739074690, 320614036695305343, 600951320321878264, 606665178847905368, 520125909565051154, 732326035323842288, 546137348610285863, 18432751519889071, 402318415960180678, 94369729589435080] 
Weights: [306891562206425927, 523078812478830827, 500290951632222905, 580526346532238428, 626016157204927727, 425760392572882078, 608729724916290736, 577195950679660754, 466765231048901595, 674954767025015401, 467938482807899797, 596314346061270921, 577167088311097406, 735129284415277747, 470486883263478010, 605656621624178963, 281908080307814201, 469668485285726649, 210332376906707435, 634495707700651989, 475270303540701942, 693080590517157789, 252676264493091677, 565747742867774245, 425377859011053202, 546701263583753492, 742757316028980231, 710485950009417136, 699532652389936096, 493908793464815139, 601093002042614293, 762175691758529881, 408128584374477571, 705157062339561208, 756067316808077976, 595459490855301572, 725354093883190056, 761480443674744372, 751702866590142674, 401580294385951183, 328739836987106550, 707280790163804683, 620078938733855591, 499593389241943682, 145025976479201992, 724788640049500274, 306359167479555937, 526432875368809625, 113821686213175416, 726486516777665574, 673910983409987482, 414608977075838486, 227546314558261117, 645994583779415300, 223920924207358681, 684234526110650151, 649609185855641959, 335577731790490805, 589189677579750354, 615512795080036974] 
Capacity: 788914122509480320 
Capacity ratio [capacity/sum(weights)]: 0.025 
Maximum value for profits & weights: 1e+18 
--------------------------------------------------------------------------------------------------------------------------------------------
Number of qubits: 120 
Profits: [469995938074986395, 121303915553739230, 276800362106332722, 59594181107239737, 947918152201251593, 580096238235048304, 674094877105267745, 449698905237603325, 751909481590208460, 723377269546675794, 568029364069605750, 650355886267086802, 436924566334335393, 184277358927244437, 836252813716888918, 377035507023466357, 627379264233634511, 99006291125108988, 556364214215715195, 295876427382035822, 704810183335763758, 689327086554130060, 787210004511116684, 382613479862288595, 858526915327012461, 381861266035425848, 920548996422085267, 947959427749785834, 559061832581149717, 818042305709052973, 610563566945186021, 267267852041918517, 807314728179983373, 679390326428408171, 466738483182485022, 150131972184254416, 401107152319931640, 814496299889412878, 142256886355349918, 111962639017380117, 164961823878358286, 910976874536421107, 542938971222653232, 14272925900441827, 302417216319901170, 440920272855286146, 1370737935942263, 806311539850058526, 523280073611484467, 309306375642103388, 930240936123592023, 65994458876224608, 32875597359684755, 293197207927432052, 223061901047846949, 641073746903283280, 740112198969018104, 76472498827202968, 981417974799703373, 651464879100078551] 
Weights: [500166330163165565, 446111830727932871, 426647849082015310, 559621883266402532, 480521686348740125, 619849933034608578, 369386194007241377, 700154415838357314, 454889750345438883, 634389669133624362, 694280883479472490, 497220409039013881, 79842391511453099, 600104267708756267, 590679036731240550, 512543307655939112, 487227670628006566, 426139717038216571, 621236747461716327, 452473829291691286, 540866367038294309, 487906219070170838, 387633054778540943, 528432272777094992, 358191954497854166, 585418757828111976, 561241192739540802, 208576206942331734, 600717389950183706, 367134779435093647, 474466223028530862, 600547102435124291, 258508486368140861, 434381821908582413, 280172790922932857, 688143747305642773, 520905696420026717, 621399125412804364, 299352729216915625, 625694146861842791, 377425555980767017, 400001999502588331, 380798282226564504, 115560210427203906, 700056065309248096, 561987014848325938, 612387644424711463, 501835874123569629, 549125230811517487, 700471251368410582, 433418586691529407, 390560976690930168, 452075724227769163, 536934972482454538, 571994386205564614, 575173027292839577, 372577247861053396, 144676805835334882, 330295309525242983, 213915756187692766] 
Capacity: 707353780738884096 
Capacity ratio [capacity/sum(weights)]: 0.025 
Maximum value for profits & weights: 1e+18 
--------------------------------------------------------------------------------------------------------------------------------------------
Number of qubits: 120 
Profits: [477110251397856253, 130137667363659238, 747531126180026208, 529122414477226157, 818645380736909220, 56734829266392097, 566629358449384058, 780645581054215923, 619114097691856210, 67770600547860849, 717096607539646416, 702515289130759597, 709978569708501373, 898539383558925915, 164902073174485930, 888026383313932380, 645499258033862723, 844038806256020311, 590867267377548713, 560927175086607879, 757693617224965844, 810295380113494614, 87835606535785870, 581632117488589028, 260451034774725580, 525529483572894934, 320880770480786270, 996981720923209847, 620257589303477712, 381207958153656023, 54468172174061656, 950733867389555399, 356911813059656371, 948574031377118015, 473644148809460575, 295197282316380813, 332039539152503791, 605159003810179998, 889109924620944544, 385442301604965667, 711550014380006334, 559601359827670080, 201726706492496380, 956059478881770641, 381682159125033705, 352447360399935606, 162703847719799502, 233698162576354182, 88793954541802816, 203848150896556091, 848561821404720670, 326444886338732132, 968337977307831378, 443768938434303391, 591972058627604597, 482961673368814662, 485231109827664937, 267399073636733871, 593060478044186008, 606416046536814496] 
Weights: [352181240712588811, 140356870691233019, 477258957075177692, 543578167905645694, 720959205431398187, 568030036184078882, 37636919537599794, 645222692460566485, 511753253681611654, 742997648804664025, 757566832423634814, 400537736938200322, 463104644866747848, 674926675699352410, 395869279024010557, 474685765500796094, 590212900125157759, 468007289450052279, 526335013543117567, 703041716380715980, 519794419449013195, 656876140522840613, 521937287581375119, 493618254103121472, 540397812731928500, 560133215313081713, 321416780815858484, 680988530912128657, 502379704809831388, 507497149704604449, 436873169280839776, 449486933424626219, 530829531965950661, 384197296225600782, 281556220492951663, 742078172451687328, 715670507272755984, 366096816943004447, 732819811744052680, 601580413440063000, 639918099492016135, 739044278818013543, 483159616427815037, 569232609441581373, 632331717051168269, 500036448843472374, 762367639272846539, 599726718138091955, 597180000451645258, 336627592394546164, 606472390474569053, 714162305891672828, 425407240758698856, 217979288305714091, 555032591978065507, 326646887144481189, 635630107347409533, 574406883585754930, 440421239629954899, 437462276532823854] 
Capacity: 777517532678987776 
Capacity ratio [capacity/sum(weights)]: 0.025 
Maximum value for profits & weights: 1e+18 
--------------------------------------------------------------------------------------------------------------------------------------------
Number of qubits: 120 
Profits: [784472481851655959, 397887958002936824, 67202719039990289, 548729819133543047, 807174003874243585, 243629719873252310, 725183241230517370, 341921496076902001, 848124712983123319, 136003719827416672, 439933120657980485, 902619729175857328, 92078791747506863, 464313620364510116, 771940964265542351, 30388144870139580, 571926200193424666, 864892105586004847, 856684753973491451, 190591531902566304, 177459291658858338, 649125056083816042, 323021934302615715, 440628334850505726, 794090836929934872, 635500883402144211, 162355206581315049, 82486349912827427, 36788123748151320, 571991789864572679, 420380064152398190, 389063479675401640, 582496513378481080, 847859967869806578, 252622351638023376, 738145256545402975, 35947773052346700, 624597289693458910, 49329136138591851, 984338218358773050, 526444270275864892, 263151053479416427, 720140493772779038, 852039399586762528, 228947378429205621, 515359963358534411, 457297131243161231, 746999958320176276, 321720445243621510, 192071220973934237, 631595276609019204, 387377351869870355, 314877520127180746, 699364883994592308, 430075104877517680, 610480350060348768, 545830321361922207, 880497290860194250, 460470848375186442, 739485947205496339] 
Weights: [373748819650540646, 144613458306754644, 446625414385446149, 641732257690079970, 255876309274136502, 505655192104314465, 542171045661654431, 455495945415823728, 371437954092781698, 249836005471761112, 746463388779576323, 608604463107524455, 632903729181762209, 463083805689948430, 731908586589434397, 353719714263616880, 570356263457343616, 731836253138404497, 489430807034952001, 620756927166127259, 671960029090460942, 430617921980505205, 486011917952904508, 535902231074403892, 442388425316547723, 660637024339535191, 779414501871241479, 383771458563943740, 181532758494739609, 353338754130975042, 765243049850248794, 770767769482003796, 666283493991436353, 483227660864137977, 290024706800063852, 774744169360064712, 587865243924946001, 702752898225334117, 549729507955382882, 491594715257827241, 450874636980892270, 695569659854613300, 733186061736274118, 696966935534995245, 573081975037105023, 657927870187003727, 645907695422691813, 571684620996940186, 643598698117560186, 539470948912073740, 466484545343859349, 358725046583193332, 375110340495418451, 390048825988236985, 545455673405367485, 452176338360258500, 577207875195149031, 583837240876252948, 455029115438018757, 427317925463209288] 
Capacity: 784171567219057920 
Capacity ratio [capacity/sum(weights)]: 0.025 
Maximum value for profits & weights: 1e+18 
--------------------------------------------------------------------------------------------------------------------------------------------
Number of qubits: 120 
Profits: [373013911065025324, 583282846306793011, 879511477158396447, 473757313384931214, 869875568117837194, 816898888066859719, 587561700064979691, 329714599396492974, 220200931352606067, 436985326347157672, 421824128792185435, 152424748359350018, 444079048884511433, 340371539131620073, 401110539038075986, 265336379250695296, 733754222286932190, 926753788422789037, 238128923679426066, 660990238007320734, 991729108061478569, 88789146600798752, 874331061809765445, 357559054951349416, 732246255987561803, 375772216696384662, 450858679007328238, 638201915499120935, 821684509340342199, 529645908670247435, 398459770463137245, 931666854638492653, 208124153058637506, 782252469302919847, 241837540849294617, 776124834599134836, 159226279860033476, 930065884811205331, 32763725953844662, 623128629594517419, 545284346648956372, 159337000045595525, 805850601948967963, 567146965943642350, 308285528907019714, 852160330151769235, 894248497265064924, 476103744597125781, 396287438278300500, 20070162495292157, 614019023023973721, 851991224509844924, 374493682199608751, 994999367473922280, 353788706545999910, 982234853910254286, 553660911582766410, 937960728444191820, 370809890841601769, 497624220829661738] 
Weights: [314861779646343556, 394020153915887654, 447026755596883544, 533525130345316179, 428612154450294111, 241973567211447419, 367863254095751696, 541040110914520271, 408692073460610834, 584312076415772310, 270356518408759406, 489706726073732053, 196465323467193170, 486115399696308041, 421095809075713904, 506442893143931421, 528438288503976245, 437986986198729608, 395334238818919031, 427737394636983226, 621607619863864414, 556701466821782701, 308890934539144129, 406283658930409217, 519331077261408362, 419078293747035136, 633507664843837290, 584744429581012809, 468349345736102199, 423687213204558975, 399064398029149416, 365867544471938143, 388273723320078816, 410169474926165089, 393721743198546432, 560029202612419566, 596619059733151599, 241623673437022603, 406111217171803994, 287971443700700203, 231049495656542614, 427968160925545517, 618985153699673331, 606887065851494539, 328475153162657667, 539442923558367451, 620723837625033682, 284905138986612116, 615150762768860589, 446899340669720447, 162359300343991411, 80988536447053729, 477324150101719403, 450934013220777977, 541524600589484621, 236098556376412580, 475376938666405513, 575074865366411965, 401943063694986087, 487434748381803923] 
Capacity: 638494096144729984 
Capacity ratio [capacity/sum(weights)]: 0.025 
Maximum value for profits & weights: 1e+18 
--------------------------------------------------------------------------------------------------------------------------------------------
Number of qubits: 120 
Profits: [109919982524118924, 458959771566803755, 480278749842604829, 885963670105128151, 845175485918867545, 366998427344684031, 385165204956078680, 352895597927411862, 727806502918111554, 417157756221818481, 144751811948027099, 395988346413836311, 697260359428255239, 501490296703473254, 389226204380150895, 920434247199125941, 24567098811180918, 832917614808679035, 877979273892202103, 949209511410959150, 86092343256305886, 223093361177076115, 297075319661781696, 628414451118978257, 469020331832113115, 684779341122905390, 241850885502190173, 559990642438095410, 534257629971933088, 692416616396692142, 802424375047656078, 23960636239441849, 563085074924011208, 793982160665790812, 264568170482974363, 435059446366853273, 514964373411922473, 434098833235202879, 740986116497612282, 224761227245487089, 230798742819119554, 957102592410482335, 728671694146916249, 242503906877134958, 718283222922325640, 557916837610905293, 676341976007129933, 753689926459287829, 786758859961092390, 731484126642950683, 145724922267379318, 810079932638418957, 92561626818420227, 615600967163018317, 308189900318964729, 406963321579964627, 397105800643904238, 710680372697891477, 474060897158841897, 697648400195039158] 
Weights: [727859364041359169, 448062137361185431, 774222325112765073, 604886020480935270, 548348025657592084, 369701487793410573, 504370656040778051, 664826168652384220, 652118940101102061, 664280356200312702, 472962013220637309, 584802650853431792, 639568175802514492, 424995434478174694, 297001873437443438, 271097016112090971, 507467024641965315, 748304374201515057, 720841708086641337, 747796846100215421, 672916635003848776, 778203039121904550, 607521721753020400, 545294804441641046, 629156943552709815, 289432785921602125, 590839877064166495, 256175692807857290, 705998328083809124, 755962955890859842, 214332863126971714, 627632111897022575, 707801872312634881, 458458515708569033, 765161934256654208, 509839984722489886, 501272046525224280, 725942061229627168, 225764671660212824, 598957417854795360, 489194777152096931, 182220615682667312, 222480274568395033, 395669296149626026, 507630999246829346, 434823691515766061, 530819216722580852, 437015580139902094, 360526994231504914, 661206292673695209, 671677860438730917, 217103362811363164, 418000035976760961, 779472651412166930, 572782985763290595, 721172077022040695, 451890751293011261, 397907690633368653, 534226473300923924, 437939320284484414] 
Capacity: 788246408737332096 
Capacity ratio [capacity/sum(weights)]: 0.025 
Maximum value for profits & weights: 1e+18 
--------------------------------------------------------------------------------------------------------------------------------------------
Number of qubits: 120 
Profits: [630056155853732590, 480501207929090980, 652006735467492856, 689236549691542455, 214496871136366176, 908200079232237787, 850638231215461304, 424781252352815308, 20717789457378363, 581597078316906949, 304600349403254533, 818902196403914009, 903750804560386246, 705289075916426303, 934179695226958097, 28744739098413701, 787386007814589459, 235337045312623816, 721739625919980784, 811407789067676698, 401535774982240531, 493119201573139970, 423761355829711303, 455239222991120282, 554731036808983684, 445082647935514039, 375059915208594980, 974022756043587939, 945418936966776621, 982651595330334360, 570161222686001084, 674257343801404038, 301615858050269331, 592700451705364657, 596721584867707971, 78459031003762795, 653570884892173391, 54627302557945914, 995295895896014556, 119835281877617453, 56140986180672313, 635031110577667567, 841901557232847045, 633131595606433834, 733841087383488821, 182750043869587028, 444326937037467880, 599895045222094806, 145664480451022409, 856344426890850553, 219249366961564917, 208382026785691959, 539879905906014236, 197331793912119328, 371806535542548936, 2269491962264003, 981084216866787881, 316330188724797722, 892641869271759528, 82410023609922017] 
Weights: [532733793862690130, 534359965286612849, 344070240459193366, 154665948359931788, 346609045876671649, 280784392983862428, 536562824597596735, 562061577620011989, 190873904219582641, 546858416120954872, 626715756604073152, 416078031071060889, 219741772821179963, 550498700529423764, 444099432615080015, 547876057388274198, 491091361948412287, 571161856129039549, 353716178608542638, 468974225251078024, 317732429340286324, 593783964605899162, 415068698077079832, 199809812490139760, 418158088352275634, 579778662463071313, 443109654846752650, 393167346786024000, 443535918453767922, 566578907020393867, 535937152750737855, 616058947771335396, 640324906497698849, 470358911842794971, 581082222731808120, 501422505242806401, 588275718336096631, 517799944945364726, 597914287341056700, 99019840067353283, 239925325451698567, 212648909672415548, 445178443127224256, 495759875932866044, 617008624051576441, 320465601518523457, 575848309395420435, 365292473652000875, 319595341563927531, 392289569861406173, 539126218497929580, 499082621538970827, 337265656970669230, 459034167101240590, 495508657346350053, 580813215572091217, 514816646803809532, 172685439349193941, 558741284688429489, 644809883738772917] 
Capacity: 659549467119825792 
Capacity ratio [capacity/sum(weights)]: 0.025 
Maximum value for profits & weights: 1e+18 
