Number of qubits: 48 
Profits: [7273620, 6503994, 9026921, 4176482, 9831046, 7694487, 23819, 4576109, 1874574, 9382911, 2260551, 3978211, 6734547, 791314, 3912734, 3229748, 7573103, 2340283, 4681948, 9785214, 5807841, 4302679, 1016924, 6414975, 4521698] 
Weights: [2958914, 2020839, 4997672, 2863276, 3806789, 4582963, 6578024, 2916692, 8004684, 7224215, 2887059, 2900503, 4708126, 6595700, 7613414, 5691570, 2104280, 3979073, 7592504, 4827531, 7260423, 8168598, 6328662, 2388103, 6210529] 
Capacity: 8351051 
Capacity ratio [capacity/sum(weights)]: 0.07 
Maximum value for profits & weights: 10000000.0 
----------------------------------------------------------------------
Number of qubits: 49 
Profits: [3290479, 8950410, 9561777, 2749823, 9915757, 2313458, 1142706, 9021449, 5384270, 2353142, 5909023, 3032428, 2001944, 8002348, 5220412, 2150079, 191708, 3178860, 561227, 4800897, 3222347, 9103672, 3541565, 7420395, 3516132] 
Weights: [7703783, 5959602, 2736527, 8877495, 2658620, 9310192, 4327698, 6657139, 5070460, 6274709, 8868249, 6100843, 9302897, 1524267, 5659895, 4698987, 4288671, 2362644, 2390422, 8197084, 7147209, 5934217, 5343216, 5210538, 3115953] 
Capacity: 9578262 
Capacity ratio [capacity/sum(weights)]: 0.07 
Maximum value for profits & weights: 10000000.0 
----------------------------------------------------------------------
Number of qubits: 49 
Profits: [5258843, 1612237, 1007348, 1899366, 2735866, 1574332, 8889174, 3597752, 8238710, 6515058, 8856340, 4312663, 8764585, 3138865, 7671252, 1570693, 2251091, 7055783, 1875468, 2312553, 8025953, 278769, 2914889, 592221, 6175412] 
Weights: [4733642, 8085637, 7873267, 8383261, 1796994, 7332553, 1407326, 5694983, 4157509, 2935564, 7772625, 7767612, 6411210, 7724371, 5899273, 5066519, 7975700, 2908489, 2690312, 1107072, 2988757, 3692101, 2815147, 2891629, 3026182] 
Capacity: 8464631 
Capacity ratio [capacity/sum(weights)]: 0.07 
Maximum value for profits & weights: 10000000.0 
----------------------------------------------------------------------
Number of qubits: 49 
Profits: [1232638, 7878476, 2966857, 9034391, 1107394, 5330931, 2105300, 8539084, 7055997, 6307178, 7833373, 1685035, 1800762, 5068860, 3761399, 2753654, 9608494, 3749776, 5996277, 9752460, 3117191, 7161953, 4039692, 2498981, 2043121] 
Weights: [4948917, 3442051, 7053186, 6445986, 5551299, 5908735, 2031413, 4015182, 3329048, 1663984, 3132383, 5043621, 4579255, 8537857, 5877275, 6554311, 8040416, 4708727, 7220513, 6975786, 4411782, 2894653, 6510793, 3100635, 6070193] 
Capacity: 8565774 
Capacity ratio [capacity/sum(weights)]: 0.07 
Maximum value for profits & weights: 10000000.0 
----------------------------------------------------------------------
Number of qubits: 49 
Profits: [1542932, 6322303, 5838760, 2773640, 5211280, 4816081, 701144, 4840314, 7430031, 6679903, 3223441, 4162761, 9655640, 9446557, 6953288, 6141751, 7860752, 5996160, 4421427, 9965774, 3998494, 5255288, 3604324, 4120295, 3043936] 
Weights: [5187310, 7937992, 1704652, 4179249, 5133065, 1487387, 6403304, 6551647, 8229242, 6875517, 3500045, 6152466, 8978760, 7558706, 1869737, 8105696, 3106057, 6759160, 3092555, 1301118, 8607944, 5214486, 8249379, 2046011, 1612630] 
Capacity: 8985098 
Capacity ratio [capacity/sum(weights)]: 0.07 
Maximum value for profits & weights: 10000000.0 
----------------------------------------------------------------------
Number of qubits: 48 
Profits: [2708020, 4331749, 2905050, 116203, 8389559, 3939664, 4405445, 7068842, 4807950, 5162059, 6051437, 9825253, 4509452, 2747093, 9031491, 2516619, 2222868, 3977663, 8947518, 416371, 2285602, 4331953, 8934667, 3751469, 5142413] 
Weights: [4845373, 6312160, 3191936, 6552126, 7343065, 3939713, 4326842, 6302837, 2333238, 5416323, 1888155, 4973197, 5590122, 2338472, 3234731, 5767097, 2479921, 5876002, 5086421, 5021335, 1528964, 3953079, 4533345, 3026743, 1255792] 
Capacity: 7410979 
Capacity ratio [capacity/sum(weights)]: 0.07 
Maximum value for profits & weights: 10000000.0 
----------------------------------------------------------------------
Number of qubits: 49 
Profits: [1192992, 8205413, 1878343, 5004901, 8730047, 5228265, 4385793, 673333, 6849895, 7615108, 6514586, 4427076, 463890, 621005, 1283518, 5380352, 7660961, 4377516, 172915, 5301816, 4838763, 3317982, 2431830, 4734908, 4888892] 
Weights: [6712023, 8352388, 6574591, 4825024, 6104515, 3218573, 2523248, 5056769, 4151384, 1301795, 8415422, 5717560, 6710720, 8329107, 6006366, 6704413, 4574634, 3837820, 5663361, 5589185, 2413391, 2334336, 2656598, 5301259, 3360420] 
Capacity: 8622376 
Capacity ratio [capacity/sum(weights)]: 0.07 
Maximum value for profits & weights: 10000000.0 
----------------------------------------------------------------------
Number of qubits: 49 
Profits: [4485707, 7851320, 5825542, 7669499, 4023642, 7514579, 5152723, 8815584, 5478269, 495896, 3499596, 2238013, 8105893, 7123349, 6729755, 3707657, 4306390, 8132877, 3171873, 4504863, 4898955, 9934509, 7562451, 2221683, 5165943] 
Weights: [8197487, 4940193, 2376626, 6707231, 7779974, 5020199, 3586247, 3354834, 4515515, 5107322, 1840362, 4514220, 8208035, 3127229, 4985884, 8897795, 4937948, 9118163, 8157757, 5250466, 5404408, 5372820, 6697443, 3828824, 6466319] 
Capacity: 9243875 
Capacity ratio [capacity/sum(weights)]: 0.07 
Maximum value for profits & weights: 10000000.0 
----------------------------------------------------------------------
Number of qubits: 49 
Profits: [7215767, 7216667, 4725792, 1988997, 3397900, 9180117, 9450987, 2840199, 874666, 5859335, 2138874, 2891211, 747724, 3995706, 6748511, 9782356, 2175205, 7206576, 9093042, 8216402, 4971437, 4837832, 2879015, 6587243, 4344865] 
Weights: [7345818, 7084456, 5747911, 3777365, 2807309, 6614461, 4443418, 5770623, 6405594, 6147707, 2869367, 2444015, 4371959, 3790717, 4821322, 9080434, 8296240, 4550184, 6665566, 3286174, 7087794, 5480330, 6720193, 4590376, 7953755] 
Capacity: 9138875 
Capacity ratio [capacity/sum(weights)]: 0.07 
Maximum value for profits & weights: 10000000.0 
----------------------------------------------------------------------
Number of qubits: 49 
Profits: [1804825, 4399089, 2260676, 9232422, 213636, 5079090, 9101759, 3424852, 3182809, 3492665, 3209023, 1674014, 2352177, 7151392, 9396443, 3564412, 9803447, 5724312, 5364039, 3932612, 7114237, 8803840, 1449071, 2607865, 6537273] 
Weights: [8623794, 1907443, 4114171, 6256820, 5483545, 7856939, 8470016, 9211167, 5277312, 6872091, 1434144, 4251667, 7844015, 6330402, 4076866, 7095605, 5515105, 1995991, 5898358, 2588876, 6793951, 6395987, 7308382, 6696700, 5862368] 
Capacity: 9682689 
Capacity ratio [capacity/sum(weights)]: 0.07 
Maximum value for profits & weights: 10000000.0 
