Number of qubits: 68 
Profits: [7502312102, 5372520649, 2618290458, 3165437441, 2186802699, 5958481045, 7055577131, 2477367218, 3544036020, 3989028041, 7400150733, 3703611722, 5553116182, 8642240705, 8632064292, 3930899159, 9921604786, 5779136559, 6210843057, 4923326458, 376934873, 8488851424, 7651807500, 1335034238, 3962564051, 2179594494, 7924089152, 718836288, 4475626071, 2795062378, 8307332999, 2264690535, 3481123781, 7923839605, 8120282356] 
Weights: [3813372105, 4229494853, 1613796609, 6015796568, 4929068694, 2432003504, 2621604331, 1579381519, 6105375123, 3428404119, 5852583671, 2505353548, 4061024727, 3194242377, 1569360054, 4451359499, 2350694848, 5540814875, 2197651493, 4198910191, 5404023194, 4679295461, 5804634712, 2896124140, 4798303466, 4498587386, 3321415267, 1956775272, 2601161031, 4636168253, 1564259914, 4728495791, 5459602752, 2088576849, 6070328948] 
Capacity: 6364624244 
Capacity ratio [capacity/sum(weights)]: 0.05 
Maximum value for profits & weights: 10000000000.0 
------------------------------------------------------------------------------------------
Number of qubits: 68 
Profits: [476585586, 4995250441, 4153111249, 2629809583, 3729671613, 4453583929, 6642722314, 3251253739, 188903498, 7769129313, 8915998324, 8421292038, 1267091684, 9499775742, 4321810352, 9085125176, 7204791791, 7716587921, 5045521757, 3970265954, 6502860678, 5409341233, 1922546708, 5370049487, 1284718392, 3140423941, 6592784029, 7379720175, 6565059255, 4122289913, 605403500, 8380988868, 6623778797, 5016861504, 1077472493] 
Weights: [6263804888, 5323288421, 6794724230, 7107736982, 4318337490, 3438371404, 8070082099, 2833848483, 8138099349, 5319731626, 5905053318, 6521672537, 6133104990, 2676925814, 920051020, 4689789307, 2609690870, 8016410032, 609955985, 6501824902, 626776539, 6526764631, 3938362821, 5320707771, 7842219318, 5353590791, 1353279619, 5684235021, 2643558958, 5446799518, 6456416426, 553913396, 1931973425, 7606642686, 3435463990] 
Capacity: 8200326738 
Capacity ratio [capacity/sum(weights)]: 0.05 
Maximum value for profits & weights: 10000000000.0 
------------------------------------------------------------------------------------------
Number of qubits: 68 
Profits: [6111832921, 899703465, 9814228335, 8367100360, 425179186, 473708756, 2187449118, 9165609438, 5722848193, 4920992947, 4153810742, 4551278564, 4944875752, 122940837, 7005310035, 2116605138, 3399101584, 7112900703, 3912072549, 7806409591, 3134833177, 7985233187, 7170577947, 3847419345, 6103585169, 4860706973, 4565816206, 4566311617, 8189989227, 1422983929, 9615674667, 8170996171, 8510252815, 2097089442, 8041273465] 
Weights: [2577351096, 6419751946, 5264040885, 2393839024, 2691519389, 5073329244, 2886950182, 2715435098, 7328128595, 7338483264, 6292128694, 5696683649, 3441530746, 7781893310, 6305614352, 3706405576, 5728268589, 3766683346, 4637649596, 6547377167, 8066527039, 5838255909, 768548068, 2693239762, 6650765248, 2359061222, 5613167064, 6772862563, 8271477463, 7801502039, 3711608420, 2097352405, 5492931724, 1757271071, 8128149177] 
Capacity: 8327948740 
Capacity ratio [capacity/sum(weights)]: 0.05 
Maximum value for profits & weights: 10000000000.0 
------------------------------------------------------------------------------------------
Number of qubits: 69 
Profits: [2940650248, 3532344493, 6508291011, 7250710536, 318515871, 7819134726, 3517442910, 2715044119, 5989509332, 2987249436, 7165120156, 4656559396, 7276363969, 4454416417, 793634325, 6089923722, 8175703714, 3377375098, 6635604492, 1435720284, 3730800739, 2985853539, 432146791, 2021475093, 4992253225, 7841148080, 4100589709, 9553090577, 7019466649, 7940558907, 1107144453, 817980673, 1422459133, 3776733570, 1968907617] 
Weights: [5732303917, 7677970073, 8918794865, 2629456748, 7541412778, 7555387072, 7254778048, 6229516395, 8484795372, 9925389000, 681537006, 2392653323, 7953905692, 5143773937, 7320814846, 8239733945, 8990155609, 1237510524, 2427922768, 6678342620, 4981006179, 2293566187, 5232312282, 2676893279, 9015595148, 5111783877, 1457264593, 9218234553, 8651278945, 8836165559, 9207130728, 2907462158, 1618051515, 9590490158, 5322853795] 
Capacity: 10198062336 
Capacity ratio [capacity/sum(weights)]: 0.05 
Maximum value for profits & weights: 10000000000.0 
------------------------------------------------------------------------------------------
Number of qubits: 69 
Profits: [5814041245, 9337416315, 286519524, 2301684758, 2412696010, 9952566892, 1128899985, 6734713330, 2741932147, 3047549335, 1468560599, 390367058, 2019628115, 8508882702, 3092738687, 2332127182, 4802734105, 9383346717, 4661122919, 7565074464, 5086192259, 8693328869, 8748230455, 2218412690, 5464286442, 6569025693, 2219308071, 3490424070, 1015523093, 5362058596, 8244784158, 9901935849, 4980731351, 4555569528, 2647167302] 
Weights: [2716079585, 3178770391, 8939482095, 9374808967, 3434556675, 7753610918, 5071579687, 6077838958, 2052028555, 4436765720, 9962748094, 5977225446, 4374518656, 994086118, 7752690238, 5823431394, 6753863727, 9789464760, 8406183150, 7735946735, 9793263612, 2380430838, 6547388398, 6117420754, 9262424459, 3026798103, 8902264087, 6355006057, 7418210133, 5291116850, 8560513629, 9308977332, 7150321823, 8173005924, 2080629164] 
Capacity: 10947530856 
Capacity ratio [capacity/sum(weights)]: 0.05 
Maximum value for profits & weights: 10000000000.0 
------------------------------------------------------------------------------------------
Number of qubits: 68 
Profits: [5675808174, 2005480365, 3401577392, 5730566064, 6168213372, 8791168141, 1339458060, 1542613563, 9788813887, 7376234491, 1159462068, 7206098979, 8947230121, 7295241668, 7471734600, 6598374428, 1183093426, 5210237907, 1074499200, 7200178745, 6492892139, 1705314033, 5666223610, 2481823503, 8321531415, 7354678358, 6758614934, 9078368328, 5417313674, 3694618988, 5183216774, 8669799849, 3872160862, 548853660, 745540979] 
Weights: [4503382060, 6792196261, 7053911545, 4935381835, 4141184392, 5269474851, 3542053744, 7782770921, 5081408875, 7152048523, 8197791574, 2554252793, 3441954380, 6990426694, 7320784692, 4837542140, 5696958699, 3910977691, 2966865745, 2105240704, 2732506930, 2160980874, 3862669933, 6254028982, 3846422101, 5409163494, 4530484494, 2199749310, 8108284475, 5245304451, 2165599546, 3223082221, 3464109417, 6507597447, 3881102386] 
Capacity: 8228117585 
Capacity ratio [capacity/sum(weights)]: 0.05 
Maximum value for profits & weights: 10000000000.0 
------------------------------------------------------------------------------------------
Number of qubits: 68 
Profits: [9612382798, 6114024018, 8462368897, 7231825152, 8357920538, 5169547686, 613013025, 8951600087, 3915778441, 4139576615, 2460986836, 2596605520, 951413434, 7937774748, 9920559380, 6457087170, 4543621811, 869567923, 7806771720, 270531207, 6336391885, 8525878561, 8631099679, 8857705977, 6292246009, 1144295878, 3129865203, 4627348468, 3591600458, 4508272795, 3284717531, 5620404043, 3710100584, 4263336777, 2071588375] 
Weights: [2235234024, 6885154628, 6808971305, 7782426488, 6789927624, 7872703744, 8097721398, 4407975962, 6898856959, 4093495195, 7032321284, 840838943, 6822458680, 4091323263, 2087623465, 6002561214, 1949083756, 5339488885, 2338911237, 4460766214, 3349323408, 2895064480, 6920842213, 1970983428, 7066438857, 1280610517, 3541679512, 1917446137, 2354944847, 2227833068, 5594835225, 6836191448, 6964409543, 6832312281, 2971450181] 
Capacity: 8133386095 
Capacity ratio [capacity/sum(weights)]: 0.05 
Maximum value for profits & weights: 10000000000.0 
------------------------------------------------------------------------------------------
Number of qubits: 68 
Profits: [984225641, 6813272849, 9202131108, 2101314465, 2548582155, 9039257235, 6698707058, 694534070, 1419850890, 9077140751, 898405921, 3368699107, 3590981947, 197800760, 8517883999, 5304163826, 683675759, 199051774, 200031149, 1507961021, 8938552578, 3069121432, 8058280733, 7847629881, 3638738131, 6634837486, 5191989458, 6095681589, 1020863000, 3531720532, 4328219120, 8914080258, 2112947906, 6032853406, 3898236900] 
Weights: [2349792569, 4310115469, 7596879462, 7257285673, 6588360509, 5765489415, 7638337010, 7577125157, 2798475561, 5560407367, 5174876041, 2487861492, 2238059134, 1722928184, 5935881670, 6441397375, 3694874474, 3320269267, 3700052675, 2389096517, 4995784820, 5126029340, 5375479836, 4959146836, 6235908912, 4624347907, 3478159934, 7900545073, 5085247642, 7875026733, 6083135545, 1531361709, 6483211672, 4428506195, 7180710731] 
Capacity: 8440489687 
Capacity ratio [capacity/sum(weights)]: 0.05 
Maximum value for profits & weights: 10000000000.0 
------------------------------------------------------------------------------------------
Number of qubits: 69 
Profits: [1989700281, 8540316676, 1806719911, 9401176803, 3148533690, 1400298685, 6876780286, 1366250122, 9253215123, 1075532634, 9318821821, 4393930775, 23921909, 9290880293, 2087778101, 6829246953, 591777902, 3868598326, 8160320231, 5426145021, 2544918631, 3585446776, 9265158172, 836668475, 943934085, 1546750104, 9179017774, 2199800920, 9410180462, 6397825168, 105710569, 9960484323, 709389, 7578793962, 9385862339] 
Weights: [8913843508, 6500453728, 5864778954, 8049793959, 3552798738, 6891493347, 2614540471, 4090560893, 2841245730, 6277140689, 3957705948, 6700006165, 8498271637, 9650787783, 6795837333, 1974149662, 6611753080, 3610394923, 1494947757, 2011042054, 2202259909, 4625742404, 7720687824, 5520126091, 2255825882, 7735723656, 5849123490, 6828491036, 8297407438, 6538767597, 9518550609, 7572271891, 7880871778, 5812415360, 1352192064] 
Capacity: 9763220521 
Capacity ratio [capacity/sum(weights)]: 0.05 
Maximum value for profits & weights: 10000000000.0 
------------------------------------------------------------------------------------------
Number of qubits: 68 
Profits: [630193159, 4087762815, 191565200, 722717121, 8854760711, 5557586898, 5643981928, 1265447130, 8490136907, 8004749647, 5452744993, 828778827, 675774064, 2480958792, 1577062037, 185902495, 1977686376, 4290367786, 6685610420, 6678678925, 117877153, 7190484874, 2007980596, 4093331731, 5129996599, 3055011463, 6806907745, 5627458023, 3547916179, 1298197535, 4508798025, 327490323, 3649061938, 4446578302, 3851630509] 
Weights: [5221446795, 4064550078, 5991966738, 4670976599, 7242832860, 6905633041, 5536182036, 4261054010, 3865319492, 6650200705, 2811410873, 6855297752, 8038449383, 4666435533, 3895745010, 1723751238, 5146288164, 3745350287, 4847719842, 2222998158, 2769283747, 2552085656, 6825146455, 2860838881, 5057738616, 4764433954, 4563223592, 8347265339, 5032728193, 2807302112, 8430140767, 6502552091, 4144832657, 6114988470, 8177746740] 
Capacity: 8462949945 
Capacity ratio [capacity/sum(weights)]: 0.05 
Maximum value for profits & weights: 10000000000.0 
