Number of qubits: 120 
Profits: [973113175470218878, 521810337525540563, 210465919289655687, 517255804879885187, 256708799362968218, 364589244276167275, 541451375121405442, 386045764226694758, 173424824052592686, 864292806852372170, 958955445989116048, 731207061307253429, 764946608779627482, 593061958418469177, 906609515485150675, 381865190511248770, 43565850861895211, 928986410374735617, 968276175618868191, 859135102906034825, 227925122580110649, 53680734462922624, 460838926550152501, 203911072854042941, 346226587261571331, 968905988555268635, 509861917150564022, 174389731353812446, 856527067000296407, 417975281558122547, 781874757643592514, 719571627852071664, 175597335749135957, 970833978227780628, 354218373580180116, 25848678091426684, 441961700884269104, 244045460419098555, 736903403848389614, 135618957284310604, 218040647098189252, 59413513047580904, 998179419056778431, 175734610068787270, 867222266503814518, 193288085870631470, 790022337302857880, 758983257223028517, 103851849274552178, 613566728455212546, 921546249768715458, 820210884587839693, 605898279779110357, 216013972429288835, 567322862698536563, 397599861474494308, 630329196167930906, 930618489682480516, 378540123524476359, 746037405222084200] 
Weights: [456153921260906561, 547825846642888765, 717996524484648724, 275986296238071891, 668770774728371965, 602653226560974349, 548315970746475275, 376925491062515766, 616068829668638017, 421444026850168614, 377001618737053038, 558115229476049201, 702472990598367691, 346681381125776474, 459534421472194681, 525589582037077199, 417712902047055819, 637701624523371167, 599728121064601917, 437085997094474689, 731319880728404497, 498395891488809411, 647327048866959911, 666347455865514226, 359088508104703842, 387835280871426404, 695907436309950370, 621532013121443579, 508103343247388104, 738430246878699358, 537636894567446540, 542842985136155055, 721679933503276918, 382106764282777998, 630547589747221050, 386433489031870509, 452205581270844545, 621388814272205914, 706593328748213043, 204426655949992402, 403042805687678742, 413327890516103932, 362153511912183284, 490295988997593300, 618223361571840253, 177401764480360493, 710964134577072087, 593400143834530780, 717222423943364550, 742253709056255712, 428745585213264122, 509763649747561337, 145814912280395209, 255047564265836235, 668225802953723297, 509139090505817092, 126906119650519427, 660464787761796438, 349006672167085605, 433544907445272731] 
Capacity: 755445425471176448 
Capacity ratio [capacity/sum(weights)]: 0.025 
Maximum value for profits & weights: 1e+18 
--------------------------------------------------------------------------------------------------------------------------------------------
Number of qubits: 120 
Profits: [247230928864662657, 383885942528518208, 805864788458283950, 810581256316408920, 970469544304825538, 935395121166977987, 527522274722259239, 506468672296107292, 389691932744380961, 745943748615857478, 27508042844216248, 936213125027883944, 760516084658484269, 140070150388731468, 405888766141419448, 209660653072920322, 170157615409340853, 588057495319049979, 643313784704472445, 440527502471247475, 403204726911722686, 922300929601182469, 1228885476789070, 726295507451596422, 145964741979688580, 10906848387694120, 71548347377674071, 893946517128081792, 476744173229815939, 689764185096277669, 685015985523936202, 289674448019106238, 999982608425248147, 958967822580063024, 420870617145210103, 714111095045628452, 24513119439484293, 468326377928279151, 950849814383908853, 234254670521275103, 264069312096472179, 471880997841867443, 333498074790630800, 477825152856644407, 104436367247597547, 557245806062254250, 218410322281830021, 395642945938517359, 524316665310410996, 296303651132876540, 951502768704314558, 178611553964941464, 327847204668928809, 203260526069898127, 992014981946453124, 297667533774169826, 708792894121475862, 88415274858023465, 662459547232164245, 156215852005668805] 
Weights: [470457749932786939, 708358543695006800, 437291100918525125, 341164412264142843, 595978756261155372, 718672579060627057, 355756075621082191, 564740531399031738, 315128806145500210, 335507337932795234, 227281705569875556, 736793985448238836, 643520530852376293, 588366773729924152, 617294430073051602, 100544568767126398, 699440080265668347, 645273962527340794, 575634957471088165, 555768983526058335, 709193672704231151, 556186845479738465, 353707524627682830, 398768153275301683, 451167141481190657, 696907967294753863, 105389662192077720, 538160239925977430, 704230964766951447, 396384675415041558, 368994471331220114, 448891527796418782, 473567909336406548, 402645650008686113, 554968408796892717, 740010911891369507, 156227901727996480, 657671193845309552, 225203072128574488, 467973511525763178, 512958253021875585, 432724873046522737, 643643106285057578, 702718413933635015, 737049141526316082, 504665259239422556, 465146059781786949, 375507451193570237, 480980570211352838, 658899373651055663, 477488903723389432, 369148024690530729, 456002651634991110, 701639050068079428, 412843997942677113, 638929067498904886, 505981847116216369, 444494419094214987, 472344401516039565, 727128797556378313] 
Capacity: 740831140437608704 
Capacity ratio [capacity/sum(weights)]: 0.025 
Maximum value for profits & weights: 1e+18 
--------------------------------------------------------------------------------------------------------------------------------------------
Number of qubits: 120 
Profits: [268910582729861877, 470636403185055146, 638641855844643504, 301015748453754342, 110779462354979910, 91107410329710482, 767403257124502719, 702358197763534978, 661211597714321319, 759988636859998297, 905315055164594175, 28845433439858160, 447381324424537245, 482743257548543385, 148822493529852345, 749665961423926791, 932834480781248245, 598750922294344901, 760078842222675519, 163622013229306743, 976504409831498413, 700197680464478719, 542535760681436578, 881613799372943645, 824556055191367056, 287380392738650775, 729239752705934738, 752274828355436136, 863223828671486218, 218998017604342973, 895530360238555432, 66524842045770998, 92258935134363726, 615633672752160304, 879619226388094833, 475651269641189591, 831634515648164252, 552898148296237809, 519671368206631620, 142105783783335688, 66304766512684195, 551857455401568762, 557922807195388930, 984219762642315516, 131491667829544800, 79634509417885256, 66915168071382642, 965889655937411739, 721319252811902513, 793094546684856415, 835468606686809907, 152747656367932500, 628037122709001023, 317405376820557032, 304209241991194357, 14962020650406232, 927629232178348215, 947996468331136001, 425058897685306269, 460342048949238611] 
Weights: [846015570269721690, 593199860197703333, 446924458340272019, 784472795279772760, 364663681874045798, 771019700258873149, 687158347539416551, 864450452977466494, 534381520303168789, 375651142601793347, 497505884501007604, 354721568154337100, 703127746336786163, 635358322121219205, 292099661152059876, 212041362235270052, 505678707911843809, 708074076832840820, 817792640730116706, 260984928876791298, 708123721015907163, 426381269968226992, 304746745487468969, 399970296513420980, 208731646073857495, 236305294473070826, 773992066115859386, 366986290735567953, 683878349095316208, 649963226266089746, 231749391651224441, 773427284066453775, 573192997720479746, 569759003169301264, 736851472240241023, 826096474781387403, 595271522782313304, 813723718512554371, 496374547517575660, 512144180480684202, 754281203917625061, 688465159651826975, 593364053001281995, 858866007153479036, 746494445839348804, 724927130097210944, 664676852985439263, 573303822595267236, 694512007331361187, 749168660239661090, 431930977285364917, 660020505775777056, 588873272122973162, 829633503167602020, 602878089202156949, 616104207862716371, 196919733800600770, 768688612547055715, 819388359993544818, 279626110871663528] 
Capacity: 867767516682241152 
Capacity ratio [capacity/sum(weights)]: 0.025 
Maximum value for profits & weights: 1e+18 
--------------------------------------------------------------------------------------------------------------------------------------------
Number of qubits: 120 
Profits: [825764335734932272, 403206657330558597, 792855224437373019, 208157211978257069, 386026958092890781, 637444997768543372, 290584538041090322, 945779293772691177, 527077245118170315, 236638722269413493, 308904153133063615, 807663282468702885, 668285857716472024, 433788647441499302, 286713474668054515, 322516901885496308, 78641148882798629, 235827606874106404, 112792599178332659, 832479663762262288, 194522136842102473, 418863326449819764, 619833716522994888, 786388136894833330, 579596872966068901, 79093229075971249, 284308844927973422, 331333425227475601, 393639208225027602, 604838890908055052, 141214552017718240, 115296715010302921, 679505560339287040, 788219270866025966, 790755164868040025, 931447362972733719, 115271287125797118, 824209341522299256, 655422442173431971, 499643018145659747, 365761437903289447, 885168806002870398, 533994556751731839, 903130493424684435, 142681844438654973, 588439991568184291, 103869503686389291, 820707743683527361, 765007674122010202, 744721072766971425, 73048010312903334, 49499468636720362, 108047822256440792, 504670837485159852, 184964031943263295, 150250202507086461, 183540983319202936, 533204333204074242, 149685610957087667, 459782530242500896] 
Weights: [667610300851017758, 628211414106935431, 545932871723272216, 41815227115246678, 625401385874289476, 166091354321853903, 636554107260013970, 460296125351126651, 725536090040316803, 429900751833064278, 559076879009116361, 567013339554767741, 488743589961405424, 145115880066235054, 584055786864866000, 618400143397660897, 652373896392537816, 467009504273008639, 396346818766264193, 360450074660547878, 384924325434599712, 436922341205006421, 640108014857536345, 375937456799355576, 502429147279908181, 349188091801906308, 339209403257680083, 361955806205601318, 496051350384628258, 669203623991592398, 686447377700999502, 473185225680244050, 379639073962876837, 587631601046109019, 491570087511556921, 657042053342257010, 448278658159717278, 447480903790136696, 214432819159194823, 547690641175601369, 543391770417416696, 711928895325789121, 625025465462367349, 491149676031908239, 582089408747702874, 718572231250014407, 349170794922760114, 642557285111622521, 336132267474116235, 660674607541756959, 554335969939503147, 326245160452432337, 692888762111162380, 429866388803245142, 715956834694360221, 339270903652595357, 355293190048774954, 447571300260903253, 593276176686326892, 520806446498735879] 
Capacity: 734487546497008512 
Capacity ratio [capacity/sum(weights)]: 0.025 
Maximum value for profits & weights: 1e+18 
--------------------------------------------------------------------------------------------------------------------------------------------
Number of qubits: 120 
Profits: [451270820112630366, 220228437860283644, 327763308490955059, 969410721070915252, 46040544877258168, 814753419791821564, 337611584913940845, 414159595399901857, 144419076977236323, 119518648065568387, 492339027171841295, 409675083605630220, 791428668493928585, 462936733603950745, 474755970532487486, 243189095535427275, 751694474403362044, 208895906329056546, 681152515147697335, 243293536600779379, 100917405927412615, 869909466137110783, 623972425155685881, 440239389896510542, 784504353723669716, 113994076950689344, 12080825166672555, 307196636098467808, 27617400298787268, 983293102484700501, 38322044837891605, 372290127881844416, 725343542586507817, 466999361862436873, 498104362803138880, 657729219477867525, 823418587264054182, 149644003992911889, 35908668815348600, 798414373485334748, 743799534384847330, 399129532600953209, 529667018441214849, 610387763430397271, 712170920365819062, 807814882251780941, 140467176369503622, 45228897214817545, 889071202151855507, 248976067812215856, 461139267157736995, 927721989810358938, 500318252321292318, 654182063710752485, 248374038486595094, 670385373320219971, 202881469946173339, 301672650682012770, 448743228958708037, 415441131248265298] 
Weights: [362169179582567077, 708717661667366774, 696720236399687060, 713346292769149409, 534115526473184557, 663841821785789475, 627167508825159732, 652581815217175958, 516784408724787836, 346012031118431299, 240389454802178568, 644232646402435889, 350814974125355862, 301815451446617398, 381526154520540771, 534899013068573134, 377218882436527598, 336995127414805504, 595548917938268107, 719077364437847389, 659358302745328240, 476130093761179463, 698392600043963414, 370577167268517053, 449745954319060206, 405628051712721823, 209976292097785938, 512370039211248093, 476068850008384492, 567627269994322262, 391463048014820760, 510832106407691676, 396894276565432632, 339858464650635487, 724999956852465493, 516369575913479902, 583109329216108937, 640396965590762650, 543712189112801365, 677993411494323964, 648706937934348189, 654318145255011465, 364083933972691565, 753796240560082487, 224424673473708092, 635861134016189793, 641045430652134259, 471623437546589511, 382659602416502536, 415715061752793047, 680676119380208336, 634395052063639988, 390312218382785495, 640623576568526709, 506024384111174918, 68354519703524745, 613888141543680540, 653043455184038464, 483854714512098657, 603252519152419863] 
Capacity: 758032111514992640 
Capacity ratio [capacity/sum(weights)]: 0.025 
Maximum value for profits & weights: 1e+18 
--------------------------------------------------------------------------------------------------------------------------------------------
Number of qubits: 120 
Profits: [408927179152807874, 397245052261810464, 539855174351529312, 269041845332496571, 426944561208412168, 112864506926964435, 716710150797012908, 178667988847224329, 794676655573673504, 524310700679150837, 315345703083807469, 291807282739008365, 290761862603642697, 256831248787746691, 847722260327251347, 157618578076034807, 594388055502256493, 770997973692065340, 685132927708083094, 959909346504301327, 967898189381372563, 186910374762754050, 887354550043198855, 596520728622416868, 425983234034290750, 768598771114526991, 903995134473520994, 458655013817625014, 745613533120077969, 775195889947370782, 564590503128477388, 563562547565602132, 625657844197519447, 858900213348510601, 509653244143783985, 398357900307575744, 588773042479480642, 814646895213963229, 917792978799552527, 475866655139117402, 745212302976974383, 843375777943172522, 949395473815273862, 932449481122148167, 881350588389609733, 79147941534450654, 308466304080097284, 60195945409018799, 610740261823651305, 707936806975832831, 562664751433945434, 141772012687410867, 371513790969874165, 209293845275892340, 739917381178526966, 127175084616809702, 373913509132496345, 662699174426579342, 6126072092406119, 492725356798703979] 
Weights: [429851442540426246, 604206988623531225, 272413086125205605, 282851538214235295, 454686724340534692, 637716936684971356, 606073590017168799, 240277013335578021, 462208086858342628, 565567512962395314, 463634732402352682, 450356484057975827, 597224391701287184, 303598656088556327, 379037003975150157, 517122303635545668, 405580824893834175, 385619271510282830, 630371134312524799, 621598276478952984, 518707727842148478, 372771370456967777, 496093194681738086, 429502911706524619, 500682338507493348, 667610391023095459, 233640579935983435, 266768578937216301, 555739453097750540, 328433201410134431, 367044649871574022, 580326326569173055, 613357584852942253, 637692163442452093, 342730062170678098, 378859902411680590, 400385716913762324, 314954067248636374, 504892340261381258, 569544823431530474, 364176905010986826, 583064398489351511, 424082115882226286, 635322443595245168, 402304107593209404, 465150790199563459, 625377299839403481, 354675291323125661, 649597965466584204, 342813367682045640, 342099274059998757, 104575461266108792, 430927937369641219, 458260798850814267, 637716125403191578, 587787999627136098, 275450455166982539, 164442820660681247, 599692302866903092, 522077808416382935] 
Capacity: 670979753202140032 
Capacity ratio [capacity/sum(weights)]: 0.025 
Maximum value for profits & weights: 1e+18 
--------------------------------------------------------------------------------------------------------------------------------------------
Number of qubits: 120 
Profits: [807123549419334264, 476249930665486906, 347944810421350475, 104700592823219321, 702022601834166628, 567938313684868809, 929507936878473168, 460570396162779425, 424512464901792056, 676766942039732404, 541794912340762892, 519525201499261284, 41069626461020147, 745429829619719966, 619826175027702329, 228154284324253931, 369304613168563361, 244642221537309180, 587600257399429106, 759301252997458045, 733731676094914903, 251622248837618169, 567330493018063954, 82345753016972652, 329194900333586579, 316407808713849062, 954613914586354310, 420613637428362521, 975256617528744993, 156543508187479758, 669539725809526465, 244471029948044204, 538311076282640786, 630292241101086888, 697079573967174588, 628762055756229491, 239018028625803190, 426471988444494856, 382261492580917851, 289764303304424117, 873325838815684677, 764725089238253560, 572289565850921612, 327485211844689412, 321294996920576884, 43456508423467065, 928098667973447404, 133606625083903188, 470744152103012093, 277310363230196526, 184001929935856932, 548812562187334978, 263942067033395212, 876445311252173745, 725208095290890666, 419291898555598178, 381847910307982606, 405699163887206289, 432297548340989554, 240108775053372974] 
Weights: [456391913477151115, 277354086236452850, 736830156678771254, 378606934848761788, 673247544886026563, 618078865043470266, 160589189869080094, 691657760074037549, 392521781263484906, 753805608893931715, 737509930532656899, 495877405274309329, 740082422394736542, 658170104984095804, 756770864150261992, 718929405026643464, 506736283807564004, 545800041062541377, 281620019756408030, 485777226870711349, 735699522787457715, 661733521756612103, 477861164543648149, 463415432161957286, 105364119914335737, 526168627856951413, 622474552661159932, 631837655905566695, 352665668280708553, 637065029572915618, 571867021209668800, 582768761307196636, 440522946877244936, 325065125685263290, 630813382036966794, 452344267005653856, 510470779895474869, 107762019174532725, 687973823766735935, 179882542431854682, 562542735284842473, 580861603829773979, 429635260753165896, 702517251264530621, 397522841127824511, 664684941035244875, 764106898643362646, 543262887102479127, 414188097000160054, 258119287552122937, 577511619469624100, 540221857017408770, 529899774233154101, 669459351003680360, 649893613610727115, 609515012865599330, 733847307959348569, 408128633568260444, 101008097354368684, 751251710901669475] 
Capacity: 773101362538163328 
Capacity ratio [capacity/sum(weights)]: 0.025 
Maximum value for profits & weights: 1e+18 
--------------------------------------------------------------------------------------------------------------------------------------------
Number of qubits: 120 
Profits: [265677122013170339, 917941930238868075, 555076566641392378, 540170193020030536, 476581579348724783, 835647411149643063, 13717380452445598, 861806662818798024, 208736024379277462, 865324004403391509, 208384907175568194, 420947490670973961, 736464944459923207, 874044692856788273, 172909638530464234, 699972725746147349, 988493136499532748, 235747503123281385, 261672382158549698, 298929917568139986, 997208147375547878, 449770435819614506, 41585622787341865, 884511767306019032, 680471038919313405, 698306515103997008, 794697523667082308, 375699099126426773, 604904172086594861, 540428757807100418, 932280652775398821, 210076160365529107, 796991664813212088, 513648543440270564, 480242636192361794, 661203011455816106, 305638856906554377, 184063534132108924, 904580014032251126, 567138168968337270, 276704113076671817, 688051045441346165, 116274076217507157, 515116717375263016, 519216993779017656, 425394677378405312, 851479609728526376, 779212532427327424, 591060092571719602, 152251696922167793, 864582896428241811, 121840578358590566, 513935562307995263, 959066819419280367, 149883538261095476, 557126095917670639, 698373408530444077, 586365023917428684, 990865782904421749, 995897353554727697] 
Weights: [349902594848037356, 640295554381484831, 778739589419770271, 712732775940058328, 479215671739605345, 182869015249416718, 620884205331400335, 743524105406442684, 135564525899583895, 721300098733291021, 119719338808536378, 367331339017802424, 632621483440256498, 730394916455329386, 568255401491561207, 386782227643008889, 719179640332532283, 632107771900715900, 628022442254316076, 521441983757831097, 586262668804898386, 221614791747691538, 421543046172430268, 391929225958593666, 413252330694847995, 429103179146705198, 585521003903571315, 151571199782775123, 610685478862411195, 442616991622521157, 468772048815557675, 696299602425882293, 666059682799586069, 637279612861199328, 545375075074928580, 640607415502533415, 639340474197092510, 714169176701435599, 542115758280224171, 362957493115881539, 656814483437637306, 609906842963937621, 560056657537102440, 584538508161949700, 673725630685789349, 693624438774580018, 661550441894696314, 568353008577919484, 454731397666713396, 756772269871188188, 255782861779619643, 296506795006193496, 699252063724518664, 597927554309345114, 261018028217925603, 333769610217353701, 685762748103379211, 523198172127217033, 686558156703039198, 778802755912994460] 
Capacity: 785141178896013952 
Capacity ratio [capacity/sum(weights)]: 0.025 
Maximum value for profits & weights: 1e+18 
--------------------------------------------------------------------------------------------------------------------------------------------
Number of qubits: 120 
Profits: [123495527501755420, 871431330390407297, 993624356725975662, 724511021418539896, 75985787276960816, 784053578982111731, 227146420487975923, 496671510668282812, 42004331755668345, 657128001768661788, 92637500136882681, 70749419570988556, 243714807093154294, 320476355266061611, 719410949999588059, 892989418678634751, 376613497431842095, 752768453906232653, 360653869115958637, 644900062222652724, 812166046785970630, 916423768651398312, 428018711967479501, 406498836699804988, 746237750412656809, 21962165477122135, 84649744149052573, 806532002726968448, 692759255227183821, 814317744197349070, 318659155193119670, 382955952329631781, 2342357050413993, 650574844754807870, 663334141482614673, 72766882810605696, 51196609755374471, 438701633873007937, 665214318112641295, 351539428619144765, 430813290859113731, 362140837620635217, 49637108201928054, 915644066961642758, 431386368535696976, 168559096160288663, 422406560373950775, 675043698363603986, 173115706299412934, 361357078292094582, 204781629634979894, 852019715230954202, 829907186517534810, 859384486241576001, 168592020665004970, 451423695445024381, 106024822031327855, 729515450852380556, 17770824346859781, 782408744127996434] 
Weights: [696454443074898773, 419847445230531159, 499293424281356746, 346750453414800044, 134248736317578416, 425411183643900402, 561522076854613383, 690984643877038891, 559841433427081934, 293109128860955960, 283870709170418762, 457395263595979619, 465862573740163118, 378036929676940775, 201410085993537199, 547286130244646056, 366990656880828251, 535360262977895680, 666164326736662750, 488018869359688719, 347397197836458889, 158449928540468771, 279717249512870999, 704556356236460946, 525806741551847472, 630699728690368477, 698452898086609222, 636497412189415047, 604653575268613126, 677991582573826305, 544152104443894249, 494217942830510953, 538733845092906660, 503932283093974663, 330429768336090171, 663359445466528900, 673999757099617849, 541872819952061682, 428886043395044125, 702606058467025313, 483017032094152205, 542239533109191427, 405781111372391860, 566307228808560745, 200079715858636116, 710466403942618019, 620479609102197102, 585211755514797939, 356889852614057029, 351934825408136440, 301538491004069624, 662410853587821005, 147636725887853467, 571037502939058008, 461335367224538115, 448518287879263360, 476200074904810217, 623059446171267276, 408592999881633508, 681559736471939416] 
Capacity: 716072254504893056 
Capacity ratio [capacity/sum(weights)]: 0.025 
Maximum value for profits & weights: 1e+18 
--------------------------------------------------------------------------------------------------------------------------------------------
Number of qubits: 120 
Profits: [5725399104563710, 358986191113451284, 982461734127087717, 484696262772345878, 574851912683494115, 270917662168741917, 308744683931239623, 857021571624801921, 240715251001610411, 614244187867702006, 833896133198652165, 259013973740446956, 383310101541933844, 901732289267483425, 29934261168786739, 651575508906222497, 515934850053076289, 887209018073757613, 444462294531284705, 485494811267928885, 582775767007028863, 880236335143586866, 294866334001835060, 335139833192063601, 895028016118156373, 265342429730891205, 366518709109577750, 480029857244957238, 301417727878233703, 14128510397018135, 546068290543637836, 701292033810821712, 794515193825571120, 4718081018895563, 452065388603572785, 809829888404310132, 723832914660545034, 825521862533563311, 143598335038650679, 981955615370077798, 838462449245783806, 212152265311161684, 704745099365303556, 253207509108626251, 540808036079395175, 551559899036638628, 15906053791714454, 541867841574756633, 834776090350984622, 790550698243398385, 243035526306789172, 525651842985202959, 231112813543098094, 954958356216489244, 587663224184039677, 755959880210365841, 221741946328729823, 113055076018287539, 535798071483414703, 117029860109577172] 
Weights: [516810912473699974, 308618338944105496, 692186576680417461, 573246161682128364, 558796624858066263, 503248799392102264, 220604334717425092, 341936202697771286, 480893665381635820, 376257752868514187, 402747251107262280, 495790501261161782, 597925167639477433, 583069353786276743, 485952146035347136, 665743122684589189, 516193015405929708, 577236619680220750, 526800788484384364, 598325119646062769, 639298647986015255, 468214298857415958, 475806445958812407, 498747089554290874, 480837613446796716, 594790621510161854, 536202611869336441, 86110294437472326, 296890214512733973, 499844060397433311, 503617824589558032, 277130071547763699, 556716584146964785, 377103545218859509, 542927381673038144, 503502675921410459, 607289339470652666, 549827567621911178, 609069825912532966, 534911563611305592, 321315088312545773, 474448004912851237, 584263047654524422, 479045256161432310, 530468032567864388, 538393489579342092, 475440826275850017, 475270851543006178, 614742820571104177, 226897760498427813, 86669242189586887, 540518545595067954, 208723797661649806, 523397574715299920, 509956208890487113, 493674371709368144, 581430917180354999, 360939770489721772, 592401739748755259, 563974443944765017] 
Capacity: 707437702507654272 
Capacity ratio [capacity/sum(weights)]: 0.025 
Maximum value for profits & weights: 1e+18 
