Number of qubits: 40 
Profits: [436163, 835828, 182451, 376227, 572172, 603703, 683807, 854483, 743061, 675690, 932595, 110388, 608125, 298988, 218067, 996648, 229199, 743830, 323061, 46944] 
Weights: [368322, 643874, 525969, 276173, 432298, 370187, 296194, 536778, 470940, 139198, 424367, 713371, 622237, 540431, 673133, 686888, 352306, 679182, 727145, 607648] 
Capacity: 763673 
Capacity ratio [capacity/sum(weights)]: 0.08 
Maximum value for profits & weights: 1000000.0 
------------------------------------------------------------
Number of qubits: 40 
Profits: [723442, 776858, 600917, 618447, 56851, 51532, 749129, 844786, 278606, 145405, 783587, 80240, 782957, 695400, 498171, 977372, 480052, 165443, 93547, 300915] 
Weights: [320005, 717305, 265803, 585592, 610969, 81768, 692486, 635433, 419043, 286171, 429226, 664919, 224982, 552121, 728917, 579452, 711905, 368707, 719971, 346596] 
Capacity: 768139 
Capacity ratio [capacity/sum(weights)]: 0.08 
Maximum value for profits & weights: 1000000.0 
------------------------------------------------------------
Number of qubits: 40 
Profits: [171706, 755789, 706420, 723157, 715059, 206313, 819911, 651100, 562201, 791797, 318038, 901345, 149975, 693419, 292716, 642661, 455276, 887123, 904819, 798117] 
Weights: [831097, 447553, 588130, 254217, 628238, 583951, 260961, 304258, 585738, 653126, 731335, 336454, 655099, 621965, 743297, 380255, 713482, 425958, 627162, 202026] 
Capacity: 832506 
Capacity ratio [capacity/sum(weights)]: 0.08 
Maximum value for profits & weights: 1000000.0 
------------------------------------------------------------
Number of qubits: 40 
Profits: [523332, 550734, 908606, 492449, 628865, 483144, 976534, 974225, 198626, 390716, 349315, 205279, 742820, 525343, 454654, 412084, 20796, 53644, 650526, 762302] 
Weights: [368065, 598748, 515649, 338680, 573189, 528144, 649166, 615392, 350441, 332893, 486684, 315094, 393041, 568734, 234410, 301560, 163176, 604220, 208282, 587623] 
Capacity: 652293 
Capacity ratio [capacity/sum(weights)]: 0.08 
Maximum value for profits & weights: 1000000.0 
------------------------------------------------------------
Number of qubits: 40 
Profits: [483635, 3462, 881756, 813172, 413874, 823802, 383250, 85083, 143877, 402464, 288034, 983554, 434862, 33651, 477001, 243106, 100479, 114983, 600928, 609842] 
Weights: [275528, 368709, 295761, 712574, 754807, 523494, 173689, 676218, 628309, 214085, 540429, 575374, 269538, 746076, 323784, 276125, 753541, 553471, 621585, 527643] 
Capacity: 756473 
Capacity ratio [capacity/sum(weights)]: 0.08 
Maximum value for profits & weights: 1000000.0 
------------------------------------------------------------
Number of qubits: 40 
Profits: [916888, 342148, 935989, 635137, 999178, 219563, 487442, 584133, 484053, 216047, 701442, 763747, 244508, 135677, 608560, 16897, 811819, 264782, 431519, 648785] 
Weights: [801157, 814700, 811872, 565354, 449459, 285960, 468439, 728917, 745647, 421194, 210860, 578128, 680205, 190718, 263687, 527327, 675424, 618524, 558455, 319159] 
Capacity: 834950 
Capacity ratio [capacity/sum(weights)]: 0.08 
Maximum value for profits & weights: 1000000.0 
------------------------------------------------------------
Number of qubits: 40 
Profits: [22650, 295648, 2925, 762557, 842213, 328848, 167344, 154400, 842751, 427265, 89410, 135284, 504656, 586709, 568889, 649149, 559589, 170172, 11571, 905792] 
Weights: [616950, 820667, 482890, 660588, 810820, 643620, 619657, 512081, 501767, 246123, 573085, 248261, 656043, 662041, 583011, 503056, 581087, 461894, 755743, 549137] 
Capacity: 875762 
Capacity ratio [capacity/sum(weights)]: 0.08 
Maximum value for profits & weights: 1000000.0 
------------------------------------------------------------
Number of qubits: 40 
Profits: [73779, 703966, 501451, 289122, 661962, 286237, 440232, 329257, 650231, 650757, 627587, 323859, 240438, 597721, 195677, 193277, 528420, 320169, 185568, 337188] 
Weights: [176820, 493479, 433517, 627544, 446106, 621191, 158811, 272151, 622532, 741812, 619359, 582168, 579550, 469353, 483892, 684331, 473808, 699248, 531606, 563312] 
Capacity: 781097 
Capacity ratio [capacity/sum(weights)]: 0.08 
Maximum value for profits & weights: 1000000.0 
------------------------------------------------------------
Number of qubits: 40 
Profits: [953981, 325820, 296108, 589993, 23895, 99770, 243814, 427063, 357956, 279539, 247844, 300416, 856077, 495810, 723199, 949157, 323489, 635266, 306582, 364547] 
Weights: [659393, 458855, 478554, 600402, 363336, 351682, 672399, 204055, 503895, 550194, 248071, 677955, 475635, 718095, 769401, 223222, 457923, 549278, 679784, 345691] 
Capacity: 774158 
Capacity ratio [capacity/sum(weights)]: 0.08 
Maximum value for profits & weights: 1000000.0 
------------------------------------------------------------
Number of qubits: 40 
Profits: [854436, 998647, 913726, 270957, 217446, 2121, 916402, 925141, 280782, 5828, 805455, 581067, 111166, 962048, 337024, 902356, 325816, 672562, 699810, 40043] 
Weights: [549905, 314148, 402602, 458794, 415180, 378907, 638830, 597701, 602615, 324824, 443232, 74716, 202755, 559429, 448846, 655962, 405303, 414306, 467810, 646966] 
Capacity: 670160 
Capacity ratio [capacity/sum(weights)]: 0.08 
Maximum value for profits & weights: 1000000.0 
