Number of qubits: 49 
Profits: [1932356, 5114286, 6088766, 8253187, 9322532, 8668927, 529148, 5925005, 4375990, 6292205, 6443543, 8817745, 6083392, 6157581, 8524041, 9213143, 6998577, 124670, 6184137, 9274946, 2859576, 5724629, 8687007, 808460, 3023261] 
Weights: [1703598, 9377501, 8261355, 6114403, 9798862, 9876112, 9042750, 7048971, 5967331, 5979499, 6866149, 10189891, 5744531, 5240432, 2526156, 2661941, 918625, 6775233, 7224414, 8392085, 2246577, 3570593, 2839770, 7423096, 6303138] 
Capacity: 10222261 
Capacity ratio [capacity/sum(weights)]: 0.07 
Maximum value for profits & weights: 10000000.0 
----------------------------------------------------------------------
Number of qubits: 49 
Profits: [3712721, 4093778, 2006078, 3198476, 3332121, 8991791, 6973637, 2907416, 6621143, 5294908, 1073463, 1389162, 4376253, 3808165, 3787382, 6190481, 8751579, 2154718, 1743337, 6151140, 6518782, 7770831, 8298884, 6834551, 8521656] 
Weights: [5684435, 2410877, 7298026, 2176480, 2528571, 8393555, 5089053, 2003502, 2461197, 2139784, 7047857, 5454458, 6695858, 7992591, 6783578, 8185773, 6736916, 7068218, 4003533, 3645793, 8901447, 3954570, 2318894, 8534853, 444308] 
Capacity: 8932449 
Capacity ratio [capacity/sum(weights)]: 0.07 
Maximum value for profits & weights: 10000000.0 
----------------------------------------------------------------------
Number of qubits: 48 
Profits: [4115813, 5435690, 5841092, 3413337, 9994821, 2476625, 9547677, 6460067, 7209591, 7461409, 5714293, 1865055, 1247313, 4906264, 7214809, 3697582, 8548373, 580977, 6038566, 3986669, 2431860, 3811206, 7752574, 955722, 5377648] 
Weights: [4825443, 5844891, 4740881, 5613804, 5364670, 1960304, 4453626, 5378226, 4067164, 5732907, 5179992, 6234147, 4586828, 5285916, 3547553, 5400421, 3924524, 1867442, 7658947, 3834800, 5682667, 5294803, 6412538, 3381811, 6926682] 
Capacity: 8161257 
Capacity ratio [capacity/sum(weights)]: 0.07 
Maximum value for profits & weights: 10000000.0 
----------------------------------------------------------------------
Number of qubits: 49 
Profits: [9521077, 7810477, 4622598, 7239572, 8627634, 5539162, 9291000, 9081479, 3953480, 987852, 1271103, 141619, 6831896, 3606054, 3452785, 6528554, 45663, 8735988, 6824702, 2542640, 596752, 2375497, 4783273, 3271684, 5651333] 
Weights: [2786416, 6284577, 3786906, 1765175, 2595406, 2810413, 2686197, 7459655, 8125771, 4638617, 3995062, 1976068, 4522211, 4732471, 4384433, 7460510, 6707910, 2274842, 8179737, 7826634, 7019945, 5473846, 6695019, 8372234, 5416227] 
Capacity: 8583489 
Capacity ratio [capacity/sum(weights)]: 0.07 
Maximum value for profits & weights: 10000000.0 
----------------------------------------------------------------------
Number of qubits: 48 
Profits: [3773799, 3072111, 8020160, 7794555, 2749976, 4320368, 3679355, 7846298, 4633879, 7554828, 9278736, 3630419, 1719157, 3195792, 170436, 5003634, 8536263, 7390923, 7304462, 8447768, 6866889, 1378546, 958410, 6355233, 1989591] 
Weights: [3608495, 5270080, 4568245, 5423068, 2252051, 2103634, 6617150, 6513793, 4721173, 3686097, 2592418, 2851676, 4561971, 4017734, 1436031, 4016900, 3257789, 6307554, 4286487, 2795512, 6667820, 5393456, 5553306, 6497006, 1298165] 
Capacity: 7409869 
Capacity ratio [capacity/sum(weights)]: 0.07 
Maximum value for profits & weights: 10000000.0 
----------------------------------------------------------------------
Number of qubits: 48 
Profits: [4146492, 5988918, 6721170, 8710320, 771840, 8792745, 69099, 7000143, 7675428, 9089021, 1967308, 7612741, 1371766, 9788953, 6947761, 8329192, 8075904, 9897460, 5647046, 6717490, 9695331, 5141020, 9634329, 3486183, 2894405] 
Weights: [5703026, 6254759, 1359287, 3550309, 7196011, 5630095, 5675611, 4422078, 7481320, 3541158, 1429715, 7510399, 8098224, 4335737, 1835761, 6202958, 6235793, 7163656, 1410680, 8183740, 4869692, 2251863, 4545789, 2458278, 4655373] 
Capacity: 8224122 
Capacity ratio [capacity/sum(weights)]: 0.07 
Maximum value for profits & weights: 10000000.0 
----------------------------------------------------------------------
Number of qubits: 49 
Profits: [9869800, 9366148, 9278046, 2732567, 5990212, 387046, 1002895, 9253758, 9526443, 7898731, 392178, 9432069, 2303493, 1842298, 2984121, 1999374, 1008770, 9922311, 2792360, 2329733, 1103444, 2569721, 571396, 3119775, 9565425] 
Weights: [3961061, 7199735, 6988298, 6571665, 3105979, 1294858, 5232666, 6806789, 7902171, 6201748, 4641835, 7508614, 4612622, 7113744, 2369729, 2688319, 2622986, 4346476, 5855803, 4642421, 8484024, 1722934, 8464762, 4812833, 2754023] 
Capacity: 8769871 
Capacity ratio [capacity/sum(weights)]: 0.07 
Maximum value for profits & weights: 10000000.0 
----------------------------------------------------------------------
Number of qubits: 49 
Profits: [1224900, 4254446, 3981062, 9591814, 9381769, 2902386, 6714386, 4681717, 2932189, 3898926, 7121970, 3971744, 3662371, 7732349, 3380284, 7834694, 7882710, 5756511, 8077934, 5240381, 7416981, 8029451, 108758, 2403371, 3337778] 
Weights: [6034957, 6140349, 2939546, 6271735, 9590177, 9066365, 1492951, 741853, 5687299, 8466148, 1383353, 3584409, 5993214, 5477521, 10041454, 5297158, 5091277, 8007187, 8111201, 8598606, 6973800, 7721328, 8702349, 4866422, 9730703] 
Capacity: 10265844 
Capacity ratio [capacity/sum(weights)]: 0.07 
Maximum value for profits & weights: 10000000.0 
----------------------------------------------------------------------
Number of qubits: 49 
Profits: [8208999, 6051346, 6450842, 681142, 3846403, 1417075, 3881658, 1712724, 563033, 4822879, 5561105, 2755884, 3696066, 1477546, 6522335, 2840110, 7045305, 2434486, 4714364, 9371804, 7385159, 6177277, 2290961, 9107054, 2600455] 
Weights: [5567366, 1743560, 5695008, 4439716, 8881110, 5995104, 7504267, 2023411, 5834443, 8754222, 5434698, 7894031, 2738468, 4261815, 8865397, 5307985, 4511444, 3149806, 9644418, 2776946, 7180057, 6670860, 4419334, 8678135, 9341013] 
Capacity: 9676945 
Capacity ratio [capacity/sum(weights)]: 0.07 
Maximum value for profits & weights: 10000000.0 
----------------------------------------------------------------------
Number of qubits: 49 
Profits: [1597153, 8228729, 5499329, 1063919, 5830681, 2008518, 1656623, 4090768, 6888198, 305197, 4373686, 380817, 9902311, 274358, 2095977, 6853556, 4243873, 5956490, 9331653, 6556538, 5361541, 6736232, 6810896, 7108331, 5898102] 
Weights: [5086361, 5277076, 5363164, 3856084, 5091698, 9864237, 3925505, 9283665, 9271584, 6819820, 5128453, 9262717, 2738464, 3083484, 1051948, 7938043, 10099828, 4836094, 7989997, 6761890, 5404574, 5151800, 5839925, 7012843, 5890875] 
Capacity: 10245607 
Capacity ratio [capacity/sum(weights)]: 0.07 
Maximum value for profits & weights: 10000000.0 
