Number of qubits: 60 
Profits: [701259314, 853252365, 467700936, 535935756, 961486655, 916553907, 832096913, 611150773, 827623610, 945625879, 913111930, 58134851, 439085867, 923804697, 734330717, 199076994, 826564922, 169657881, 280564666, 683303255, 634191387, 803877947, 915202083, 243933154, 604473206, 850750043, 842479127, 676786547, 838361968, 690487030] 
Weights: [625799461, 479903795, 771254327, 861650665, 600042311, 801366850, 377194283, 407059625, 288666474, 438927104, 904999188, 60311250, 407368259, 312701575, 571433165, 251839704, 171187024, 810349947, 53501992, 895704690, 684964340, 814362058, 75344491, 981870633, 836753270, 743457041, 723102273, 926258748, 555665438, 926230122] 
Capacity: 987775101 
Capacity ratio [capacity/sum(weights)]: 0.06 
Maximum value for profits & weights: 1000000000.0 
--------------------------------------------------------------------------------
Number of qubits: 60 
Profits: [941490671, 625495047, 340716757, 657350080, 447326949, 609233912, 89555537, 759633353, 339070704, 437580800, 687015314, 455752701, 910237513, 761404610, 442189854, 842085656, 360321209, 184730776, 872091241, 765799234, 107000165, 832620485, 893614515, 289812021, 967897928, 571470442, 669245739, 61287813, 234874106, 756058096] 
Weights: [452835410, 767820336, 351444137, 783454935, 847596686, 302427579, 511221874, 225756637, 393369034, 459410968, 731664231, 563828757, 599289005, 354195641, 657344001, 335054237, 622272518, 709954312, 234349424, 595349732, 321041664, 458974353, 349737425, 720169471, 355826085, 715079012, 341745690, 232462885, 249926005, 584841051] 
Capacity: 855733817 
Capacity ratio [capacity/sum(weights)]: 0.06 
Maximum value for profits & weights: 1000000000.0 
--------------------------------------------------------------------------------
Number of qubits: 60 
Profits: [763982907, 650391963, 274359137, 426990610, 650617102, 611924738, 125335100, 164171632, 326706881, 182288377, 762807510, 309109223, 386298695, 849680932, 371086286, 655723525, 193423179, 177978901, 631654603, 530666273, 298216298, 110713731, 586899409, 20937925, 38891439, 942320082, 545938634, 921737588, 82171155, 193919827] 
Weights: [600328909, 775775656, 568623827, 210720681, 592794083, 110826393, 538611593, 428650550, 497739435, 697063603, 637208959, 607596292, 373354484, 426996937, 388949793, 48228096, 154140688, 676425895, 639154889, 762812818, 726253535, 478794615, 582435318, 145564996, 855960996, 594034835, 271221380, 731905579, 530359360, 131592828] 
Capacity: 881213907 
Capacity ratio [capacity/sum(weights)]: 0.06 
Maximum value for profits & weights: 1000000000.0 
--------------------------------------------------------------------------------
Number of qubits: 60 
Profits: [827452784, 80561490, 838097227, 160610951, 163798547, 410191226, 803667342, 50116869, 545160836, 997310349, 968044366, 932094191, 933423531, 351887097, 231748777, 949257777, 252194468, 123737267, 865866345, 376397421, 410430198, 578933860, 876438110, 714947870, 942246043, 159210961, 991207983, 160696496, 216041328, 770678302] 
Weights: [261265721, 328900219, 645017091, 724809749, 558271263, 679213160, 338130679, 490237112, 624625184, 580252459, 696866782, 846263992, 794560999, 375241318, 905792733, 351811391, 501391631, 625619133, 230192825, 663194893, 432727899, 427185628, 178019767, 320975813, 595649584, 727435039, 647334546, 223018746, 678968997, 677647130] 
Capacity: 928307259 
Capacity ratio [capacity/sum(weights)]: 0.06 
Maximum value for profits & weights: 1000000000.0 
--------------------------------------------------------------------------------
Number of qubits: 60 
Profits: [907832014, 779550006, 107412666, 291091676, 506998457, 134914536, 189644680, 675957669, 104325017, 785902877, 927309499, 376919892, 621120150, 760058220, 327580429, 37569325, 31582776, 152694654, 161343454, 997241579, 327496510, 752754798, 414519498, 308880735, 397742383, 472707327, 785181972, 270104090, 196996281, 809839596] 
Weights: [826585326, 703553747, 396820404, 327665762, 589735342, 441126017, 342149611, 779565854, 447010411, 232421592, 410847729, 568856008, 465472743, 523132938, 222904022, 312687750, 723494089, 472246925, 547090764, 472442349, 610313324, 193375660, 711553766, 507078729, 737162860, 111109021, 729671301, 292109522, 100957318, 514536485] 
Capacity: 829002695 
Capacity ratio [capacity/sum(weights)]: 0.06 
Maximum value for profits & weights: 1000000000.0 
--------------------------------------------------------------------------------
Number of qubits: 60 
Profits: [134835879, 277073145, 416753735, 923385943, 500651857, 807744426, 682148545, 662856640, 682990100, 483234315, 562870445, 237505182, 118720752, 840925912, 764908111, 845820744, 185589212, 903697517, 868249816, 303585221, 63322685, 636421887, 269473324, 948886793, 87653676, 612524997, 724038497, 166413705, 944568496, 919568411] 
Weights: [859140799, 251749763, 357983788, 472468669, 188265210, 447499573, 333948911, 188481396, 277718722, 449068655, 435843698, 491448977, 791934344, 515579211, 841860347, 235480076, 384071625, 857692963, 772264655, 294814300, 391712756, 766240079, 544240074, 705056511, 263804641, 851653690, 658310785, 246645977, 506794183, 860610657] 
Capacity: 864468042 
Capacity ratio [capacity/sum(weights)]: 0.06 
Maximum value for profits & weights: 1000000000.0 
--------------------------------------------------------------------------------
Number of qubits: 60 
Profits: [416408676, 526993027, 373964080, 883615970, 191949074, 316397562, 930365351, 25385980, 382722365, 882145576, 573153743, 964830476, 98787722, 367752151, 625393637, 396531828, 202694033, 682856930, 107455601, 9965993, 366914068, 850710682, 229331162, 750465345, 999911488, 451643970, 720023483, 891808500, 404323897, 147985317] 
Weights: [146313537, 516387374, 946776548, 788025357, 465654885, 820670796, 420157851, 468578441, 80235629, 451165868, 820838862, 804626370, 319551858, 742719601, 100316348, 431291948, 552696905, 140064805, 466355070, 1001580126, 944675885, 250246731, 1026236663, 570866089, 788907516, 943336766, 1025746210, 771599969, 420536083, 866106205] 
Capacity: 1035245940 
Capacity ratio [capacity/sum(weights)]: 0.06 
Maximum value for profits & weights: 1000000000.0 
--------------------------------------------------------------------------------
Number of qubits: 60 
Profits: [843475466, 149327643, 435332311, 689771496, 298931600, 856392512, 400229845, 506423755, 811247008, 515152213, 350827922, 479439866, 858882460, 695310897, 355349731, 40162324, 140740915, 343186884, 489148220, 742672588, 409176660, 66399494, 145307319, 310071905, 476149123, 227703908, 748956858, 627683099, 229903329, 888762086] 
Weights: [122716635, 566155402, 255079664, 412671080, 858274447, 699139982, 435414242, 885498838, 379137900, 327859372, 263412458, 676002391, 206173456, 316987366, 845238720, 870598829, 788192211, 484018547, 691670193, 357387620, 595927050, 572774660, 790450005, 539182586, 229463776, 143084877, 503404185, 486563550, 546634329, 240939789] 
Capacity: 892601474 
Capacity ratio [capacity/sum(weights)]: 0.06 
Maximum value for profits & weights: 1000000000.0 
--------------------------------------------------------------------------------
Number of qubits: 60 
Profits: [586246294, 947627412, 80670778, 977914477, 887622689, 956260442, 6261059, 590508772, 743595100, 550682691, 721075685, 156702216, 343405469, 853772131, 262657518, 373924059, 498056876, 522186649, 192607338, 663875143, 50813683, 154716426, 51248139, 212291128, 250444196, 914959566, 554421247, 274951152, 619241627, 42254727] 
Weights: [231814596, 591409265, 334657307, 557560742, 222991698, 287821496, 561136219, 205694197, 427739560, 120569883, 583738870, 622747719, 298503976, 271343103, 134737922, 258930963, 492319329, 404065851, 242973188, 387917626, 501653627, 182381205, 291134931, 122889055, 124129393, 518492829, 598293308, 466966419, 412114682, 399768961] 
Capacity: 627731739 
Capacity ratio [capacity/sum(weights)]: 0.06 
Maximum value for profits & weights: 1000000000.0 
--------------------------------------------------------------------------------
Number of qubits: 60 
Profits: [938218625, 85264995, 429279631, 373923044, 848351167, 658272384, 987708835, 971879756, 347533005, 405477139, 900646383, 557962830, 187346999, 521708134, 928738805, 712111443, 564865096, 953079954, 504141750, 470958671, 587177272, 982176358, 650915202, 105909921, 581009003, 588382398, 495731964, 172390925, 514346461, 520756765] 
Weights: [335776363, 153404048, 475068350, 383153003, 823216794, 825103183, 174763486, 206146220, 672363124, 765707078, 252157454, 208165792, 587807450, 512958129, 264007752, 821123254, 782290965, 753723284, 301149089, 186830250, 836592512, 773298940, 786969366, 128823286, 600932455, 870558248, 257552129, 624817472, 631362399, 874059887] 
Capacity: 901319757 
Capacity ratio [capacity/sum(weights)]: 0.06 
Maximum value for profits & weights: 1000000000.0 
