Number of qubits: 88 
Profits: [9546300665011, 9216257413992, 1075595139310, 3271473357223, 9717270873603, 2841283957958, 8591496954737, 2778268598406, 4156673391375, 803749787789, 9549895528585, 7659138223631, 7007239360396, 7220869447876, 3294555827432, 5957051139035, 5090875673912, 3790621674764, 962465541878, 4547547674440, 1673178782916, 1275597856058, 4300352033106, 8120632289222, 235982764141, 1927548199620, 8625434703282, 2756946190798, 2923780512640, 3989954986963, 8513104266702, 2901278067431, 6753235341481, 2426785925508, 9433746562262, 7503798577322, 5691748619536, 4018412572474, 6262572147801, 8582585776696, 6691406108717, 2037907111787, 4721896940291, 6983806264153, 52068794490] 
Weights: [4186874561931, 7035679101633, 3766270849623, 7173621983390, 6888204545745, 2498818162785, 3524256605098, 1820756433838, 5901559849674, 6057045030768, 2625591519285, 4168916012088, 2170307533461, 3682019014654, 3952484241414, 4909048324505, 5952960237434, 5897464035464, 6832345856543, 3448417650906, 6847062762857, 6023850813600, 4850911261501, 2933289801625, 2511644676666, 4762130452778, 6772131450128, 6861745850584, 2512995991823, 2867774102663, 6308039505125, 3088167514088, 3942241492391, 3325374540830, 2016987806821, 5121779797286, 4602766866349, 7115893336593, 4476819317040, 4349411586506, 4217455737455, 5241446800359, 4182333629915, 946894200939, 2800261079123] 
Capacity: 7193198719786 
Capacity ratio [capacity/sum(weights)]: 0.03625 
Maximum value for profits & weights: 10000000000000.0 
--------------------------------------------------------------------------------------------------------------
Number of qubits: 88 
Profits: [2975541231357, 9104016650026, 2030277343386, 9058659853531, 7568687119273, 9062361339959, 7966296509841, 9932166942464, 7255456127037, 2147190059103, 5430391980595, 290614825244, 9323818941161, 1465349883764, 4329437069329, 7522857127256, 9387802373014, 2441285538641, 437645866844, 6976700274061, 7609015555398, 3287207808049, 2327820338834, 7895086733178, 7060800622133, 8214979504601, 6581576217317, 7005298717136, 7357551210175, 2954008504874, 6125259604103, 8498623682331, 4850572137159, 7038291777558, 5857802998451, 5000542724076, 5163219019409, 1909318110550, 4101222707241, 3753347685611, 685671517321, 9789057967291, 8794373057543, 7318215122994, 1488209014350] 
Weights: [3978538589375, 3152290545212, 4753327671967, 5057533944005, 358651086226, 5614411118591, 5894433460942, 3519429818607, 2519376177197, 2275355306869, 2595806542826, 2021529315486, 6158369893611, 2916025191156, 6484769098905, 3485598745517, 2725357563940, 6321829001900, 4810515612415, 3929360323549, 3513688739557, 3805412876247, 5087218675963, 3361331031250, 2506743797991, 4265530901779, 3610648501432, 3758167187552, 2463865241244, 4327439689940, 4321397635158, 5660761225920, 6328872721442, 4901276940523, 5288416634757, 3132979471090, 4238666934555, 3540791110443, 5688599697439, 3151486170933, 2742247245294, 5329623487933, 4973869030648, 6091135542655, 2705416381065] 
Capacity: 6550544305945 
Capacity ratio [capacity/sum(weights)]: 0.03625 
Maximum value for profits & weights: 10000000000000.0 
--------------------------------------------------------------------------------------------------------------
Number of qubits: 88 
Profits: [6556212992822, 2097483950700, 8205561345589, 8119439727790, 3451362898995, 8716979342526, 1990614007813, 2324082532967, 5387361409931, 6868228764598, 2154052702144, 4420932069984, 354690083514, 8400370961915, 6545760204342, 2641184511591, 5345715840800, 6479181607377, 7343360406087, 5915628967160, 6442471534453, 9942703630269, 6137170312257, 4673163270164, 5524085004296, 1722358219531, 4472502927132, 1871681751792, 8106640479284, 1152688154806, 4886656769350, 2980978080011, 866909951769, 593335354964, 6346320824023, 2226071209108, 5346861000485, 3818834581518, 6416800128654, 6873821516858, 9793588305805, 716417098184, 8001592037356, 5575946881090, 6083880239169] 
Weights: [7111483653413, 2906356532589, 3778227029676, 2285918194428, 7425345683783, 6429724194703, 2250366628754, 5999442941323, 3574641579477, 3605043819030, 2824204397791, 6685813703767, 6857015161253, 2404039298710, 3378495341272, 2132789191932, 3016769514262, 4969531802362, 3466295921468, 5664942099685, 4294020711757, 5299341804423, 3910235818253, 3462486627763, 3491617292861, 6949738174590, 6147229510103, 6266065697377, 4597272931625, 7237214017413, 5136619828757, 2057533315216, 5702210672138, 5756563545598, 7259579227639, 7018109683552, 5702485913895, 3023572939335, 4933587091887, 3159865308214, 5212304225687, 5187798386361, 3434930939820, 2643362133897, 7127449484298] 
Capacity: 7437520160313 
Capacity ratio [capacity/sum(weights)]: 0.03625 
Maximum value for profits & weights: 10000000000000.0 
--------------------------------------------------------------------------------------------------------------
Number of qubits: 88 
Profits: [8727159829000, 734329667814, 2837155325309, 8848258353580, 6932473827376, 667079381270, 6804224087225, 7321559581757, 9023312571335, 3693597141108, 2779858429115, 9881597047013, 9798902633989, 2644177192942, 984769769551, 3329612114628, 1194858853796, 655526311881, 5787183098963, 4827224992161, 3889063544830, 7613148183383, 8569748655828, 9570228121032, 4137886397805, 5612272289970, 3594674133637, 3536519677159, 901561991652, 3215755764048, 4153091256886, 4696408994445, 9252735650457, 3442122543673, 7630960773416, 9587211740930, 818969383999, 448815254995, 4133576115941, 4977480898250, 2374261920988, 3728972562273, 4100861038596, 4173165436436, 6976278603374] 
Weights: [3962862944160, 4547050149842, 2198877264536, 5910014436506, 5276302546375, 2068416158687, 3801183200860, 4613038388525, 2538086323442, 5952329930311, 5488489198408, 7358217941872, 7415431274292, 5483571962172, 2312033464572, 2820018933457, 6487961591402, 4113989810852, 7076176541822, 5322304799347, 7737733858733, 2236893443109, 4027429882156, 5876759364140, 4972781171521, 7299384388728, 3934278821580, 7493107746627, 3181472575126, 6130059607175, 3315480572447, 4263021962956, 3468391855435, 6857766249499, 5563190558846, 6527492461139, 3255841029141, 4068499528477, 6346510119984, 7400993340524, 3709462146388, 1968346295318, 5837670096052, 7146885385581, 3869087028883] 
Capacity: 7880868060367 
Capacity ratio [capacity/sum(weights)]: 0.03625 
Maximum value for profits & weights: 10000000000000.0 
--------------------------------------------------------------------------------------------------------------
Number of qubits: 89 
Profits: [6803275643532, 9260992076549, 98090503252, 7506877497267, 284997861035, 365025573176, 278244198218, 5742157271311, 2528577218133, 5112371625831, 4548843056066, 9658828143682, 7787088339834, 8889598701122, 1058514356374, 599376289655, 6026016738867, 9930859364275, 3935577074857, 537875263082, 6526315534855, 8276476814151, 362359362619, 5254987375029, 2059754773604, 7701879456465, 6905196912501, 4655943358613, 2505002210379, 3208358827691, 7170286302099, 9752248690577, 6212848920940, 7357572355428, 1164309504353, 816759974639, 5115320010159, 5214057090359, 9757431137440, 5390232078066, 9743206978674, 5854403351548, 4140650889541, 7481797935013, 3314931153677] 
Weights: [8131864244602, 4101391060200, 5578048076232, 4991636800765, 4660710501712, 7547595828508, 4946595051301, 3912692333775, 1952730512897, 7149546803534, 4871400350892, 6643470227708, 7694830821287, 7847000621519, 6053710571136, 8112736658192, 6943783698220, 3414758015805, 8172101112468, 3075652294474, 8421850942106, 3819009961456, 5686457784618, 6033728345232, 6829386588455, 2974171069505, 5179776401905, 6457142523726, 5103113521025, 3982360993664, 6286116283438, 4544498697641, 7072566408195, 4731252604222, 3080826219648, 923006063638, 3120510105748, 4343015030539, 6955738485820, 8057151867101, 5466944556605, 7141166893868, 3989825434887, 7018822791000, 5310491711508] 
Capacity: 8811665701880 
Capacity ratio [capacity/sum(weights)]: 0.03625 
Maximum value for profits & weights: 10000000000000.0 
--------------------------------------------------------------------------------------------------------------
Number of qubits: 89 
Profits: [6141115753509, 211916645278, 6926389194506, 2023195313720, 2574560619921, 9740019547549, 6784958412609, 9102989683989, 3386664436599, 7021243405657, 6897300238845, 1569548092128, 9615610411757, 8298297818457, 2362875778625, 9485490170568, 3373407375332, 7152206380152, 9178597393888, 4799646813598, 138298354080, 1483284400980, 5416327343455, 7686950291304, 9374735283395, 8909404463250, 9159177803651, 3115904518717, 1023447699876, 6431645847400, 3042240653773, 8649470218058, 3202740609274, 9216128070606, 8738466405847, 6695895229146, 274468772841, 3741714527665, 9682240372473, 1200611298778, 7641879318318, 1093222998737, 4606291373765, 8452711459597, 5508214655649] 
Weights: [2857021939332, 5776856324704, 7299553201926, 5374698632591, 1886000686559, 5981579560328, 8054386410267, 9102662781292, 8402748175171, 1913671069074, 9562113661678, 4322569171406, 9087284742341, 5954186431463, 5451674574101, 6736266394359, 8563545514649, 2943527113682, 4812039036090, 5022089819069, 8482691761292, 6314667783232, 4518162605385, 3346327229001, 9350525937180, 7415251184602, 6537195697047, 8102448480115, 4170250304391, 6066090980777, 9089360184160, 6916179382377, 3387425552083, 4718902467491, 8668098262737, 1804131099499, 7620366750481, 5661287611618, 4786981486791, 8882775450457, 3839442259022, 9117614563157, 3804981840674, 4127971367927, 1319448627418] 
Capacity: 9640717081683 
Capacity ratio [capacity/sum(weights)]: 0.03625 
Maximum value for profits & weights: 10000000000000.0 
--------------------------------------------------------------------------------------------------------------
Number of qubits: 88 
Profits: [3230941658541, 6433824207292, 1106675345126, 1342848526298, 794480221021, 7751182794517, 616552521681, 3611430100466, 6961271664811, 6067030451095, 6621678197816, 1845039778363, 5936770567249, 3510099861993, 735203118650, 6924741294871, 9992448973279, 5817691074993, 8716307955366, 4343322335415, 3789134187383, 1040000286873, 6095332636488, 9219430091173, 6258880585954, 6874886033980, 3329534059534, 7552224727903, 9045964626832, 7629772925594, 2768542197664, 6242541842271, 3271491275465, 7786606873853, 8564032861760, 3718310498553, 1075269323265, 5426906336939, 9844799961546, 2371964450793, 8833622638087, 1602428804822, 3241293842148, 4879074374419, 5818564350204] 
Weights: [7767461062119, 2584401599839, 4379682393930, 5971473523283, 4075638444437, 789137388267, 2665994755357, 4365904352576, 5656573392309, 4205289269204, 4481609875428, 6367522296957, 4939093287656, 5565245921113, 2863013087831, 3805557320683, 5575209816553, 4849129637007, 5141387020058, 6265723426677, 4550487562491, 7306255042474, 2821112567207, 3649107242151, 6675796702057, 6849614409735, 6629720170375, 3818784127353, 4058343263452, 3935508014655, 6534210324976, 7751855684337, 7677800713957, 5087981100255, 5110554044664, 4850333670884, 4276372323207, 7278189238744, 7362583590157, 5122445431914, 2494745605347, 858541516544, 2925740236445, 4341759338621, 4345601815548] 
Capacity: 7772145150839 
Capacity ratio [capacity/sum(weights)]: 0.03625 
Maximum value for profits & weights: 10000000000000.0 
--------------------------------------------------------------------------------------------------------------
Number of qubits: 88 
Profits: [1082959011652, 3371412057431, 7096903157950, 1225501043173, 855686939167, 8057312193324, 7543838734537, 1151371159223, 3342512913549, 7470409487513, 7418662286910, 4130881822541, 2493972501053, 9146158390092, 7044766828552, 2920060365982, 6209366230878, 9492544114866, 3519821996154, 710226921759, 2847526998190, 9525449466237, 9832846489915, 6788794997667, 582051651196, 5284380949884, 1467198372849, 8329658508418, 4782767253504, 7974101258312, 4235205403897, 1289275484631, 1086339238400, 4038699655452, 1094697863084, 3098179071010, 6206835244042, 3835238794294, 8059321418823, 1935113516584, 2300249408067, 4219809363006, 8614306621182, 4733325276942, 6980787552821] 
Weights: [7136016642724, 2374267403352, 3744231677327, 4648820229401, 4513315269538, 5610407711300, 5827168989109, 5163756541252, 5393564568488, 2801890503431, 7445618881411, 1021759382834, 3848489413465, 4723675535243, 7264916368005, 4514990545508, 1245833197220, 5562572627936, 3661567450774, 3213954367050, 3210386035724, 7177390478477, 1749212965263, 6592565036616, 1938653509176, 5341473162642, 4816402874319, 4728567999813, 6581579277494, 6305897983409, 3678830841845, 4530216794338, 5502628130519, 4135086106213, 6202243462267, 6337498146720, 4979756272596, 2984178120929, 2969216089986, 4050623180721, 6087908692927, 5264533583918, 7184689357576, 6085354089336, 6735833997631] 
Capacity: 7549755718864 
Capacity ratio [capacity/sum(weights)]: 0.03625 
Maximum value for profits & weights: 10000000000000.0 
--------------------------------------------------------------------------------------------------------------
Number of qubits: 88 
Profits: [3221283063620, 612150954209, 5575469345516, 4763209511830, 1607708999500, 3294067678911, 1392010884972, 2015629495301, 1537209528481, 2281516096458, 7242050438469, 7089960677742, 829822546683, 4734000968592, 3569728360018, 3968152998413, 63808656498, 3599376086539, 6587278730934, 1082639458266, 5393376569118, 6052510353892, 1216118248394, 3313657485209, 3523259850806, 6244788306690, 1004459430487, 7434340825736, 8040661853098, 1279852717856, 8939637568307, 1657111556142, 4102812354604, 8725443775737, 6155081525308, 6541103212574, 5944559912542, 9918329324252, 3449601254055, 5520376931036, 4019474604079, 4473878160115, 6657783518684, 2981501676196, 3106459768002] 
Weights: [3661558177037, 3372195116591, 5314254344990, 6494723125952, 7630593427906, 2312766940048, 5479834518740, 3258032128149, 3653382292484, 6519904051953, 2820288595791, 4959055591411, 3897704051314, 6180635611673, 2230747433348, 5003203093209, 7781348455740, 5330048629422, 4529105976803, 5515535439104, 5477910336674, 5441505297360, 7980758176610, 7374719404571, 6282848149061, 5234081480335, 3436433524091, 2778296487302, 7253502834719, 5870570839583, 4994199861284, 3467407721292, 4849754547335, 3178141534460, 3832072564254, 4103388997957, 4341016239437, 4317666776616, 2782529332229, 6580292834401, 6136058768656, 5045100024159, 7690274962547, 7391662614232, 6632305106926] 
Capacity: 8041986245807 
Capacity ratio [capacity/sum(weights)]: 0.03625 
Maximum value for profits & weights: 10000000000000.0 
--------------------------------------------------------------------------------------------------------------
Number of qubits: 89 
Profits: [3917639163967, 3891973003648, 5148202394702, 7551853793597, 4146507705637, 9072993393753, 1137132380325, 7011714493206, 525657052763, 3154826742605, 9163871058526, 1465280941666, 5824140757276, 1103171609063, 4638091256395, 6128330672011, 6911067707423, 9412256056589, 3135043770997, 3767155607018, 1465016518849, 6503049909348, 141339702548, 9916586308343, 1615127520069, 3113707080472, 1014344011843, 6391909399698, 9317546417310, 8337215061033, 5317480393508, 6220573721850, 7298292052581, 7298853723272, 4735757440860, 9103502226404, 464155692640, 344774800770, 6782743635855, 8012580415949, 2786829408213, 625832372313, 927823961914, 595122407111, 6200668424628] 
Weights: [8095170919019, 7516479292025, 5573876838898, 7899588637836, 4505269295581, 959274726723, 7114412324132, 4760113921718, 3854159776360, 8113662918189, 2400992716233, 8856037949037, 9117389749370, 5282308982429, 6403008330757, 5759304590208, 5248905323517, 9157693101566, 8800885381851, 2614713084647, 5705766969446, 7923116942005, 4036627830720, 9508496358113, 3373983521384, 7729226971371, 7464411011203, 5575741892584, 8467020698107, 9089363574507, 9312548248033, 938654876856, 9371121289149, 1154594458759, 1859178834892, 2563390985328, 8509034465305, 5283042483132, 8036753030423, 1632163733307, 7405698471835, 4573632738178, 5233582764232, 8276626826328, 8807173922419] 
Capacity: 9614704188141 
Capacity ratio [capacity/sum(weights)]: 0.03625 
Maximum value for profits & weights: 10000000000000.0 
