Number of qubits: 100 
Profits: [705707289618184, 227327530627940, 476366371318326, 820477802609222, 118357703597390, 920931919415534, 368547678337843, 960023866242982, 955295767981807, 63059558512083, 785663785130457, 996019274547965, 904207630257251, 262575698124311, 615208400500758, 790986994195184, 931117720186724, 982333441653504, 877601189241668, 231385395046227, 704383722959428, 560970614342799, 787753105787674, 579622735301904, 283325663054527, 951257522074181, 561805448432771, 843421631067355, 547403828333976, 708197614078416, 556722070347892, 865926693565468, 955378883341957, 470248170906050, 226196854350283, 107585593005414, 323099982336042, 375245523700173, 128405688639385, 58147912393439, 39685976747668, 960661044855301, 760302410900698, 817483280444356, 538606068296738, 121356787796725, 398100290948183, 6411898208963, 731894551629043, 61332333927382] 
Weights: [306799621076679, 676717478299907, 288290897740096, 359310991604920, 777404047008889, 790146147561592, 269878094281185, 340033138381737, 780944411560940, 822562636841916, 775132155947276, 384628119167877, 279354471164591, 268798233030270, 316343597037161, 296076387585278, 802089033455599, 779918255308636, 402627412738136, 258827852114672, 725918720227786, 529148178829195, 677279542904955, 805824372246655, 511980520030920, 662031630705355, 564267962747732, 372089384964736, 417971826498249, 220742519870202, 707205830805785, 124254097391317, 187060039987658, 565805225559431, 463090148405096, 527025532386097, 330400108549628, 796840816043596, 782164501248503, 771133977547259, 768645842701109, 170601698485743, 455027273484706, 825325393610696, 793346432750575, 234347721359724, 729196412341406, 601899316218492, 205966810512528, 345256207750954] 
Capacity: 829205476616066 
Capacity ratio [capacity/sum(weights)]: 0.0325 
Maximum value for profits & weights: 1000000000000000.0 
------------------------------------------------------------------------------------------------------------------------
Number of qubits: 100 
Profits: [986353503573326, 233217124601308, 391221276426374, 936864782838422, 1844618920364, 823448867841555, 952286193628114, 50074390317672, 351044128274696, 299933171258177, 309970515791638, 841904768655787, 283553875017922, 966992540139679, 367090606069877, 320438582032423, 914448192106739, 154717469145610, 432026010590637, 67130435212311, 748258587314161, 743351778754373, 172817068771604, 785996461595157, 994252580971946, 707481205815471, 593511312258771, 809242824626721, 765783981055322, 397910106697808, 121411169410409, 569356231308861, 706578522905421, 571937718263927, 605315353984490, 324813518030513, 273085649393166, 139605913864255, 740904692701551, 182000401256273, 580837871574727, 39112877605658, 130632249801316, 603402776673423, 560131639808723, 144418397979757, 747371184204067, 986476485875957, 551669364424262, 163579999754087] 
Weights: [773530055684886, 246020784316774, 498650036530406, 778172430952420, 816311218751015, 251490224070468, 792848358766969, 522185527878580, 481616702850189, 376028059480626, 628989487619653, 68618526992565, 495548042091094, 672762945847871, 117007608718728, 372565692955081, 234903918969435, 751642649919519, 789399248667240, 512264323177132, 334449908911381, 244771076777542, 718275296732416, 493104226899254, 227327267388059, 740449237102598, 651976010434285, 273036333393581, 365199491583402, 804496232515546, 706738805830498, 531764317759990, 750895471667287, 628386640978596, 780307232595388, 300726108268361, 266647235236719, 589612858338207, 514867416216576, 337811524393335, 238551899880658, 793496633200183, 602444754681571, 730684536265041, 478203132805357, 507063569569839, 374008079184170, 543899996221523, 467254960055449, 714861935908127] 
Capacity: 818570509218461 
Capacity ratio [capacity/sum(weights)]: 0.0325 
Maximum value for profits & weights: 1000000000000000.0 
------------------------------------------------------------------------------------------------------------------------
Number of qubits: 100 
Profits: [425259768440126, 18212099798321, 780877645574129, 261907549306475, 852682883704067, 539510789370151, 960514066938206, 517454390845875, 659297930292592, 651267046804791, 992354666184801, 194891577700652, 268761680308182, 392305968062257, 880191263954433, 65419851097024, 892196621224526, 788720293580674, 661735168038119, 249979024842403, 81325313965830, 172092278674916, 935153880888170, 194415334666786, 743882517047506, 16670265487854, 646203014707358, 814306991984578, 553625935649853, 159481367416501, 286320177294542, 732128631956164, 469572110439579, 485764388303814, 236028468716195, 833737427812666, 327191867203189, 349028546889596, 470204194474892, 573952062819501, 904998202357653, 20453986825715, 182178656397480, 36604196598995, 795024352375471, 995628092867765, 712064801926296, 621377718868906, 283271582592617, 235418378068013] 
Weights: [361191549393326, 494982019193518, 472710592613473, 626336774393968, 262260904763475, 230876343581354, 503654948160894, 609586249428382, 518239630599140, 573483620236134, 439343913708192, 654865173288766, 528132139961558, 648590456539054, 357922128045744, 688691393658005, 224678426002839, 550014488489877, 221613819107233, 565559564281010, 341931164161705, 554118906016263, 340718670014792, 199098185375978, 332017487381571, 621414030843506, 394824220810604, 633214753530621, 524936930584874, 448962753871213, 534954815971994, 634314239814987, 456486604154218, 643250709621935, 421063866892661, 510465456968168, 424772417275326, 762257685838738, 291771818637190, 549593509346606, 532852436993171, 725438582139824, 245023794406651, 553143113513291, 246151672042943, 466171846544506, 496025680451501, 498249187299493, 762438542639888, 259095212270448] 
Capacity: 769726067698860 
Capacity ratio [capacity/sum(weights)]: 0.0325 
Maximum value for profits & weights: 1000000000000000.0 
------------------------------------------------------------------------------------------------------------------------
Number of qubits: 100 
Profits: [547942745145633, 172574782557952, 312629638415785, 206742754409056, 850997002075510, 244909442849059, 613522512883883, 973784492657383, 6750560305505, 478250526773162, 986861288961119, 744574905558214, 58394616861192, 874169287125575, 55670038415832, 972037070240326, 54349952879048, 169213259608420, 616849248061681, 918750035488486, 860738162889015, 137132745610717, 33216945495883, 333801631829783, 851099112340424, 483264361790609, 376181390431948, 95436390606892, 19191296563219, 448641747919723, 939343646189471, 210089296501157, 699379367090257, 241121631881080, 216954885124274, 269966845347076, 276874552104571, 407840442041231, 921776357547531, 165146588102029, 519433221687734, 924146808195741, 685461582305051, 730160714312621, 506378381733611, 802701408027801, 660194686724123, 572735153024224, 575200121016814, 563367554926995] 
Weights: [649734605459998, 166958174964114, 426218168851438, 343973391807786, 510638389441019, 438499011255519, 216343928875429, 408695316173390, 367171905243536, 532884175967274, 374459660877504, 559619069799199, 376948968346962, 173205679989854, 517265806124518, 306619968431022, 390638819267540, 515808017962261, 435351114374303, 313569041466101, 362610660738447, 476413719271162, 420614397202331, 469508452995817, 655885597771336, 632153185141502, 485184348045426, 287336517343795, 584531137040296, 232042377746642, 308455967881402, 208692569703816, 382175476056031, 186888578853644, 247055610646215, 513539861245482, 453281965785401, 506184452473100, 373518838064109, 408838684393028, 524697687770144, 550874853137690, 263997675164225, 202573983052551, 354000497148949, 550662326334139, 472843143658259, 531453276848554, 591887760964688, 380149319837042] 
Capacity: 659561345959219 
Capacity ratio [capacity/sum(weights)]: 0.0325 
Maximum value for profits & weights: 1000000000000000.0 
------------------------------------------------------------------------------------------------------------------------
Number of qubits: 100 
Profits: [802657406660616, 21322209812784, 844853522785166, 111185874380507, 292547247854019, 317745109186590, 801078341068480, 494864173905955, 963326270007662, 179183794856864, 70880733308088, 744023136123938, 83074217520043, 689149054566012, 512022891167330, 734457858296854, 511414569932885, 807730452325964, 431286739512265, 996804032279495, 741142989601825, 650162045642276, 100598013336823, 32137389435212, 494396133005956, 177519670599438, 825187643498422, 836531442961126, 740839965391308, 702539539922664, 309904721217161, 759651549281022, 708327660299017, 481242470583716, 579647877892049, 856851798770080, 606591596801605, 22290871159687, 580979910000987, 83063799451293, 77930499991499, 193865335632636, 923231833105766, 376115793269810, 578419528367888, 946698422833309, 164567299698369, 594083096937852, 49177255580385, 855014835217727] 
Weights: [196959632332030, 145126436881523, 715445364273832, 318554865567081, 768601741595224, 597383960526672, 782320594973941, 497285370081279, 645687210222172, 787206621130903, 601699117373920, 639902259035031, 360244660836249, 658911809189180, 516668694314457, 769686499430288, 519223734644000, 587469560283587, 503260439661726, 521555517639976, 178192023206936, 664137119216004, 611642247840450, 665366408854338, 832200787505464, 433734362754483, 205356309629424, 389351828170798, 571058297622894, 451416197827498, 735145988115361, 342458616351861, 417063478666838, 350962459616621, 661910531152776, 228312989766342, 461284152222134, 776000693335714, 398265079898104, 606058182782888, 681818762751815, 410752890018123, 269849173779661, 627851619877832, 651639224053045, 343086150222556, 486189867519940, 581976731925858, 447569408991988, 728208549630503] 
Capacity: 832500626082391 
Capacity ratio [capacity/sum(weights)]: 0.0325 
Maximum value for profits & weights: 1000000000000000.0 
------------------------------------------------------------------------------------------------------------------------
Number of qubits: 100 
Profits: [770401890492227, 598010675427258, 772329822040825, 733959658942732, 281280430957329, 863838244473696, 932192457536095, 507030718527196, 675762167928725, 76652557760044, 520836787232711, 334790236827864, 122364099389791, 786506064327687, 363042197711070, 84982803865384, 71434635295190, 670295157769211, 864926805382391, 851587622129952, 860378346732599, 227391186049657, 274464580420516, 506080789268854, 22451699704256, 946525127797043, 934390582466909, 530142229759778, 953590374758615, 56164149794291, 852799015291343, 524314670434546, 589473138138442, 918041001841077, 716324754383316, 544453767129196, 403049883314591, 96371716340807, 77805074869275, 884948405143963, 126295917830152, 629777867631739, 595162630641827, 583168958700731, 180513098092015, 531850638698545, 17474779696004, 219706040322791, 885861435112275, 846743636758965] 
Weights: [630500983407938, 701852823878203, 304017652630005, 269014262413374, 463027247316342, 675761621460582, 506804194782878, 487508760019568, 351898670838647, 662750174141977, 429651837289709, 388442762968978, 582928861278015, 603467548436391, 687123621559032, 543352996779488, 352080620553447, 324873714372970, 368147003705247, 83717019282556, 518423563086268, 739536282873956, 564389298869954, 259080260091874, 323183079377814, 435170360888520, 447750740341857, 775107266211378, 683356605589735, 476871809009894, 441838486258587, 770115881869350, 646767563498144, 540368288939178, 274725753239308, 531944364273973, 458992566577319, 586645264726056, 778136571249989, 806970722846310, 668672790630352, 404459799545688, 427974324690392, 447197448356711, 438121252096030, 157978639776263, 359879844559661, 749961217378396, 765379917333972, 777266626276115] 
Capacity: 809676420521752 
Capacity ratio [capacity/sum(weights)]: 0.0325 
Maximum value for profits & weights: 1000000000000000.0 
------------------------------------------------------------------------------------------------------------------------
Number of qubits: 100 
Profits: [911380801075416, 222304459334650, 972473176180234, 930835869881747, 708555505978246, 605293850761862, 790771619830910, 95464215664135, 210047997006844, 392758640243276, 784490866684186, 747466188116565, 204110735612459, 643690310202122, 128524371070274, 596394959419621, 352518232646136, 635407955341629, 391149426705486, 120292476440586, 976269204932841, 336053710783676, 749247769961093, 221842476776393, 873819511084004, 900990074431775, 413432675487866, 568265282267596, 349571276357006, 482712318428434, 85206493093466, 173869459398414, 944568711244143, 650110632759048, 382338635121389, 287630781067491, 327471611735940, 878515976988717, 650607129830288, 988128012071490, 602418763855094, 758243684600841, 659049288893118, 982700032089708, 527855854911424, 156360383876819, 791883311024524, 335530603967936, 83924903639284, 439795844440365] 
Weights: [574819829205216, 527802817920609, 432057555437248, 523951277636704, 512386761778788, 664649481502002, 653948087990855, 268665902825880, 262172054674508, 479069942495843, 513539469047956, 304406829313658, 473818997802914, 616656808101387, 658407605547007, 429994026847290, 300578655882780, 285201703407397, 403965753210666, 778282505973970, 478617708786312, 602772868351667, 589044651896223, 666371558286061, 444392470131187, 603753579504182, 545045852958196, 645947699520071, 486754968871939, 635179302732839, 430098649112667, 686480260909622, 462001919785189, 296646647072401, 751778389236152, 644750760759860, 541795354821935, 296063338122189, 219679814126369, 290084342808881, 599839304689552, 520136651293854, 747326634426002, 587144146430218, 780397891590324, 765197693044819, 235075560604599, 246226076290318, 513147812323678, 320809934391706] 
Capacity: 812082349370446 
Capacity ratio [capacity/sum(weights)]: 0.0325 
Maximum value for profits & weights: 1000000000000000.0 
------------------------------------------------------------------------------------------------------------------------
Number of qubits: 100 
Profits: [808232171843936, 176610930369956, 112019457930798, 946883057686335, 597941374127095, 328465324726720, 141262359353790, 351174124676515, 873147449789001, 598618744559313, 598837155994092, 496887136600044, 522539026302423, 118391573944615, 123594353510178, 596043890998245, 752895116034274, 283848487566659, 30889937188288, 696110285329739, 160277527643781, 506415272793832, 226063964721042, 504266103436479, 750219976350686, 395377321865143, 262456066916389, 971087701515259, 436996189155123, 457960737500317, 592108298637013, 585669116509948, 757152042325557, 815842011354954, 110023662336344, 705186997485411, 845515760229279, 707974450656033, 316061421431228, 679034065637955, 604300047394649, 140763320716253, 772961360656977, 572364448807598, 292905269563950, 258714339859014, 42463118779772, 114333596051260, 179772340127010, 242731955443791] 
Weights: [569897632690946, 613314003911606, 265144803303952, 360008519139133, 306126613829228, 524989327434758, 742407814411518, 657551707968499, 783257155216472, 562773164682320, 429358999729934, 415712203200183, 473014740916596, 674811599524008, 258684826350653, 340277620662331, 414540785215480, 632754272720341, 77276645092168, 104601841990862, 619893148058756, 241934251259282, 750307564447038, 188064047892631, 470384092195768, 296335826835054, 353634368641358, 541214953134451, 481465490642418, 799089248257933, 238236684015379, 795834473489186, 413156164783794, 471233853408513, 744999401528217, 369593595608880, 480166848182798, 770960450390914, 727537162549715, 603217949555522, 333833838054959, 352927554999587, 715161974768706, 457885394572324, 745531328608412, 634304674109669, 584221853871304, 575196862739778, 582561361982127, 703915137574281] 
Capacity: 799158954907441 
Capacity ratio [capacity/sum(weights)]: 0.0325 
Maximum value for profits & weights: 1000000000000000.0 
------------------------------------------------------------------------------------------------------------------------
Number of qubits: 100 
Profits: [704422327983261, 4662711093630, 463014253861698, 801983177526298, 940742630315822, 297682830323934, 832581130214744, 417668651993829, 943586677180195, 663468037744804, 320663599531283, 367073477310101, 73416570138120, 434305559276689, 890131687307619, 110843140270758, 965944609016546, 383292769026550, 454452295365219, 409580884103713, 264576782544213, 482711906333851, 726090615977651, 25773667667477, 861560902628329, 871656774093575, 940935546010602, 367234829590671, 56329911092618, 448159939630685, 239367896485466, 356254826043178, 205090335187240, 186050352594394, 790536809139764, 566103814560896, 871036206873244, 36820333269849, 681961406260577, 555510573854721, 850619291468220, 600971429099815, 757650555591371, 655713353667405, 419904693591040, 792445988259005, 211290584985486, 513724879416522, 132449053251294, 860257082672901] 
Weights: [569794555925468, 342150837599000, 286840610559622, 552987075502339, 295266933177087, 630338860386041, 285243523230708, 688272406530897, 600381777659895, 561072768790092, 397791131238767, 464741796367576, 394998830863714, 368611842255666, 349369850285234, 283955029751835, 514638100826914, 595134747336614, 654127137059922, 289147707251271, 308810638518274, 69177710447003, 536900377709347, 515864563307556, 425570769082622, 314247823714668, 579435694583220, 701103583093504, 317692333276304, 464618010839708, 546207845235260, 383108756966042, 583270022988465, 452041465132143, 625717912653158, 466971852230423, 611822591726003, 287799179502774, 454395166551787, 732963644024776, 449989982129723, 528897615019934, 674029874928305, 273474208726345, 304753213820855, 597840429634902, 660277546784499, 687226163051693, 257220856420021, 688288162815663] 
Capacity: 745609665094872 
Capacity ratio [capacity/sum(weights)]: 0.0325 
Maximum value for profits & weights: 1000000000000000.0 
------------------------------------------------------------------------------------------------------------------------
Number of qubits: 100 
Profits: [115375994207388, 320300155697984, 853803182154579, 433058228669662, 499021428972204, 639401826196499, 188220429748780, 520947607888484, 43309537849535, 10806437128756, 907390233213238, 363029045741764, 856638635908812, 767460956865879, 902561337164815, 351077764229476, 514824327988056, 720523026408396, 939872747880229, 520083812348679, 964153276176896, 378401897110985, 757499892568784, 626318137770211, 606271614612061, 402375444098249, 785259576117317, 798543757572375, 148862478065828, 800834422229341, 831813834354885, 269676236224055, 273157838601216, 847804195325627, 184564268465340, 990634144356121, 501416891891470, 468456449672643, 818561812527606, 880890428445791, 454732861629394, 713856151834828, 102548570064910, 602810864208592, 26543215053431, 665800811108750, 544793573945254, 383342149908253, 963033792147569, 664628044929491] 
Weights: [119640015740146, 331465252752991, 736241710614597, 198105883524709, 822300106499409, 677258081429335, 777110210357388, 472834407652340, 750176376006233, 147327016323613, 323057137351811, 671934995304078, 141367308668762, 854470065793762, 546495792881596, 627045653834173, 798147634679461, 315673281520803, 592002605374973, 857644703451792, 806857773394890, 730332582329190, 647003519590956, 312203288198592, 360238300788680, 657288741631334, 326294367308965, 617699869694450, 483825282348837, 629081916998074, 335200303811704, 819681388460162, 635116572184319, 559911510948151, 316555058374715, 664703732505042, 468491537858952, 516010509634220, 722225308490357, 447528520068150, 293722752874561, 640508646030965, 130864065447216, 632337515140042, 659578332098990, 428525711841487, 696508640481077, 857018370208763, 867133641498483, 451470554669187] 
Capacity: 878295037856826 
Capacity ratio [capacity/sum(weights)]: 0.0325 
Maximum value for profits & weights: 1000000000000000.0 
