Number of qubits: 120 
Profits: [463732044925841724, 106689834463188454, 550293710210939106, 900827249040245185, 93783850273577117, 3215822482553797, 462735114767595039, 594650769881762985, 918324860096353576, 794639711740396421, 106066782738386476, 477130071596158728, 459674549937454354, 230863361856143500, 848533615125645326, 7050328771241646, 143940919240835198, 871219776308614561, 459730915190205834, 266619094690187371, 888068991041691991, 346982767138983056, 775191049902727265, 232223134441460571, 814688013010800863, 742289044591416120, 359811644321299860, 699275245189954122, 822160043492530378, 875113256298395850, 763419875162381996, 819101536502241951, 87901518555019634, 823083733193075298, 68440814119467287, 24349542450916043, 910839250844865675, 464305236303560332, 45681871583630004, 521910232918572377, 667693119932503251, 804182529563367952, 356584451912991553, 327892109344427201, 286856249089253151, 771048251587149633, 902948027531112454, 189278702790070705, 929782179715065734, 156854651326661654, 127696615588364622, 990723864792879443, 20157825933078581, 4435291663342905, 120444631646839008, 517261758877083638, 282037825189517789, 393490396562826275, 358591863229156767, 862767171552230056] 
Weights: [664390239884836472, 656124759898019745, 722819495564321755, 609214949937517725, 345208198690846980, 155690100801224769, 549541740097188593, 241696745000908251, 633310469364102318, 570583033796842531, 612190635243947068, 416945227008201458, 413654636469374661, 718740341688722905, 659474951059167217, 483400536288678289, 211520875026469148, 750796686642358058, 623794621749786712, 504371886284008294, 537028415783919714, 382460808673600791, 643532766679119300, 468841680439682503, 575873821795362554, 456279631785717135, 753789306614253242, 749372854634066811, 464623345525811356, 490721104234307966, 576747717137616799, 422599239319846068, 325496962075240769, 716831820720561443, 376857099720626119, 573160514390552920, 441840070535128734, 395587673114134952, 557999613589319103, 441739073926991810, 371709355630776260, 466748578634916195, 552172131534290194, 482728239882723743, 471146546277605616, 242152446379178949, 626234167650194370, 501574792274695104, 359102200975020665, 506245878076201304, 744168845114113662, 628296807287050145, 361888809511408703, 499715226549825670, 605899191087355715, 753973146584149149, 580495128847993478, 384785883036060838, 135256803100599513, 543150680193548445] 
Capacity: 754447444193671808 
Capacity ratio [capacity/sum(weights)]: 0.025 
Maximum value for profits & weights: 1e+18 
--------------------------------------------------------------------------------------------------------------------------------------------
Number of qubits: 120 
Profits: [988920808758590822, 575750725030089202, 962506116506073685, 569132480675055190, 530821830012116678, 983193572386900701, 435392327380905982, 356223479550774672, 310570522808528215, 809894448566477090, 925998350090804455, 578834115055816933, 634819956293953927, 554985075792729046, 10479343844628151, 975884290055967381, 824956941759962772, 951389025992428589, 702698644025213894, 944908738944074376, 853551167788633444, 35699608483599185, 428759281713712606, 66372458180903026, 175672581742908983, 890375403069222463, 492202366323563420, 538355787437823563, 884000220903580443, 376620277484607070, 309047552761071628, 276860287947571537, 540748652159991702, 174406550225830043, 86268094114517112, 543981183625473176, 383009873995290181, 820501685591860099, 428776801996353304, 779481733488364269, 691520813030365980, 936411164231419790, 929010956177519123, 46638213897895503, 224980275518926625, 793389425725518881, 704001554240618779, 358391724513982556, 557242419116379236, 462047643428287978, 407836893239514172, 707061924666628420, 866225421517669816, 599051555912136012, 301487152530499196, 226085168362767433, 220649809386634060, 814255968558496418, 647993538701554530, 148290780615053124] 
Weights: [598782775959756304, 541804066910721453, 405570830229078082, 465454034954000347, 470635252400878802, 286831349200722880, 346771202237812182, 639085548347527277, 203424362383397157, 564132914009265666, 627759634261647769, 499464635916359466, 564532610244656045, 455225629040700475, 431391930939071665, 338693721096675827, 656677471734994596, 496144270399517624, 384011689190361078, 617514976776546846, 213396688618566649, 630146990904441289, 483625004175550916, 138215696609319118, 565023952998834415, 436307829902657865, 666961258394758439, 449559117365672406, 456064730309501524, 245676137724469528, 609401871801787525, 609521743396651842, 406950022208532333, 569303134191799275, 346731628644739651, 515351977064795512, 401877058789284234, 225993342347645673, 521091442769937748, 631954066072620633, 625729015416355217, 293146765752474416, 596641962495089293, 526710994687634560, 220684182343084506, 282980563519091905, 425501065478988123, 542434744315753125, 360341131680587122, 531595293768831993, 379119708457777741, 393419668004991783, 497694328177589247, 623961875658325426, 549187470787702952, 463109997647629509, 426888665191357222, 577500043683065364, 287814012658531707, 421834558263991317] 
Capacity: 683119274437981696 
Capacity ratio [capacity/sum(weights)]: 0.025 
Maximum value for profits & weights: 1e+18 
--------------------------------------------------------------------------------------------------------------------------------------------
Number of qubits: 120 
Profits: [905690045876358345, 733643621041329929, 284813762531140851, 494513222513564114, 610911313248429648, 954029071247771787, 874758225158044850, 866611129350556273, 236683399302898813, 946645987497789654, 566388725596763556, 510352525971132855, 836114643982408253, 510234708750528331, 1820198934454833, 374624632258773814, 396078035325881, 269446360559273547, 82785172383562897, 144865795030388930, 776476785675160590, 891748058385998000, 661095998623625952, 524060636103630798, 365807704546438058, 378521149500612043, 613696864551712995, 152359767812648204, 33053625051501274, 275038988078487488, 27939386289305918, 469721337324520424, 130529439690066710, 356267483914926455, 883920332246710055, 805867709892754261, 739157150459961394, 398363755435899550, 382153287876907452, 378651165118755508, 57129942127205391, 259515485799076288, 84825731517408577, 873147729330772665, 210347847823335720, 12173661074853300, 366272707036895776, 346446569065007498, 472263656661925353, 671159107610135449, 465033373721043385, 29218297171169953, 939027118093753712, 244153783488301230, 339771372749871627, 668522713937198802, 194583681562943782, 340422919772404312, 408270834909329887, 904082623186428636] 
Weights: [88089259392097377, 723155204034955242, 231598405108649968, 655251396970451818, 357460921940953224, 379998657435870410, 617624296455449446, 478969317036302258, 738507288676825662, 793106280577081675, 582804371447205750, 731176593051803884, 674329809226335030, 509166562587228972, 470219368396814922, 337520903078848799, 711723227854519055, 671370923131240796, 518774022799616643, 748287861017524808, 386137868308809055, 487345680183181928, 337209182588470151, 547764794061812795, 73442184406558922, 638180615546707683, 455758232315693359, 725636948481367284, 319898803500149502, 581062345648447191, 765295587947961313, 383756343265235662, 762661060094521040, 694295838490000222, 554758163381049508, 737691494587593761, 393788289968787105, 503649946349613370, 358103586409052302, 258851749733384361, 687680770658335636, 505050962507897675, 518340280659317399, 672823863071050449, 411350110829747733, 615713813715827926, 672098561685267715, 681228286996615521, 427069353052790167, 564975834837820599, 305332856715449406, 749298505717091793, 509451232503701033, 715857813298366757, 509882635893944758, 714697063539733841, 384986013316659716, 697357398189962885, 517496079959035151, 737806574935568142] 
Capacity: 796325830124496384 
Capacity ratio [capacity/sum(weights)]: 0.025 
Maximum value for profits & weights: 1e+18 
--------------------------------------------------------------------------------------------------------------------------------------------
Number of qubits: 120 
Profits: [466227645139853494, 960560182110463052, 38717103837839847, 679496561114450794, 340097872841741183, 481466102443495517, 519509302635383470, 94843080498822344, 556556787642499753, 387321958151630351, 78478705928773596, 402795860245279097, 830143150795548388, 210959868669975397, 319701739969689838, 93927145731502086, 783945616295251487, 990863172281594958, 303475355258944184, 150284599008445609, 87933795196475003, 353994610448251311, 102115152600845088, 996737265163174329, 502930075116132418, 209748445925472999, 757477478854386756, 702369275081474868, 243683172668085594, 483392744228514798, 928874511246728304, 814477691018569048, 395220805247576022, 373191209742023848, 22547745419352147, 938697891737606008, 573397108969650640, 670878406665833256, 766911380841452234, 428472626323878044, 515176419664130585, 897140890042913854, 285636932293548731, 616215753625344249, 68941456353650501, 529700081739587171, 249897457154896115, 470417097370840692, 422171494143311792, 78865742598744541, 952913113769731110, 460584507722922283, 395300446937329756, 432938276259716223, 977927237372340342, 768536343669634753, 603161100269487753, 562265552094796371, 795606457008766127, 814959566253282146] 
Weights: [657275797545168232, 498019919697461942, 570843966895181696, 679367074273787480, 571579732263026957, 274236110213421729, 446516203843169601, 786154961703162149, 590014086647695379, 673223609968921119, 695240827079931176, 404102935823816630, 590226434408190395, 276124508506784606, 435733476350006825, 319808031622609882, 531026940822956037, 562821999872721118, 769340407783467451, 461470078418616396, 462354951965823764, 556131291285264945, 624356832964865095, 547092183937706901, 755424816569614753, 505934762207547345, 540021975958875351, 704532840291087924, 432192587013110053, 640376441853478365, 482626246578125814, 736033598137628015, 631143874651687878, 537077846189972067, 543644976371351502, 657818012300426848, 431151466770460476, 700699673935614139, 674875990581756555, 624938971772938340, 562562733607959770, 222266662802463818, 189390918844417588, 767953829920154177, 426086633640083654, 106643855921775157, 717818532605509510, 575719339041013212, 479168618715059613, 430054686543124496, 123363837682549602, 241680936408865406, 661544382526667305, 327057327791865759, 567032255806650966, 711939964269054494, 531061707583987242, 626874949629373468, 632411602415153815, 497358844664321753] 
Capacity: 787197133317464064 
Capacity ratio [capacity/sum(weights)]: 0.025 
Maximum value for profits & weights: 1e+18 
--------------------------------------------------------------------------------------------------------------------------------------------
Number of qubits: 120 
Profits: [609747512419217183, 198627096900510698, 428160900047548618, 180970303345280137, 898504533083127264, 685096141444827694, 997117934657396569, 509905442761607500, 388465165642799877, 662651772769691268, 243711309482385997, 153918119646562330, 736104122884849470, 902245506412941804, 975013624653270148, 126354521745048017, 235268214740716552, 947667826266921327, 706449779076351092, 740092271677888623, 810478816041232773, 592381898375869928, 780277132436823475, 516166810326503419, 449843931343843716, 14339663796806976, 669233810957497174, 746059168565563858, 717026500797236716, 347423890826090508, 842636777052022608, 555734299272879668, 322629853583966189, 351360397104049746, 992252285434326753, 664419988353411663, 402633426199370404, 175648252995571816, 930286635959733765, 204815870849802435, 787849542886582787, 638574147437361748, 209073845040421784, 697855348366129296, 28274845543716051, 7287942018780007, 805801258606163361, 841214380513441593, 724770314171537252, 829300272935863084, 874871082832980420, 34395325722152465, 954806354412331577, 345687965494057328, 978930866128602142, 405098494526315539, 568839591646596873, 675848103700131218, 606634811284081546, 231291308555781050] 
Weights: [251290030790990981, 448969781818582664, 574161002291007844, 431356984311777759, 532645364810293933, 641771951353471525, 416702227327214722, 353970790758501662, 410836342148389906, 492251779845203884, 590195171923801296, 427466720984882478, 309842280310229111, 437800740523375736, 440962928355293862, 319534450994860369, 479896124763002200, 197092364999904939, 550706765959404990, 452172560498340651, 420777686083785858, 382207669758817755, 610016760454377700, 494720812590483885, 200097536403522857, 650849138517813566, 429164496794001301, 672636629633767828, 636855047272455542, 664517545142050180, 420163541564912998, 433779513526457742, 381178798802832015, 175425551137597884, 470315845070445594, 178654514015722607, 180176152713408840, 360039397241044600, 416178513975827066, 427951959907544020, 580389708114338538, 580687715443492672, 347971067809928257, 434353433454371591, 575612279062872308, 528209949612763727, 267212273977858809, 597535982938741582, 665104066488585201, 672240964672499137, 498507517328779695, 400197133731530388, 483873209854758695, 379331852656014163, 546279596469293999, 632249903130406754, 644947658590608971, 166610424714143658, 666608836923006659, 483527439695171380] 
Capacity: 676044504554599552 
Capacity ratio [capacity/sum(weights)]: 0.025 
Maximum value for profits & weights: 1e+18 
--------------------------------------------------------------------------------------------------------------------------------------------
Number of qubits: 120 
Profits: [538445940120089920, 208241218501647172, 534938516212084406, 949887774404633233, 554997475820913621, 786522296704607206, 385849963453116330, 861978944589484006, 794114500443307926, 179865468002296439, 398003375527306971, 868768957884921406, 825517982754078401, 46399744628287760, 766395623017508150, 923628229071926915, 157685377083466598, 179716905312947832, 760098423609936697, 766966208991609202, 982207909139477578, 827149142925485882, 858039836467504288, 542946085273076677, 645695056221441526, 708827122623911809, 655936797953725716, 72395105988367437, 453085851343829738, 492793803789423897, 963783753693866104, 900321552495528769, 598627454610907326, 777525109026204732, 367415839213256441, 109200747626446132, 952053576197567635, 641894454399869835, 274998232782467581, 913050573966442194, 482500665705590995, 979901018251833701, 496557137736065836, 909558751282685437, 331985668193700068, 916164817098833179, 718819461396927088, 54306238169337542, 643435954793715475, 832944387899070735, 918842978948689622, 95689935186438110, 145252076489231849, 108390963767437475, 369616414572660771, 524179107949094653, 529388093777754889, 78361982917001572, 486559968189249702, 811251355210977389] 
Weights: [195862689298941671, 319265388093693591, 393196604390541204, 471744948306244395, 386676972129576725, 435936355847522171, 90027567785186731, 615839527012334472, 600055096888138849, 745977181957560584, 341937974579244437, 630213159844491874, 395722874744928815, 721882211388799348, 739093561750136037, 467937943737671366, 335785125351201541, 620273413210636346, 619334392448475548, 474114136123537453, 555285803388855635, 750938353701525668, 361695347584613949, 554669277864955466, 426224068519008078, 434647622070894210, 409318671855486082, 644774334505871628, 437707525258426707, 445133710157099335, 355307074278836251, 547729574122774564, 351297574742078450, 545362837269462727, 369222610883796262, 258375849711555632, 412293507838037891, 730291694449244100, 618360012849435321, 575242708499985396, 685925730598434220, 678211609430757606, 491604767247969733, 601073083953380191, 371457874269817229, 505812631682575306, 496252766533029083, 595840297281513558, 609729919907591350, 596282542304372877, 557670776170935646, 484193575093021841, 410264273898143255, 628535938016535495, 610415632388908745, 653307471499298856, 656707083898964828, 411502939509476108, 754519788544747811, 642055679957949172] 
Capacity: 754869442571681792 
Capacity ratio [capacity/sum(weights)]: 0.025 
Maximum value for profits & weights: 1e+18 
--------------------------------------------------------------------------------------------------------------------------------------------
Number of qubits: 120 
Profits: [237470347849361490, 714992146449692437, 581379795705678463, 839502516952878856, 559248235543960361, 376007917432821347, 574893780176674823, 826731619595919132, 140601793991380626, 783372071523612886, 842292599484095135, 241521146339253697, 565562364612515805, 122615509772437257, 237840867066637166, 421497111697259198, 255227917618671278, 497125438525652940, 547395844027124409, 890419552835253241, 846725816153316925, 945737398692781808, 467622087638305833, 470777245866882299, 758907612500665483, 837746578826421532, 627134290904281089, 640272500358899774, 556398783132559786, 510842824374905625, 568964104376310877, 647630002276664812, 23181848879258729, 502668290563369453, 706794564824267271, 849227474987649307, 913879853789453158, 740436661496388117, 181577394327976048, 137897866370227435, 49385163312335294, 177313434463352187, 182966664819899168, 510348863129666300, 189673438904415457, 755538041958054975, 113350436222483928, 760598225715640149, 608226411380075774, 479801997128073574, 905134521864232967, 4169981069694146, 972226177895538986, 573784810747154429, 609946460306585171, 152414000023557698, 745553716733640674, 835843998668195074, 173377582062324800, 207021764937845454] 
Weights: [577134737178716317, 505488377112681769, 598852347490540998, 580855096684849720, 249573973007932014, 603556506777187599, 712358354589484553, 614903334163016000, 534056986080157903, 474864986916984331, 304785686120939698, 293814772896029500, 430270601819241698, 459461695458647339, 726604941420036108, 331770506638418672, 237091802943269438, 612506128046560653, 431222522005379355, 604258275404112868, 467833643473760358, 543284774695525380, 492410552593333739, 135345314110978865, 427844715758814998, 624584305500525023, 578067401973281446, 216960816879057653, 514911898496035781, 125655824361694599, 470677380153813055, 543997276579507817, 150434959904490241, 706836858705048101, 628530749358395357, 535300075816895637, 495616329609696879, 349593293273069318, 568721643925623405, 709867214499053422, 571089113133755522, 636288394812675594, 728756031580429879, 693851508768116119, 586648255806377913, 608876938201174255, 501384845713448093, 599969990052946545, 605978487622918994, 494242784353562538, 515344066908145963, 650083683601735752, 343693670713213401, 254847108282863365, 534065251655231207, 335871425112256863, 297203560170583703, 510713411518221527, 570824835502671976, 676032973560988938] 
Capacity: 730343166684931456 
Capacity ratio [capacity/sum(weights)]: 0.025 
Maximum value for profits & weights: 1e+18 
--------------------------------------------------------------------------------------------------------------------------------------------
Number of qubits: 120 
Profits: [939475533456624738, 467541399310859350, 836682642936353823, 956440659823894069, 782994839580892561, 448342438008498830, 982739531111905467, 101320133341074571, 66213761143634116, 497116591443474760, 243675545691218375, 910912461371294215, 712240749641774050, 64034471662856917, 471037908790988980, 943628773186754902, 35564551908434695, 991523452052470402, 570084201830376967, 954543838027756064, 608806213833302816, 989572192769554502, 807846472732732278, 705388007629306933, 274486083773751415, 36968882163856300, 308357352433364787, 497423463298157505, 368854491722146331, 549559433905265733, 701000592508140172, 371640637299833632, 184281274001521050, 208561224378824540, 416853784497562024, 263537323367334458, 194037561907209626, 797147485856750440, 927148514699836293, 581469292313719556, 18373631959231329, 357409318409245040, 672530660479416488, 375155101455993401, 553412534868491474, 69937804940992651, 740832094130872919, 833301003808985184, 541677444409925256, 301600982114132266, 920077347813356623, 147505857369423858, 398668685659819922, 292381748263258911, 818711261475835390, 298134131637190636, 152775232886105648, 679001340828468480, 916514361501316290, 453290276631762872] 
Weights: [400236852877908315, 680872507154257992, 217313674742500913, 580413710430113101, 754331319474873090, 791716956673197680, 394013368480965430, 458074213969348665, 767688066141531767, 496881960616686755, 832914843020594953, 590474708584087201, 782493740294614762, 851918867525975895, 388941243235830462, 814141152720021718, 257717142223399986, 482798461823893115, 751325099468977078, 229200339556855077, 342442994848177058, 775826770998742559, 847854622360989732, 792645181005752599, 879433757561262198, 621019964052883903, 672545060397920754, 545250235190491784, 293998274315201080, 852356191137245880, 492342880506906492, 323893494937285629, 835353020302587740, 479140751633475091, 452073227385775301, 736727375912676561, 850233959640579758, 535124721789746524, 592149402600598204, 782944297579227737, 393225754368531416, 811197083638849658, 556977122036516348, 446367039184421159, 585114177656907725, 793592692078712776, 622456535626633868, 520485922883325862, 744972145919744360, 521331489981557357, 608617171753854314, 141987934099225441, 507514124976852045, 731128132164371850, 642292635010902901, 832495952987410739, 475169195082420554, 516050209738465384, 573743438902357321, 759515403164113952] 
Capacity: 881406052429474176 
Capacity ratio [capacity/sum(weights)]: 0.025 
Maximum value for profits & weights: 1e+18 
--------------------------------------------------------------------------------------------------------------------------------------------
Number of qubits: 120 
Profits: [699404387139573245, 11003931189878376, 109990532879555883, 719897813766782974, 263772482956853332, 481434969136348459, 976039891307847545, 368050685280022845, 32515137876001006, 21279480739698373, 407972903236358352, 643673268242971921, 42460196305841434, 658379326168082676, 265400026714236984, 608140752857249741, 118556254612397585, 597656396688964845, 784874830248715630, 197680189021605048, 472979077106456118, 794381057234427898, 176431698641607369, 112267103863896839, 220401336103220431, 668211910376981390, 269783534152013571, 175455865858843050, 850051047647699293, 546723337396076369, 4429520662491693, 143945182394775563, 469094438500483872, 6965830605144722, 761485118555873784, 87144355245325476, 773401461052052554, 121467617037281741, 893749227530534598, 681132951589724616, 369063024647694264, 291066788567793957, 661466152414954363, 358226752789267045, 350448988550855892, 332788542386100968, 740017428082416862, 876683346584533184, 710530616807084010, 439926673563571322, 776638083965454290, 248381339075564321, 156017713917003795, 271971228969465470, 290250877393190417, 784352518600431874, 641109828568706621, 817300142985556004, 451976198732182601, 279709589305295680] 
Weights: [682742424588519758, 812916213694640008, 108826874370721131, 515832371794285844, 679549678414679837, 254015621952916205, 287838989402057026, 770650820401301228, 785939946264627944, 595856722415684555, 534625147675901399, 794844924269990180, 756948142662595528, 279880010795981873, 402054099654663953, 760321755249308444, 821476825716376714, 385983779341025576, 581884867083777924, 318009792942198520, 103548716633927153, 794909466760741217, 518629466080286193, 543579918960105140, 382648867055689429, 554654783602691846, 715272186034556096, 294526057932208240, 323346705934543215, 434487812708865154, 553317221174896248, 409695715260181894, 351311057481318024, 331116018523146592, 596284720644079031, 783549179012892156, 467055671323869503, 531440031690748419, 789642502052064722, 746094679588049866, 732157809964778415, 747746203007338686, 733432405828991400, 686843871203618154, 611983443007923988, 347466078777951565, 749251361190332938, 306542641428392551, 631711585755245945, 758736998205166471, 501210692472290715, 781808057146474076, 640221073242391531, 396290221355319094, 143654301778068042, 658472691210687344, 690096180125166645, 787024792645128106, 703387198145534285, 585111111435230520] 
Capacity: 824123191178546688 
Capacity ratio [capacity/sum(weights)]: 0.025 
Maximum value for profits & weights: 1e+18 
--------------------------------------------------------------------------------------------------------------------------------------------
Number of qubits: 120 
Profits: [629018693803257061, 607532689325938504, 548546223518702938, 221256894383697710, 647838720651158440, 630931798118332395, 6662247172782328, 436502785369128485, 175330584395957594, 123609035950286252, 711144255375048878, 452649236849553562, 513399012765208533, 367066049830754718, 726284736722859482, 227817176011113233, 18110229972082351, 706594945151634108, 295082221830997853, 174957763569865653, 421374301009885288, 476284837327700800, 259871508314667526, 347497303228224765, 367420593616023761, 244087661360734771, 45933656008723297, 798483769558141056, 372882369946614951, 919669938499852356, 138741771684460098, 775751938347383859, 773522414772820348, 536987077427679802, 323389776236315287, 295116107196564383, 626180755821440404, 668555463176147973, 1176415480352868, 134079433553784628, 626522149958884556, 325937436359936159, 340564544287601488, 730280052165000412, 873780779666830432, 766587475694121493, 940694286522101551, 308079976910060984, 745424742605032810, 953312929868074068, 410716622669955861, 217511151569532725, 353378571236535360, 498430126101884411, 486269765100320138, 373705849119807658, 216251121672661581, 288122927642433087, 480541896059328890, 59251357467430137] 
Weights: [711432395093712268, 380827282787425960, 308039678357310114, 666765079647592397, 590086785324988243, 311496603666165449, 562340148824722497, 447975633719285172, 540695204582248046, 286293912880599450, 651692657201936270, 643797812444953871, 252275388894678782, 238113099025945123, 562066670397460241, 535146206638233593, 254141476247780191, 475330942290774923, 646955447120951779, 503614634440501055, 656650673849057003, 326282530425957510, 434212996426684996, 165012137924852628, 508359158478910542, 565748145999761677, 707065985171302494, 532750563526347299, 457824572531660236, 201088033610420425, 648879846688230558, 452280610548820221, 661263890444736353, 422001880518609025, 257693888887456033, 141017938084031425, 662438549706891205, 594189752698118256, 504661415379474346, 561611779893147976, 523926443551014529, 721250418883354232, 566821263131987972, 291550811727974644, 626168288156865456, 556951265152157294, 523747550037434120, 559421038707621921, 371325585185041692, 582800210540399997, 626311803899681710, 537948819279676704, 614418798054473287, 326794338548939652, 440961216358775051, 716116356978754868, 509159057046845074, 577951377819535519, 252740483553052042, 705919650501625345] 
Capacity: 724044969486747392 
Capacity ratio [capacity/sum(weights)]: 0.025 
Maximum value for profits & weights: 1e+18 
