Number of qubits: 60 
Profits: [690670297, 245543325, 306615800, 981657972, 973569129, 341828954, 455488282, 972771384, 216952403, 311708182, 935421991, 235609555, 270131874, 660233995, 446904217, 502283282, 70310815, 89839457, 360703118, 834845793, 263183589, 130737509, 99606417, 382329897, 410886632, 475702488, 367950156, 796253277, 210069499, 108418114] 
Weights: [760237879, 282211351, 262812110, 410340588, 925187468, 459728113, 575234865, 256964657, 808219437, 490340999, 993573820, 661966573, 613956287, 988222412, 213886314, 922139773, 470062895, 422044354, 306196670, 584924381, 124754018, 895443059, 371531149, 974769895, 199685009, 904131717, 860104649, 481058933, 323414315, 597441502] 
Capacity: 995248688 
Capacity ratio [capacity/sum(weights)]: 0.06 
Maximum value for profits & weights: 1000000000.0 
--------------------------------------------------------------------------------
Number of qubits: 61 
Profits: [850477159, 628118731, 518611711, 231700965, 179714309, 881484694, 981727992, 613927440, 87990422, 460823850, 493808174, 685422010, 595578132, 291549493, 115255539, 593895822, 358646154, 627989770, 404254858, 879496313, 540013313, 194323652, 374781408, 207748265, 287323527, 417150, 343284461, 108918493, 701082520, 989756305] 
Weights: [405853046, 959495621, 232339888, 373405336, 780427134, 268853826, 976709690, 267837786, 939792449, 749241378, 925771689, 838843997, 258746370, 778865152, 991666734, 714889403, 331194413, 924265942, 710447849, 965194549, 205386305, 965302244, 233135536, 853494202, 688292297, 165937104, 145040843, 855071535, 944486588, 903758051] 
Capacity: 1108748543 
Capacity ratio [capacity/sum(weights)]: 0.06 
Maximum value for profits & weights: 1000000000.0 
--------------------------------------------------------------------------------
Number of qubits: 60 
Profits: [385905204, 861488428, 39012595, 734721457, 839423281, 819406879, 389229273, 126669769, 667273213, 647208104, 768310858, 447714992, 867668802, 961204486, 192762197, 473297607, 729045669, 272419722, 284191035, 936729667, 110858713, 393640794, 539208762, 86692725, 396184561, 348595096, 303299979, 856148783, 332498965, 726085771] 
Weights: [188307360, 748823285, 568683229, 471323508, 653961691, 726866104, 604511505, 728513553, 909326525, 498924591, 830498891, 753854001, 307269764, 349407986, 860484754, 570658043, 132003402, 612967972, 217234325, 209294923, 359147451, 721322311, 624463118, 679566298, 66865871, 110214351, 810975308, 499544616, 326197122, 104551135] 
Capacity: 910865872 
Capacity ratio [capacity/sum(weights)]: 0.06 
Maximum value for profits & weights: 1000000000.0 
--------------------------------------------------------------------------------
Number of qubits: 60 
Profits: [962592333, 514563867, 343294924, 813430766, 873592473, 77262855, 381629745, 118623511, 876907353, 467769210, 554306980, 542838971, 736162564, 712157723, 120577036, 879390297, 137788854, 572213679, 104259471, 872910292, 844928976, 193669775, 906636013, 2087095, 471905461, 240780145, 522147265, 757867692, 663120574, 574026976] 
Weights: [501731728, 320065650, 261284924, 257360092, 474673773, 473079828, 377147023, 291999645, 377100842, 346005457, 211299676, 301098950, 325205662, 414461811, 469565275, 513526756, 465425795, 175464841, 273053407, 181189562, 167256579, 340117397, 452565748, 271505970, 310998609, 537984878, 612289599, 369009185, 306810110, 460501331] 
Capacity: 623017921 
Capacity ratio [capacity/sum(weights)]: 0.06 
Maximum value for profits & weights: 1000000000.0 
--------------------------------------------------------------------------------
Number of qubits: 60 
Profits: [37620177, 865042356, 138388768, 977536334, 934813177, 852261555, 364799541, 122521643, 631757704, 281728995, 680903869, 714125661, 133628464, 15827390, 606392847, 458043124, 800511944, 538308632, 996501513, 424168741, 99885196, 344377919, 448540382, 449635045, 231905685, 525446342, 699764283, 576104069, 400937565, 925523907] 
Weights: [732844489, 528454791, 827567683, 178607409, 489399686, 64428188, 330536476, 815025866, 481025205, 432606328, 727905598, 629107179, 344155773, 287053851, 736832053, 424176459, 122104640, 731642464, 367874493, 340039076, 643909174, 884233030, 437168353, 829285334, 206098276, 317381375, 772404861, 832745876, 382867083, 292645174] 
Capacity: 894139221 
Capacity ratio [capacity/sum(weights)]: 0.06 
Maximum value for profits & weights: 1000000000.0 
--------------------------------------------------------------------------------
Number of qubits: 60 
Profits: [925717789, 131981710, 654213075, 391862945, 850297232, 745777066, 116475241, 65654036, 532606572, 940521830, 726274477, 849607636, 807306487, 353238869, 537940281, 291826035, 4657151, 699553268, 500710668, 377224713, 583411991, 163838764, 920103576, 857021697, 83286539, 471233968, 56661365, 38925177, 696917604, 296264806] 
Weights: [705423456, 459376999, 818795121, 412781227, 283846613, 690995603, 407069930, 704385880, 619048283, 853084672, 574930927, 616366979, 398582448, 677124112, 981942170, 973740109, 454110335, 568191229, 253902381, 230774125, 353663147, 564937391, 682318315, 466040472, 600485916, 283555232, 939012944, 580051102, 292984466, 437299033] 
Capacity: 987489570 
Capacity ratio [capacity/sum(weights)]: 0.06 
Maximum value for profits & weights: 1000000000.0 
--------------------------------------------------------------------------------
Number of qubits: 60 
Profits: [171305975, 896133549, 60417818, 164320512, 196240415, 243170034, 86041647, 160713023, 576716094, 809657292, 124221187, 435973813, 526611207, 434857224, 757139295, 389729461, 326212134, 67316212, 174461177, 10012846, 488364203, 914755035, 608647282, 356735671, 582382883, 582024221, 128989481, 977137549, 908233926, 957337991] 
Weights: [584571155, 537622272, 261712069, 227144746, 410046541, 376703817, 235822235, 279209356, 236798927, 305820512, 584259284, 348698600, 295391700, 332470304, 553125115, 298147075, 205027267, 320207106, 653171047, 466202017, 360371653, 618613600, 625416231, 371136531, 320099391, 250575547, 383784382, 560608019, 230337472, 267491985] 
Capacity: 674385077 
Capacity ratio [capacity/sum(weights)]: 0.06 
Maximum value for profits & weights: 1000000000.0 
--------------------------------------------------------------------------------
Number of qubits: 60 
Profits: [236986997, 90470480, 279182228, 821699494, 235553284, 445545476, 184488046, 966146372, 781700538, 785850788, 208105320, 138479355, 992746504, 468347766, 738059044, 262996102, 854508367, 77323548, 518875390, 622639672, 541281148, 706530200, 308172308, 827384340, 924329149, 124404265, 438454443, 785967629, 995819593, 300260685] 
Weights: [557662384, 917315467, 129531713, 373282809, 844669846, 888982835, 698852098, 212385536, 759012972, 133235893, 721119699, 151197628, 697983641, 750634702, 560406507, 763541174, 951817507, 337124759, 876374609, 120505699, 586302999, 472701592, 118096312, 754961606, 519224344, 205352583, 601209780, 602215319, 768103475, 545141022] 
Capacity: 965146026 
Capacity ratio [capacity/sum(weights)]: 0.06 
Maximum value for profits & weights: 1000000000.0 
--------------------------------------------------------------------------------
Number of qubits: 60 
Profits: [930195358, 485407056, 626728360, 400907580, 893635765, 600878689, 940804617, 607340149, 369710339, 374793288, 254970284, 623560915, 956562462, 689457936, 395755688, 561788890, 414561377, 425908736, 851038680, 854715351, 258196578, 566363000, 974329681, 646412728, 703081217, 167280193, 62448628, 612099600, 401155194, 700993440] 
Weights: [231563375, 869975580, 609175969, 226120321, 748209119, 302897031, 572041927, 658722547, 425861294, 838318409, 628648033, 333007480, 828384120, 376964529, 676697005, 370175529, 441895299, 282399020, 274845815, 539922246, 552480951, 697420983, 633349349, 697344920, 186074779, 209156826, 222735690, 371260655, 737589673, 530445462] 
Capacity: 873305794 
Capacity ratio [capacity/sum(weights)]: 0.06 
Maximum value for profits & weights: 1000000000.0 
--------------------------------------------------------------------------------
Number of qubits: 60 
Profits: [697780086, 779472207, 631100482, 316259008, 280107922, 930580708, 517146940, 837581464, 850038611, 798811686, 447277621, 488433908, 774519947, 739241896, 70155160, 40981280, 980815968, 771861978, 733362633, 777726395, 196314768, 35229076, 917139896, 170533350, 806127753, 437001346, 619647492, 98447218, 881806370, 155388459] 
Weights: [352552667, 245904120, 630671886, 621154183, 665435651, 453725166, 318091203, 259537668, 728930697, 631595566, 421005968, 503949203, 184841420, 704232752, 331390028, 223604295, 311902660, 664071964, 295290110, 517504045, 436015609, 397149906, 310221530, 321389025, 453338554, 261832315, 312480670, 665418650, 256957155, 539311913] 
Capacity: 749133144 
Capacity ratio [capacity/sum(weights)]: 0.06 
Maximum value for profits & weights: 1000000000.0 
