Number of qubits: 77 
Profits: [58306471692, 66216292739, 12074881665, 23824853045, 55521735036, 25415184728, 69185266975, 82302600143, 94793405303, 62302513396, 65362612517, 53326807849, 40506133804, 14289828263, 31004936271, 33339864029, 32836644802, 9532691165, 20743929473, 33647889390, 50290937940, 32350945998, 58460300756, 24676062538, 88706143172, 46282363335, 7785071353, 9719951462, 94993550583, 43491862877, 53872553588, 6664032625, 81227050972, 97516434208, 37587127857, 19674749861, 71320790504, 8544275851, 51857486653, 65117341317] 
Weights: [28627213495, 69573675110, 65311820936, 31682862521, 17389402001, 61639844027, 64394862396, 79465636191, 89548866174, 70828169389, 19008322443, 73542476613, 69801309132, 15303280046, 86407009301, 38976524432, 54779373854, 9156532520, 54028503799, 62003294828, 86018871480, 37962672102, 60796622860, 84766397813, 56887468853, 45608066555, 78458906434, 82361456548, 65097664439, 73357516586, 36625241616, 66832818716, 87814947813, 79345796757, 45309977180, 68487255658, 53849141344, 58734187958, 15327599809, 85309762839] 
Capacity: 89854036790 
Capacity ratio [capacity/sum(weights)]: 0.04 
Maximum value for profits & weights: 100000000000.0 
----------------------------------------------------------------------------------------------------
Number of qubits: 77 
Profits: [11510730827, 34998289613, 82603715515, 27071745134, 93783330566, 44722923611, 44950264139, 87072136474, 20516319813, 29329370615, 91173473395, 50060467548, 74509127673, 73248161310, 22309223596, 15366474563, 62650731312, 54493326537, 53737332001, 4258921847, 65091064632, 30203078177, 5121091142, 71028063842, 64749298875, 19860270797, 7855513864, 28717929684, 20374816475, 67701468551, 43868359273, 66100136510, 52053862226, 25718552174, 16881010311, 45247312694, 7585865152, 32972733464, 31256024299, 67353687443] 
Weights: [28210560210, 44685409008, 55243771664, 50896783457, 59036867880, 45312509747, 54989548763, 30031993155, 66244417539, 46565604710, 59103820813, 60191334505, 63074212188, 30139910709, 29879086111, 33462730329, 16862041679, 46248730362, 40201305590, 52452176384, 40011528246, 26143663579, 40411808336, 56317644767, 54523801844, 35201026590, 27561047727, 41209317557, 59852813747, 65947555540, 53182221894, 33560189921, 27101144996, 68781899612, 45515867807, 21985454402, 53564847712, 68958305937, 58974733191, 33692874305] 
Capacity: 71720726038 
Capacity ratio [capacity/sum(weights)]: 0.04 
Maximum value for profits & weights: 100000000000.0 
----------------------------------------------------------------------------------------------------
Number of qubits: 77 
Profits: [11523309580, 81056500262, 32289180195, 67793679824, 73505303418, 68346768377, 81663821600, 81561061085, 25555119217, 84531699422, 12566586850, 56774781567, 24334273326, 10451381851, 57306644762, 92965101378, 23273772092, 44714639942, 16435067168, 46579659582, 91596700403, 61252660710, 54174419367, 19856434521, 71508527988, 96293775509, 37935682722, 35797947213, 86206751991, 10188186162, 94316076869, 11198519241, 23209561810, 90345240987, 73461529518, 12430630021, 93248647965, 10545656686, 1173850338, 34284510787] 
Weights: [40898907193, 49384444023, 40367719707, 19618866130, 67262436239, 58916049310, 83822947571, 58002426937, 58456770168, 90117327312, 39073570753, 73787220934, 54471783798, 78367131336, 34422728834, 51101992543, 83010188095, 77895133581, 91119108234, 78623345609, 66857824602, 64008260021, 24980639929, 56305133554, 72239396361, 92458423027, 22049974163, 81655492030, 26573080019, 38870619867, 84460528026, 72650835490, 89756939201, 46181258155, 44967288387, 46143253329, 58694656094, 19883177418, 74171654411, 50998448949] 
Capacity: 92587980835 
Capacity ratio [capacity/sum(weights)]: 0.04 
Maximum value for profits & weights: 100000000000.0 
----------------------------------------------------------------------------------------------------
Number of qubits: 77 
Profits: [67185758228, 47560095719, 88132767213, 50083484217, 74307061470, 78111892883, 42521637222, 65078069082, 21291754209, 21307591472, 63801288621, 49191266958, 96966979713, 78715102688, 71490866034, 93774951886, 78473196953, 75873156667, 9533744934, 21846711626, 68646399640, 11407502584, 72950529755, 84544777476, 60293151139, 32772609265, 29627999418, 12697640577, 5244900187, 31620268839, 16592545863, 92275461821, 94751666144, 89658468098, 15729028311, 32278579821, 97302313959, 76708747718, 27078691376, 80596735534] 
Weights: [75818717028, 90284633205, 80540712705, 67420733189, 75718100964, 50136083964, 74374128200, 44429668069, 35547930981, 47903291501, 63968809677, 81155569665, 72567837780, 33903323377, 62095415768, 82401399226, 82182362814, 33304800259, 27910785445, 55550474176, 43830763110, 33816988048, 41047791055, 21116132373, 72090386939, 52667170647, 59753914586, 81285056950, 36634008563, 84830183624, 33895819291, 30873259490, 72415170883, 59494669816, 57816666279, 73505254071, 86085975947, 80244758117, 36367583344, 55754622107] 
Capacity: 91824015586 
Capacity ratio [capacity/sum(weights)]: 0.04 
Maximum value for profits & weights: 100000000000.0 
----------------------------------------------------------------------------------------------------
Number of qubits: 77 
Profits: [20713335464, 75583207277, 45394609580, 25303471601, 88218873776, 56134344638, 79357665231, 78278647329, 28269791599, 92270299513, 98287121764, 91310435575, 34173049140, 44074605691, 61250097266, 73236810634, 48059514043, 33058187328, 78489166948, 16004127467, 31297680546, 26131630332, 66018271142, 44833901845, 16600076796, 95372097290, 10928901303, 37469464556, 86320032689, 32577145936, 80502335621, 21526711606, 18658282398, 59098181637, 65026763814, 4744136345, 38666058139, 6373724586, 50853052028, 58255914266] 
Weights: [69415264955, 69725478957, 49299674928, 41587717288, 33015869739, 73101233840, 56509886815, 73424083266, 29383364286, 59633071106, 42324055935, 64013630448, 38140948790, 40394224762, 30700912557, 68989458997, 73767673660, 66375761332, 45212070856, 59943391820, 20898255433, 29358493533, 30595147683, 36605243272, 38744099025, 58708360958, 62989124786, 50306501906, 65901690968, 49271527891, 70045740900, 50630747410, 64995539001, 39257992830, 78222037380, 17355177061, 16178589814, 44707372341, 47191646323, 29078817509] 
Capacity: 78310131836 
Capacity ratio [capacity/sum(weights)]: 0.04 
Maximum value for profits & weights: 100000000000.0 
----------------------------------------------------------------------------------------------------
Number of qubits: 77 
Profits: [72676269564, 82216129413, 96372735662, 64312796863, 38971626817, 87527682639, 94094792361, 37218819847, 90436687270, 37416645357, 50444433660, 54118241985, 26999429365, 49199425714, 79017805446, 52420718169, 61291812437, 90755095131, 51580302321, 92982352023, 91379744243, 97430089162, 89545944185, 70055853058, 51361750425, 5933309460, 30576250378, 51214472304, 23363665641, 9145785854, 74126158998, 2596706160, 90561939695, 54705070096, 99269205677, 71621176501, 29832646050, 5357463892, 91086961985, 58467624879] 
Weights: [54273846508, 40638981259, 39144536046, 38929947302, 41218249727, 59173908308, 48599144486, 67175299871, 28040521097, 51517518099, 51600617237, 23350197773, 41130669257, 50674967653, 53170240340, 63196636293, 48818576604, 18976052078, 60772392661, 17402380761, 55412164274, 48750422836, 39796365281, 47834644500, 54366921788, 65197017488, 66785503971, 33191965564, 55904374445, 49003140586, 35622125099, 45100417974, 23468725110, 41295537871, 42956429264, 43191489944, 60469779956, 50743299625, 17320530522, 39674917627] 
Capacity: 71019239100 
Capacity ratio [capacity/sum(weights)]: 0.04 
Maximum value for profits & weights: 100000000000.0 
----------------------------------------------------------------------------------------------------
Number of qubits: 77 
Profits: [53686263732, 44401124718, 77346035229, 8588751374, 15229156581, 59770642717, 20909606478, 1920497065, 48731303427, 67849904569, 47108007149, 45299259207, 92651388921, 71923500989, 46933667863, 21917988202, 27255703197, 82312720395, 58993901308, 36554192165, 65319929115, 89879582235, 47716282911, 67827919408, 25587889918, 81707415298, 82891662701, 38990821670, 82358101181, 88184867576, 91334103083, 53776492247, 40393405653, 93154562390, 11800585532, 65221566890, 96724378764, 64592014644, 17440983880, 38655413099] 
Weights: [24880825134, 35586247455, 88938256116, 44896465759, 37064893922, 75411451697, 31732096510, 94486911273, 76758939534, 60083671953, 43372574487, 27207780478, 47602010410, 70818963190, 62519136800, 62867338138, 66700011437, 84834478393, 64636834140, 44534831762, 93233345291, 85061541165, 33064745049, 71838038948, 75623942073, 83400697504, 34696896362, 81762501055, 50397626713, 68433026027, 70790369035, 87096874531, 53345878737, 90360347475, 49182211629, 34338412021, 15372118671, 68327519182, 73603391599, 52066449668] 
Capacity: 94602370914 
Capacity ratio [capacity/sum(weights)]: 0.04 
Maximum value for profits & weights: 100000000000.0 
----------------------------------------------------------------------------------------------------
Number of qubits: 77 
Profits: [40493750485, 24467018032, 80177446696, 20754182158, 69387764859, 9500165360, 36306307528, 22679970870, 88720627356, 8533754452, 30535020932, 38734571427, 72263140683, 97129065355, 44105479505, 54358451161, 12598829973, 70117262895, 26162833765, 68553130298, 53976820672, 56186842505, 50195665780, 42279715196, 19936927955, 10166763299, 33610848537, 39844218108, 1744448916, 75674984033, 8772712668, 10864139811, 83988592565, 25034031508, 16145011009, 28546619869, 88552671188, 96692832227, 67804533879, 61366929755] 
Weights: [53491679582, 44285734406, 52087569885, 33662339342, 59835140681, 41289205321, 22043498461, 67125599714, 18216909633, 70380065204, 60308526915, 70970662154, 46593062565, 76884791955, 56776543862, 62408205261, 55201698082, 47756094255, 69615847157, 8482561241, 50005677555, 72015711519, 54331691688, 47826397102, 54477894183, 45875653824, 64086847282, 42323330107, 10728765884, 78351212208, 33064182717, 45462655041, 36414920758, 32491471609, 54885273844, 57880273170, 44651907841, 77458084677, 66477054222, 58176930372] 
Capacity: 79477555430 
Capacity ratio [capacity/sum(weights)]: 0.04 
Maximum value for profits & weights: 100000000000.0 
----------------------------------------------------------------------------------------------------
Number of qubits: 77 
Profits: [92239791644, 89094583272, 26001380080, 45070144538, 62410521548, 75173431604, 58639488087, 95836789231, 15891688213, 86404404467, 96749104450, 45115528973, 3982381002, 82460110143, 26543199068, 8691725763, 75049396368, 33750853410, 89619559469, 21307588710, 86362021300, 59878425930, 91135769729, 92530652791, 23035421810, 92597906735, 44987261214, 37489707480, 71176410027, 57338668571, 97944030759, 76190022442, 93556590405, 28134625606, 64804217890, 43642015681, 68158828665, 81280232234, 98032216990, 17620938957] 
Weights: [23482813806, 65347356165, 56096561545, 18992790091, 38243965662, 53938063324, 65329053565, 34155236700, 46790455455, 52393167560, 40274620847, 39819593051, 27176394593, 63529640435, 47731679527, 34359146722, 65173486906, 22663706387, 47053189698, 20999492802, 62496010138, 54918036565, 45505449504, 30082476829, 42091297846, 36901125844, 57360003653, 60825224844, 55782730875, 68197765694, 36579129307, 52642329602, 70225987760, 41274482038, 28959810236, 21572626143, 58867547842, 66912002121, 34624622311, 39372196589] 
Capacity: 71590840357 
Capacity ratio [capacity/sum(weights)]: 0.04 
Maximum value for profits & weights: 100000000000.0 
----------------------------------------------------------------------------------------------------
Number of qubits: 77 
Profits: [80680337348, 27648726075, 70445260715, 24184461082, 73327218583, 51467234629, 20132998648, 33659427834, 85755852336, 1657651130, 92136011123, 38102734427, 92619120044, 99852745724, 14361195043, 12269662783, 72450008728, 59419355167, 37223597393, 4893678801, 30433748205, 893383920, 26921556890, 63675503150, 73658694164, 60956160416, 92251805214, 68449227004, 955274707, 50954291305, 45674010621, 90783979228, 90542336071, 22807087495, 74882769128, 89023368578, 39235416903, 30095002449, 75580968331, 71842441014] 
Weights: [42871552343, 42738149745, 37968825621, 52741635321, 54404596566, 55124026935, 51645850591, 69216451769, 31386132036, 56239194650, 63127201462, 36034244115, 16062109236, 52484455381, 19620593995, 44031453243, 46832487725, 41259443315, 58603871415, 59916678302, 66671134920, 68409714806, 48766576961, 58036532104, 46985357070, 22691232246, 18633484708, 61536325539, 23938991216, 49855455613, 44991639303, 14257089480, 61764959486, 49991776525, 35280295205, 39394449790, 43424636480, 41325565933, 28285448749, 22447522660] 
Capacity: 70357092727 
Capacity ratio [capacity/sum(weights)]: 0.04 
Maximum value for profits & weights: 100000000000.0 
