Number of qubits: 100 
Profits: [969446541923037, 957074150281989, 238281922266848, 87461421016692, 675831956886927, 861273868982008, 988097835230216, 666551434294321, 803591633725899, 257459822200974, 322580504393049, 897300397456653, 827166986648037, 47423561872933, 956076171042842, 23007879197756, 355807602415641, 255022759141356, 505823117001058, 212755706177024, 598181256778530, 34827890268839, 866208193463562, 6321713809517, 171492252254867, 832104761704765, 666593951507394, 739518293762487, 514686005752888, 536583227962668, 295962884062972, 845561726682482, 92904991843569, 891354437059451, 457301773211597, 733795534837401, 224981820308029, 901915822379171, 448851310372643, 163631595944817, 25947995301022, 549894515573323, 927114337653964, 36032082036238, 858646054738869, 938553417960633, 544133212298184, 441612700503804, 972004977266334, 906698398615089] 
Weights: [543241970607002, 388152914138224, 557520164147245, 540120955460448, 416848508763375, 781075599596363, 446179395749244, 743820014059797, 653339856856691, 335631624752520, 454141384461793, 478752187745210, 304934793715959, 717026466129073, 777535114929234, 811089816818012, 479793965255494, 736724740887080, 787028259169031, 593754779364435, 410809395561414, 331115037244053, 533012089406782, 871115885313822, 519605089426660, 673423592887157, 876484240079223, 349021206252643, 508502928314727, 371726731135460, 868085029052696, 864387058768688, 859395119480942, 570319484038226, 851911982537108, 762938016504925, 572063362005188, 370356762834782, 386767137437157, 259783671291046, 713347774864506, 654719309966937, 632497030240782, 715261585594332, 318714414360100, 299522115275259, 852404725750342, 221509809770037, 530443078864475, 428361996683340] 
Capacity: 919997522547712 
Capacity ratio [capacity/sum(weights)]: 0.0325 
Maximum value for profits & weights: 1000000000000000.0 
------------------------------------------------------------------------------------------------------------------------
Number of qubits: 100 
Profits: [986474576057896, 137089202326544, 151682795282310, 106654513786282, 866258315768996, 767331500146130, 804416440608185, 196908673597674, 977005090644741, 379045792802562, 223134438904089, 148401136484351, 93204982801318, 879089516626272, 449392783985965, 530357891093404, 428317577644390, 742671548780418, 309345659640073, 238504870615694, 656215811505174, 899503103716344, 422517569734582, 54547155216452, 832832146614560, 325298316523154, 256081399789028, 721104071578737, 634518231441161, 86971804292632, 480129493792307, 932844293367635, 113589828415807, 939517427113718, 322835441770661, 598424595675750, 464475816690021, 827045628987429, 463049001745380, 982817497828829, 191186753161804, 994766150425111, 854968701799654, 655221093906291, 658484611298517, 159026578398031, 590255846677303, 103788561348381, 806044144786352, 739759675010912] 
Weights: [834562485040792, 383238693798700, 655013072606139, 264232657670332, 380086387864687, 687502314813810, 627580013182773, 636083584314532, 523689997673075, 665301247300869, 508633861390414, 672502027844277, 619027268606938, 765972994465007, 641772106507365, 198561050360586, 448047672496755, 284328926957673, 484226930525278, 621670696262143, 385324576103904, 796069877047454, 532391218938474, 644264849123200, 656551459589658, 805867050010904, 540096040211474, 322290761401746, 724633603329439, 404621855456330, 241309295810106, 569921244613693, 110197179521559, 248276822331679, 366064813046102, 154655286638855, 597568059388089, 780592874146033, 303405196622671, 564703325689285, 787960964476295, 711127901023808, 515207412565729, 411099998452551, 340396091738940, 435880598066741, 515871730275187, 818409984475569, 514800187708692, 808244877572515] 
Capacity: 835435705554333 
Capacity ratio [capacity/sum(weights)]: 0.0325 
Maximum value for profits & weights: 1000000000000000.0 
------------------------------------------------------------------------------------------------------------------------
Number of qubits: 100 
Profits: [15452829635857, 985887871849111, 216649003690308, 293341419794279, 610457946639592, 754401080667905, 210006957933723, 557955874440021, 615740941927762, 830046736248813, 142777672101114, 384687967251799, 380131305346827, 336810528182669, 424338078284841, 713986387273717, 779185975354146, 489232759717994, 130179560756472, 500175070106187, 122840950479017, 759274237909545, 162348353644831, 119237714996586, 566618610981763, 302783774506251, 195212058284489, 708286486612400, 443517066773758, 828272330957283, 827632645065749, 871308380937419, 630971330378703, 134214372112351, 571810296729508, 139091354623526, 507658813329603, 147943895002195, 966230238049565, 458089797718976, 844191007735374, 979589937065564, 646829644723289, 226997458614669, 327045269943784, 30262610355609, 366529820469214, 777018608328027, 943331398404932, 851290669522460] 
Weights: [211583472401169, 441651487580604, 321206566217768, 499258431514967, 132908298218529, 251299380331009, 515364836685909, 311711080621721, 656149307007458, 509366557616627, 654969179737486, 415271113532629, 369809797882606, 238127460866078, 485249968689370, 378704746664685, 637146050498261, 315899045714146, 573866196901965, 177919389236113, 171226105047951, 606330423299767, 622334663790395, 278469808584430, 385526287918102, 392152003484573, 180869182654519, 316518987337202, 360997623338912, 309137562756041, 520493194032030, 541702570761744, 541883999269095, 665391700754990, 602107007244396, 583122694425037, 389113867175508, 471142653833404, 233660752262506, 554145377315666, 646149411601087, 596178565631795, 513003186804907, 285854508401002, 305577455724978, 139148731942715, 408886497336724, 615967721866620, 216065404230678, 370461363979011] 
Capacity: 668011038354501 
Capacity ratio [capacity/sum(weights)]: 0.0325 
Maximum value for profits & weights: 1000000000000000.0 
------------------------------------------------------------------------------------------------------------------------
Number of qubits: 100 
Profits: [688421483966613, 843657199443604, 238198651113706, 540679610899199, 801791226488502, 155902701145688, 541382666187860, 463449163059869, 235076813645281, 932325042823574, 280788596718892, 713967705429117, 919838611421597, 627273386341813, 747914443915580, 828550072853000, 985982048507961, 753480748721060, 120862845523932, 854595237193498, 764694290499036, 597689560641385, 43518750721189, 571191642451058, 79421898343006, 208350587604047, 871017404387922, 503483612107980, 788161325350024, 845595378465747, 429276961175820, 155856453240064, 753208462243391, 333975593099251, 454566792678670, 41074151482449, 918092706256344, 665038168793798, 665991629883386, 507433986564865, 816681994857295, 705187879768663, 750936282870845, 179935419033488, 818419866293102, 867338506653130, 260017860636910, 925096443259387, 710214667101834, 68096635015518] 
Weights: [330011398967457, 630546976379440, 672060633060166, 632037422680577, 591894303100515, 663376584009994, 106504078997731, 639605935326793, 348625592997937, 519350030594824, 342642954816375, 328653921889169, 431467189543847, 239886713537774, 514044845177942, 392934354530065, 326010473769705, 440728322584659, 407629635641225, 456472123662571, 228949643147829, 558921442690469, 761125909115389, 738320570650836, 428989218840875, 462275532015975, 643129449663382, 462041309668218, 264876166561490, 422690733629811, 429581543909910, 590919316489691, 646485534481098, 495423596525050, 640593192584940, 761671477278168, 162911082779577, 612333798625893, 735484753727789, 461610357428288, 670439369251017, 302173903841731, 632070987376579, 667157908265599, 609371849318187, 572177577393289, 545683877735393, 333779157522206, 508473299043132, 578793119556713] 
Capacity: 792321713364256 
Capacity ratio [capacity/sum(weights)]: 0.0325 
Maximum value for profits & weights: 1000000000000000.0 
------------------------------------------------------------------------------------------------------------------------
Number of qubits: 100 
Profits: [243675054737402, 449915741349313, 319906709397093, 656009680663133, 639681621141194, 118865550985911, 620118503645187, 670171246065753, 532615515575644, 610009049273600, 149830414650359, 66804840121673, 464153971666687, 783967727473685, 736098952189392, 176834629590745, 528188799260054, 527254875677845, 760914118540384, 361804179209787, 344551094210425, 184197273964717, 90698733371293, 851489612525378, 892716851491963, 595985291626896, 437481017417627, 557797243847337, 806964953630025, 584527174306831, 357979986114015, 763064564419026, 446572145859338, 820019796829503, 420571539851235, 653343841675237, 746238276511947, 507560419316544, 266802606798713, 428728395577664, 40802753785778, 876309133495593, 535855677643420, 120423309975772, 843956462966638, 720369913910094, 248312733743275, 816003066150172, 391748296045694, 245785881968022] 
Weights: [347559578925100, 430857215094683, 613535531849002, 485656452315678, 506820797104009, 756800350655330, 498137533568087, 618280120928969, 734314668019977, 326531884737181, 225779374588296, 734521982836038, 515479255344426, 254975162829493, 639052033540085, 812260079101969, 259170312474692, 654279643825025, 789696887746854, 671380728903084, 502265126682132, 725311879402291, 259374800259874, 343625116936380, 498907135597888, 471918690610726, 390098076527130, 449879773097951, 509252739392892, 604235714287479, 422227331925626, 452885271238868, 633248823385834, 577282639220929, 402874636555426, 213549520723884, 203495748404791, 512431047966346, 705630972642468, 699866296626876, 322694206664161, 728801613633978, 805221892259623, 391886256315676, 334025488362718, 134284196071302, 730643577529045, 707812551262799, 659743799176216, 389931618125094] 
Capacity: 821462165515043 
Capacity ratio [capacity/sum(weights)]: 0.0325 
Maximum value for profits & weights: 1000000000000000.0 
------------------------------------------------------------------------------------------------------------------------
Number of qubits: 100 
Profits: [867211858608829, 247144661609451, 913717224031843, 103221385052324, 548123471458636, 825673348634974, 641526247858449, 207147849513112, 533684748969026, 271793113641593, 91532538001163, 35134037049757, 445924914725655, 196163338402045, 465340531135148, 6872374998055, 687624990742678, 793306105626811, 649391274167021, 5020731724672, 87370024759772, 508936149014478, 866116213127580, 345315840382613, 221547713102441, 949534163089566, 692215576966510, 353153161264738, 382797096701605, 111113900442514, 312413667990012, 862447863343580, 225734558879734, 175354523883055, 330438506795289, 765821706985523, 982751749155299, 253668284537406, 749902292731670, 921584518640759, 944258474015495, 39542897228878, 242364045625265, 533889049176488, 795947749947979, 664195614672584, 162018343846874, 444165973421195, 934791655410497, 47024642401685] 
Weights: [456868610467495, 504314414387778, 440699029876584, 703055660528140, 504374161802584, 557814727757736, 408988894878887, 444564269711488, 564315616422616, 449610077632377, 415670383007455, 523465823080034, 63780019185850, 426667338035875, 480441754399660, 707526408550068, 697341374242062, 745721634396677, 656506061420661, 449467068389704, 317406432202546, 359408249663900, 604486840660013, 491696711701453, 469520455287871, 636950562585023, 611184432618226, 755491786746636, 542673540520333, 693866829061540, 430362519851977, 629552388572145, 733337708630803, 567068995614563, 802945164122637, 180940847171335, 730829114523090, 518791745478078, 422046339708364, 475275369695093, 674122004913591, 826190101952429, 657548375041748, 382611090678392, 535709680602558, 203792051670459, 546697705003617, 387906411089340, 461912486517839, 289708275394042] 
Capacity: 840442269676867 
Capacity ratio [capacity/sum(weights)]: 0.0325 
Maximum value for profits & weights: 1000000000000000.0 
------------------------------------------------------------------------------------------------------------------------
Number of qubits: 100 
Profits: [673459124751056, 396548201021748, 413219177342413, 950820771535438, 821825947201033, 575302936692750, 405507563769071, 740063907413583, 278837233895479, 797351972234779, 320725040678646, 166364418571815, 70640287438306, 671092992518586, 916403798953323, 803124152080804, 159785422057504, 68170762406689, 128106789896762, 542441815374300, 897557607903842, 481714554738384, 768919136459476, 674590507674402, 359126377886552, 10627925452776, 465720887498811, 819555646607603, 95595592839221, 683882780608449, 134417803826875, 428360236961797, 311089659090079, 288524273661395, 473254678893335, 297131301303138, 408751862297798, 515278802557450, 39685393095349, 838161624262037, 66875284065272, 626057129766862, 703751747402171, 276718710956032, 436341882549183, 57747825771912, 641742183065716, 276097759865517, 642695673909848, 819711720661559] 
Weights: [539959800993476, 346559886194432, 451346855876545, 815345786815699, 656143849837099, 490811076533044, 544706240897044, 386985816015701, 357637119975544, 471377973301987, 487311089045057, 737121639484237, 448801339310569, 497378671688937, 547121944996702, 294405143095194, 303164089754948, 574664143389142, 305904551757134, 606521562100175, 810260866220880, 250047737859713, 544024932229819, 582952685240770, 636289723206535, 547999935819931, 734741216006672, 288513103604935, 587679224901289, 312141633285196, 575897478381699, 798085697894501, 529614820105979, 613059048304819, 644541788090936, 718634864982417, 419332724204132, 783695577205843, 612995686887785, 823646623039123, 262511257288781, 408382423124840, 640414492904288, 577613676217998, 748899616969143, 414942111435713, 517661770759741, 399658746801352, 456416108823348, 253125870590948] 
Capacity: 848897440033474 
Capacity ratio [capacity/sum(weights)]: 0.0325 
Maximum value for profits & weights: 1000000000000000.0 
------------------------------------------------------------------------------------------------------------------------
Number of qubits: 100 
Profits: [89419191824312, 593455385316621, 675326051586225, 615278194821482, 126216192146772, 560162792940263, 20087933961402, 252897530316015, 943058527354461, 125947393131576, 290535736681747, 718487239179001, 815941828719664, 672687035245548, 735262994586950, 511385971124999, 679963252869540, 40189290084645, 877170098251507, 901856751659869, 151324101810605, 853691906237506, 33373420788226, 237120279867996, 785776226996875, 22010186338095, 135037027149169, 554644430648992, 356016357406810, 84934451799330, 386337010065730, 514491951543781, 726735046299143, 639157601254415, 182971241095874, 464654545390045, 859375656267955, 437071585679926, 809941244931674, 838292579848337, 516041384754727, 387071130115242, 799639303207778, 553123216659155, 858406091131578, 503953458481965, 488112697059611, 197997737677709, 36943163249820, 337775331813721] 
Weights: [768097382277775, 669801458798096, 330736561996547, 556341986855121, 365515971768641, 431333371475304, 291088335646866, 781001171935527, 401897375642511, 194138383564715, 455215791505844, 441394381973260, 508608460143858, 682267934503315, 792389933957958, 487689389915053, 767443534820197, 567190601479522, 579922227525128, 429491733324920, 404233602949723, 771433926803307, 340339407567813, 468828490744408, 675617901334030, 571033902929162, 672676181365664, 634767858643894, 783573824019616, 623005129958863, 513668145884761, 509411887825119, 799808710622267, 568432918747884, 502395956560437, 248735499178480, 324785684126629, 477590848206000, 210526261520391, 548587351759357, 295818887794588, 247398155750272, 63415175552767, 428989928540419, 612426665235448, 676403498581600, 592946214221012, 379860582383682, 415721792533415, 412129136815326] 
Capacity: 809947462302279 
Capacity ratio [capacity/sum(weights)]: 0.0325 
Maximum value for profits & weights: 1000000000000000.0 
------------------------------------------------------------------------------------------------------------------------
Number of qubits: 100 
Profits: [593371290488397, 262383557343358, 9694001487477, 124056493384629, 22712689368820, 728683058787882, 531072067094611, 778835472548844, 456112237165335, 943343815048484, 819379323721384, 143059319619034, 17121384638216, 306618725671076, 174403200694425, 225114792537840, 544365928851838, 31982089743958, 694450983675537, 155599948775907, 129861361561534, 780956839968394, 730654317138071, 991082395797720, 867577355636847, 103998493393001, 825747310245846, 141725599485400, 77687535396647, 536259418626155, 566649869109462, 920145911616827, 638191782548568, 255778484988578, 164374921333235, 203268780150133, 504065452346422, 207348759514385, 706551081511816, 505360654259878, 991255994276193, 826548709245853, 323182261456506, 679900460561165, 978558266258533, 572809936522422, 545356299693548, 830652698568763, 1349889389470, 296047279615045] 
Weights: [627981743621934, 406620647055900, 531280792110684, 418636287071219, 573387688401479, 621952918033773, 351927442224301, 669520364849077, 644120431753091, 747553867031133, 496902608977511, 420188448905409, 423666106066460, 721166417953355, 608892911254870, 415182560387219, 509969821135218, 686557158928834, 763678981903062, 531925785561999, 312832148841043, 731420533774092, 558735095840524, 487269483993445, 284963572490810, 720473106036769, 87313167702190, 170556870725798, 682211067704878, 354938004459216, 255120061093830, 477073910419774, 409224559755716, 368984011454221, 271598546485572, 422383301610513, 677530830972911, 764669242416311, 510210212295685, 439655889959714, 479205325105302, 374329715123189, 782663081743624, 644010504720289, 375512887407379, 165986347699435, 492273193932502, 203661399965074, 544410449563280, 694698413805315] 
Capacity: 787361113501269 
Capacity ratio [capacity/sum(weights)]: 0.0325 
Maximum value for profits & weights: 1000000000000000.0 
------------------------------------------------------------------------------------------------------------------------
Number of qubits: 100 
Profits: [499852756272125, 249745279709580, 592381212607738, 402417348328204, 878380338505541, 631901150665951, 623924224918695, 383955129546250, 973392127239205, 718804659321435, 567912714070494, 261685415110972, 381148949310719, 431975080890443, 772088731862027, 529896747205542, 475708786620028, 882976547490176, 882922166752493, 163635302006489, 99274831838099, 522863495821211, 587435303886981, 514297075961041, 291552354880251, 802687559717683, 482046744329898, 629419069132656, 34014231378859, 400559319310896, 302241461635742, 514909108892911, 300754144325747, 793936845695522, 99910313182228, 556417759987131, 94618372639501, 197765007309918, 11596812219404, 574774585370029, 428440390962356, 864502418230089, 184768651286338, 134535150370214, 751735619499745, 445263243071161, 806662267578157, 842262029548781, 531567298735729, 771793104437799] 
Weights: [644818910973839, 649151645554213, 730748720594069, 560107534418076, 205005926813018, 108441664225593, 432299508616168, 391416609435030, 554357047834617, 223671346933847, 601044701706848, 403009284073700, 409571481317923, 494139641119981, 530560539307140, 423093302217501, 371123800866191, 452153582722706, 234278556491281, 442487496275249, 566536776989286, 492008665519737, 703487384376605, 496977309108179, 63542896602370, 684406728745741, 278503236685237, 573661023020247, 484761896559033, 708888988849272, 546105771762057, 519419593180096, 551906458569789, 639727833268622, 483098823964118, 539846100335610, 319473906411550, 384957363629996, 625449693805977, 411854752834886, 687350778830660, 558946918899894, 309342193223830, 489578244806907, 301598687825756, 428875357402328, 450724297757023, 464622376014227, 625716414173154, 122116876264765] 
Capacity: 756091083346243 
Capacity ratio [capacity/sum(weights)]: 0.0325 
Maximum value for profits & weights: 1000000000000000.0 
