Number of qubits: 60 
Profits: [603506027, 26519017, 309751480, 500418074, 222456206, 826200110, 936372340, 749121107, 36800943, 815606508, 398970563, 420510495, 84723548, 657473365, 916040452, 206131591, 842740580, 156849612, 945858366, 705076187, 160384283, 331767898, 575499121, 839146073, 101498567, 417090290, 280726924, 138063843, 359947647, 617103176] 
Weights: [349873961, 626686834, 435667013, 356867287, 530939669, 616224622, 741265380, 772265298, 579532192, 743872779, 800619529, 195874418, 727705059, 800472358, 225617486, 486100053, 628056311, 667905237, 435202994, 560075095, 438181268, 424075279, 69504582, 235773981, 681544922, 160479510, 393827800, 145991433, 162423979, 88733760] 
Capacity: 843019130 
Capacity ratio [capacity/sum(weights)]: 0.06 
Maximum value for profits & weights: 1000000000.0 
--------------------------------------------------------------------------------
Number of qubits: 60 
Profits: [887818326, 854601873, 27819930, 779415382, 901378391, 296737672, 582035695, 187336289, 732303856, 508346605, 845778878, 251560371, 334500944, 574054844, 985395752, 815517360, 490393276, 263898540, 306585152, 122493496, 76566644, 852228857, 418757438, 460956719, 138829334, 581855999, 627900965, 579224535, 385971010, 858986941] 
Weights: [299417272, 664928139, 364873098, 352836771, 750358680, 575874592, 762052260, 680686892, 710049081, 534336157, 841331348, 705222786, 138515024, 714191956, 530833320, 121467474, 403751671, 265046874, 809685151, 658300077, 532867454, 843392300, 498724826, 473049345, 806299137, 391541036, 200630909, 533503653, 610708999, 704391573] 
Capacity: 947884157 
Capacity ratio [capacity/sum(weights)]: 0.06 
Maximum value for profits & weights: 1000000000.0 
--------------------------------------------------------------------------------
Number of qubits: 60 
Profits: [351122500, 306093285, 265975837, 166326659, 181812933, 936319864, 36622218, 45908532, 608243609, 490796815, 844660697, 24560407, 989239571, 726084129, 255590967, 373058879, 797826253, 6751646, 562590059, 672717517, 398023036, 372551337, 497981837, 835638140, 762949032, 305848588, 417351420, 709482045, 160752973, 467687785] 
Weights: [612747538, 533104581, 155656575, 802936041, 173744614, 577206514, 406258167, 503998556, 605662249, 372423538, 320069646, 637148586, 162864561, 260286033, 615422557, 661449898, 233687964, 698858687, 332518197, 215938663, 684548127, 766176463, 283346198, 726118681, 790506587, 332731442, 584790755, 416546401, 215214390, 338468732] 
Capacity: 820972758 
Capacity ratio [capacity/sum(weights)]: 0.06 
Maximum value for profits & weights: 1000000000.0 
--------------------------------------------------------------------------------
Number of qubits: 60 
Profits: [320303028, 333864056, 218261377, 143673706, 236779655, 481664851, 406559864, 559351693, 377338160, 829043891, 674606056, 644240650, 821196544, 995408476, 788670516, 392742745, 779054690, 795952429, 851671171, 945639217, 353180619, 528926152, 619646953, 941067921, 865467675, 330935214, 527334154, 31759367, 181526038, 6602271] 
Weights: [275696533, 785516847, 813490528, 364440559, 246881242, 299232345, 185126341, 330021805, 202534539, 697690649, 479572856, 666786645, 196443473, 907402743, 257492173, 828779207, 696802719, 289096498, 176649831, 63210576, 771818695, 762444837, 791595157, 438812841, 713589429, 751096875, 395571806, 855022125, 836920625, 406135608] 
Capacity: 908407524 
Capacity ratio [capacity/sum(weights)]: 0.06 
Maximum value for profits & weights: 1000000000.0 
--------------------------------------------------------------------------------
Number of qubits: 60 
Profits: [228208208, 773712888, 893552835, 795805327, 318663116, 6885206, 816181461, 287953241, 823900335, 516164255, 42475593, 93822601, 338139074, 848818523, 862181089, 721184135, 401822431, 49654342, 532828599, 84708832, 91892575, 38322507, 151861016, 502514502, 188926057, 151020964, 632494939, 251104149, 419799239, 731490401] 
Weights: [794265160, 98761881, 706420917, 961099658, 927444259, 406188621, 768630487, 502607671, 57752381, 670132051, 545810659, 701268416, 225579574, 612851029, 801205061, 436387695, 872166268, 496788506, 881415586, 898100614, 596837789, 355841878, 516231750, 1023249101, 571466934, 320769785, 1022816028, 323464602, 547880925, 893457615] 
Capacity: 1060335389 
Capacity ratio [capacity/sum(weights)]: 0.06 
Maximum value for profits & weights: 1000000000.0 
--------------------------------------------------------------------------------
Number of qubits: 60 
Profits: [821822529, 318014795, 404019148, 560093339, 899121640, 54623381, 212810883, 567546091, 15212781, 725996856, 350110759, 744675556, 153260773, 111042471, 898586044, 719944931, 546302455, 183688401, 375231235, 835004625, 327430234, 988275333, 556281958, 705294440, 52397262, 93221989, 998426924, 147292637, 728406447, 681254539] 
Weights: [144791092, 595224750, 236645539, 637732779, 353131029, 578842052, 476239934, 366043305, 384062403, 133863003, 465344233, 181133913, 580929364, 305290241, 623664797, 491414505, 668989829, 705360878, 399286711, 760361646, 187565877, 320904722, 562300689, 763873009, 142916181, 678427386, 280179710, 559543185, 509824620, 487987371] 
Capacity: 787483866 
Capacity ratio [capacity/sum(weights)]: 0.06 
Maximum value for profits & weights: 1000000000.0 
--------------------------------------------------------------------------------
Number of qubits: 60 
Profits: [55165299, 943633790, 305044180, 408227905, 751777360, 385684444, 781568845, 763121182, 998292447, 778706398, 242445486, 454519722, 942181802, 349589171, 27583964, 649274771, 564512492, 763283611, 655267101, 910913887, 576211173, 647513400, 325137067, 877446377, 116585261, 348960189, 563686631, 705645804, 750114263, 907845249] 
Weights: [690748059, 798056081, 790519176, 679889444, 514603168, 171705779, 824461248, 79522754, 134964658, 372534066, 659264660, 624825360, 757905740, 419495707, 620813574, 741783972, 154733002, 621713330, 868751975, 310233197, 123397900, 307201935, 373729688, 645596887, 633488626, 801821075, 192715395, 667079833, 762885047, 502465932] 
Capacity: 921889344 
Capacity ratio [capacity/sum(weights)]: 0.06 
Maximum value for profits & weights: 1000000000.0 
--------------------------------------------------------------------------------
Number of qubits: 60 
Profits: [417779396, 303605539, 340094467, 916315264, 559347264, 122842441, 598967214, 718187726, 333371626, 856728674, 13114225, 753488633, 382026150, 837891267, 691329556, 968780907, 339401135, 305269546, 194744598, 143206783, 437649224, 881949994, 886540827, 243734237, 905177944, 155589460, 957496142, 197420837, 67542397, 153750277] 
Weights: [440954709, 568601794, 298447458, 375391535, 478536870, 417610250, 433835503, 345012448, 628720636, 713435112, 561424954, 515028700, 268087659, 698637056, 673250133, 396544850, 434376993, 810402525, 380750172, 362495321, 299091126, 546279851, 365183464, 671854222, 282654892, 789803783, 492622073, 313725210, 291951399, 383462731] 
Capacity: 833820657 
Capacity ratio [capacity/sum(weights)]: 0.06 
Maximum value for profits & weights: 1000000000.0 
--------------------------------------------------------------------------------
Number of qubits: 60 
Profits: [924761476, 412596210, 622183116, 843954638, 497722418, 592697564, 39699215, 227492392, 372958037, 957478875, 985144515, 661509394, 150800750, 747845319, 576736556, 90193667, 820563055, 682648690, 867117780, 983157857, 538259766, 694778615, 266455574, 729563585, 480797707, 115090230, 551998927, 697539922, 506346522, 357693778] 
Weights: [727370543, 438169095, 384272392, 191678158, 842765895, 644772357, 899403587, 777778160, 733566991, 1023442445, 579463837, 962984746, 422304168, 219389288, 332695271, 382235683, 457030320, 640266461, 973982351, 601538355, 769325090, 600623889, 202351735, 1008205097, 806313931, 577820203, 382163618, 176587409, 929625855, 903074399] 
Capacity: 1063035501 
Capacity ratio [capacity/sum(weights)]: 0.06 
Maximum value for profits & weights: 1000000000.0 
--------------------------------------------------------------------------------
Number of qubits: 60 
Profits: [854525801, 674054930, 507574350, 569195120, 632657610, 416713353, 794671959, 253407014, 737625239, 697931087, 998580606, 568299503, 972938116, 998067849, 800883628, 920834360, 465227977, 351994393, 856651245, 429995360, 691283388, 639686403, 639131453, 130949150, 935643024, 832032043, 532136583, 155022736, 113136086, 842008498] 
Weights: [383074766, 780895735, 423508327, 824169696, 329863040, 187629214, 779857446, 540894309, 1000217315, 901829055, 886575848, 861805592, 787177642, 631400077, 420774037, 308962359, 354285643, 44803494, 593415107, 564725761, 323647258, 733319502, 356032720, 375951781, 719435953, 940293453, 706069684, 463975711, 602312978, 638814153] 
Capacity: 1010850624 
Capacity ratio [capacity/sum(weights)]: 0.06 
Maximum value for profits & weights: 1000000000.0 
