Number of qubits: 88 
Profits: [6708177301378, 1162140572318, 5935503721718, 3657085718446, 3271059637661, 6739481824484, 1680877192992, 5114912227771, 1633513081466, 7848685467673, 2477722968403, 3365926973905, 1987456627208, 2887526634780, 5110164215693, 237401208270, 2775345889891, 4366259857829, 4354169037293, 4990552156324, 6382966685989, 3776676388221, 5866542100856, 7472035594530, 7701674419617, 5393539783407, 4456938470126, 2745799966072, 6495012091281, 7136658825992, 8875832824335, 405573774298, 9414914515299, 348943214311, 8975800264366, 1227488001661, 6224082710500, 3416365439894, 6457590874376, 7908542091703, 2928759012580, 1833026820355, 1072963126553, 2380531071842, 3380926447828] 
Weights: [7239226192617, 3737005675977, 2545189481783, 8430587526846, 7805646341524, 8526219125657, 4680244318441, 2086187837426, 6595676674800, 5184070614763, 2870444515532, 2750964962508, 4766426812337, 2947814827320, 8191387184023, 7432036302137, 3901391487186, 7143450341219, 6992864794185, 2840707503099, 3576715875669, 3092459493422, 2371805144303, 5565228186208, 3726632571490, 2565337505801, 5134299813968, 2421877840761, 4918122853389, 8150534137068, 2397713758728, 8263171947348, 7699239481639, 7162769335356, 6737339900963, 7278528808056, 8369607509358, 3088513225619, 5907090656676, 5232604747894, 6953408093859, 7607128066467, 4041313279468, 8263282428490, 7027743899634] 
Capacity: 8611372980302 
Capacity ratio [capacity/sum(weights)]: 0.03625 
Maximum value for profits & weights: 10000000000000.0 
--------------------------------------------------------------------------------------------------------------
Number of qubits: 88 
Profits: [4195331069170, 137950374743, 5693593786466, 8761659026801, 3546510191264, 604779233080, 3289362056452, 8192707011789, 8934299197425, 4476423517695, 4899071553291, 9304140607922, 6335237479811, 8817541039279, 7905120155629, 1286249508260, 1720843145461, 7958668500714, 1586732699665, 3777993591153, 1320897016367, 3282390628508, 8101815641471, 8452970894005, 9256339556541, 2625223717314, 9923497695052, 3851549397937, 3704985377493, 511339955927, 4260254758944, 2921300024155, 6132320589018, 5245145592283, 1180911749999, 5674049996610, 8710453025499, 5254064749892, 1457577678950, 9308055973917, 6075678359436, 4349087606011, 6444439776715, 680361327924, 8575772627534] 
Weights: [4138473375965, 7752737623756, 5057012421683, 6802914816202, 3705774679048, 2125281225817, 4604292044891, 8015136089055, 3526213122686, 2985781826598, 7668049741746, 5244555860763, 3284091748866, 7982613302093, 5022738091158, 7798154192182, 2132690582100, 8005888464797, 7153512865641, 4827689289763, 6826451446861, 5750416507791, 4700557986091, 4036995213537, 5038293847120, 5695644175140, 7372593615552, 2079058185372, 3060982558969, 4303795916137, 3201413673213, 2898768789674, 3349131371850, 4663228223240, 7011215192558, 7162698603024, 6026319097454, 7744386490274, 4762642698055, 6584882649099, 5911504635676, 3130073829455, 6772543961031, 5236663965231, 8142475072183] 
Capacity: 8391837433675 
Capacity ratio [capacity/sum(weights)]: 0.03625 
Maximum value for profits & weights: 10000000000000.0 
--------------------------------------------------------------------------------------------------------------
Number of qubits: 88 
Profits: [2293638992960, 9217351103954, 6332569558488, 8898534028113, 7301009170647, 2857017748347, 1175738185738, 1490768765971, 2212479413758, 2879380272886, 833278280899, 9483204737398, 4201144794494, 3302275110607, 7036987263813, 5097592549628, 5640586521748, 5987701618094, 1119015690800, 2480870060852, 7540863843288, 8945847448741, 5862710196124, 8322612820735, 731242600216, 4679166806949, 2648904080410, 1765702890540, 7743604867569, 8383210553631, 6636455036651, 2765543196419, 1287502967602, 2734548686400, 5033436243618, 3885525308702, 158384260881, 8497703264229, 9417475250889, 2000722580800, 1422484017950, 2911273069544, 4423817796281, 7216664005678, 4704914038703] 
Weights: [3570113328748, 6106954783593, 3792406987262, 1412840029437, 4569907844768, 4157435896930, 6368887196879, 2947447392549, 6872616324683, 5858808014415, 7092143091649, 6573873148278, 4558016542839, 7519352923862, 7739608335589, 7714296700774, 6064091512826, 5296122641726, 6458287732022, 3604975858099, 3548951611006, 7313821992315, 7276498117611, 3147520880415, 2836392164852, 1820177208027, 3621338059566, 4654867204115, 7862989745399, 868959558351, 6665203259317, 5083534395017, 8051886134163, 4301239741082, 3541365934524, 4985636981984, 7033141758540, 7048395986532, 7435671238223, 4129308800468, 2089389944636, 4507640205957, 6775813633310, 1872916123364, 6358773605790] 
Capacity: 8148591405856 
Capacity ratio [capacity/sum(weights)]: 0.03625 
Maximum value for profits & weights: 10000000000000.0 
--------------------------------------------------------------------------------------------------------------
Number of qubits: 88 
Profits: [5862842784614, 9780540572698, 8594089478787, 4617484591397, 6017738016319, 9660939740334, 6606669571948, 768600911209, 8869572741153, 3014834292805, 7154645550007, 9840484524592, 4732580993134, 2504870330599, 688693770874, 8507440572777, 7820276920808, 5851984259726, 6399096916953, 8896065746356, 1930095358596, 8521700120150, 736677695995, 8807009230117, 9641987711600, 8197952043680, 3681569668031, 3854570453585, 639974614704, 3758997218885, 5054874325368, 8191143126602, 8109629581224, 5957098541808, 4482055539104, 5245397716917, 8839389864840, 543894069258, 1867314883212, 4555316603389, 4154988852598, 9201650909354, 8291282577887, 1420982069947, 9853902627194] 
Weights: [4951612978563, 3305838902399, 2451498801435, 2221813668048, 2432649169196, 4090088695294, 2072631526006, 5027684832179, 6811775843936, 4794304004035, 3715783177123, 2251176527910, 4650860069169, 5284310747773, 6237811407469, 6793158331896, 6230845229278, 4670324367582, 3765076238590, 6389578122860, 3271829400339, 6806164884959, 5591563945042, 3131116229520, 2683431117882, 5551678061801, 1153807076042, 6304735391373, 4980482042310, 3823036121481, 3228438443220, 5145199175498, 4618284784901, 4332592830101, 4275490350393, 2448741743511, 5076545084844, 4979006580118, 3290934682748, 4608742306072, 4529463038328, 5547947039889, 4495449353418, 5499936203335, 6248999986923] 
Capacity: 7019437230413 
Capacity ratio [capacity/sum(weights)]: 0.03625 
Maximum value for profits & weights: 10000000000000.0 
--------------------------------------------------------------------------------------------------------------
Number of qubits: 88 
Profits: [2376814358577, 4847189039024, 1949778643238, 6121015869895, 264416226421, 5853490718820, 1116908463646, 9247444084877, 6967554543043, 5131943063927, 6615991868542, 5071270295043, 5743442091575, 5706609136019, 7346602842295, 8561993469693, 662241161530, 4658885195497, 5482392961325, 6966807799922, 7792854716450, 2734177140087, 1538638276257, 6424955651466, 9565389584635, 6519964083114, 1493545010843, 6208726578786, 3523858396776, 3735399431462, 7989596922341, 2202722279230, 2304450213534, 162064500206, 1720408742383, 6550697752056, 6416425197998, 1574691048686, 9535867881865, 3484128436122, 4669623274850, 3094184504247, 3755345353239, 6030934768799, 8905382225648] 
Weights: [5940545783375, 5752336877220, 5323825321841, 2063182564475, 5341132871575, 6116920677099, 4443071150125, 3861555209039, 7314553389261, 4411834701863, 2737802033235, 861590961820, 5572190550215, 7596202887912, 5583291043722, 6430492703926, 6080005065018, 3695131061574, 3879930397691, 4382003144125, 2106416635177, 7467307075818, 7082279446431, 4896310646395, 3092866062569, 4646594001975, 3684021096196, 6672348625628, 6608949575965, 4403678485224, 6713443121610, 3016355199263, 3182487130802, 6877165504177, 5770808906305, 4587975455799, 3021668303677, 3014888392332, 7159214123925, 5581802262165, 3025040707641, 2827571977365, 4731560797511, 3004613063995, 4786518943281] 
Capacity: 7634721186560 
Capacity ratio [capacity/sum(weights)]: 0.03625 
Maximum value for profits & weights: 10000000000000.0 
--------------------------------------------------------------------------------------------------------------
Number of qubits: 89 
Profits: [2564625275633, 8310510008889, 3894210408501, 932391155779, 8303046623868, 2801144907153, 7893731087566, 9539740035614, 6590230279085, 5966131906630, 9497166170074, 2531913265787, 7042984234680, 9343121400992, 9325183454199, 560002529151, 1305513608169, 348345390964, 2583505130824, 8520190100975, 3808066424938, 6532900879163, 3935539383583, 4920519066611, 5307531730337, 9381245721631, 128955772989, 4826691112392, 1329203549449, 6246649810426, 942898248869, 1589780787806, 5809014490503, 2558058698043, 866129745432, 3584170623324, 9482760166303, 7035803423103, 5038048300551, 4498075142365, 7776239354222, 5804282282414, 3098809320155, 6742149912444, 6839726121666] 
Weights: [8669339916263, 3300089257874, 8893925208030, 2035970297719, 4863089325792, 3584170756827, 6802385959541, 8850709375911, 8919629074915, 1878956245375, 1995458527359, 4216837851989, 3672229305456, 4098134193601, 6830270839093, 3806806812990, 8118844832848, 6063269937382, 4831452419531, 2362921555645, 4036041674744, 2954304626280, 7147023285609, 8722861191594, 6487240167661, 5361570326823, 7383145757783, 5899141768917, 7251070812701, 8111806978032, 2507545481587, 7574676783006, 8112035814504, 4841482968574, 7783323771210, 4040475252724, 8041699482553, 4230357345819, 8171538905674, 5956627598461, 7854228888622, 7287513429506, 4282694037833, 2811903573308, 3485065377041] 
Capacity: 9090639262171 
Capacity ratio [capacity/sum(weights)]: 0.03625 
Maximum value for profits & weights: 10000000000000.0 
--------------------------------------------------------------------------------------------------------------
Number of qubits: 89 
Profits: [7625556069040, 1484045694868, 9599085789281, 8488231260555, 8124796665859, 2473045959951, 2187810409294, 3036276337935, 6577296411780, 8650167131543, 8106732415325, 6434270332234, 370230197952, 8547200618064, 7774251554562, 1950709580492, 3185819339897, 761239403302, 9271710888870, 2386444769968, 6051293506595, 1214615554636, 9653146610293, 8609634087014, 5421168808464, 54911223959, 5421417357624, 5133456200723, 958506152063, 91130504929, 8788448685761, 8522703430594, 7375855567406, 4624166261605, 1913783641084, 8680624296316, 9633973507022, 5583834040555, 9278685224079, 2846708218009, 3337025373140, 4151699991934, 4165775338655, 5621435023989, 6799549031198] 
Weights: [9283980954946, 6216322500310, 4342415672558, 5169656568110, 7586518768263, 5166342389035, 1607876490781, 8053486051834, 8835555946160, 9021256656844, 8601366425127, 6028805618741, 8905736946745, 8500018880391, 4319824866732, 7700898029541, 4397782970064, 8914439324206, 3160537391572, 4237899096162, 2206692300141, 7641952023044, 9009698501115, 1521772188927, 6375439979524, 8057443378130, 2010952207077, 8265615977595, 7993381436494, 3750085413992, 7505397317058, 9159818765466, 8352003769410, 4777143029806, 7033507028509, 3463923226631, 3319309607316, 5844677798484, 2267240104260, 4854372770226, 941737069675, 2784459112409, 9332159444234, 4876554671911, 9216344092335] 
Capacity: 9480001127591 
Capacity ratio [capacity/sum(weights)]: 0.03625 
Maximum value for profits & weights: 10000000000000.0 
--------------------------------------------------------------------------------------------------------------
Number of qubits: 88 
Profits: [5803671111162, 3353741924194, 408041559647, 5121333314367, 729894298521, 7256707333902, 1853825729145, 4826606490674, 2891072477531, 7767851280974, 607923106279, 432950681819, 9043708995123, 6559853151709, 3132455490217, 9891146070058, 2916365788804, 6378299135875, 8112189197546, 3597226591352, 2221661744007, 5541684311026, 1213944699019, 435477575861, 7657896816294, 1080744868446, 5394022916729, 5660257043240, 6572007338734, 4598498060155, 5960916161373, 9867084573292, 2299124786227, 7395026959312, 3315728438619, 74045170598, 335381456662, 1607909164179, 6585284796699, 3618500796447, 6258721271655, 2513147463316, 4637064162405, 3671874347862, 7442420904655] 
Weights: [1892266245764, 4601689843996, 4002850857382, 4626305946538, 5219853701801, 4257590793660, 3969883637564, 5064886564195, 3290723551206, 7311301735453, 6133625770938, 1572789000817, 4836377382841, 3768843948502, 5549743129796, 5965717580723, 4377368162182, 2634926912062, 6865108198168, 3871711883189, 4077661376048, 5038298664178, 6611860960495, 4749546481038, 6694761371891, 3750490120747, 3597530987823, 6067394590679, 7308202731453, 5166305586586, 4836431718952, 1748268821912, 3128436270786, 5749884053759, 4338740118090, 3242761034693, 2986613721844, 6216335380146, 3648307840613, 3330204934347, 3345335485483, 7293233398886, 4363278487899, 6835236673323, 5916759169352] 
Capacity: 7394337112109 
Capacity ratio [capacity/sum(weights)]: 0.03625 
Maximum value for profits & weights: 10000000000000.0 
--------------------------------------------------------------------------------------------------------------
Number of qubits: 88 
Profits: [9273741467057, 8207998976852, 6024530100943, 6041237679105, 2167318302230, 4374243481616, 7597083911650, 3941259841629, 2311558446833, 7424657910766, 5093947209023, 1204868518321, 6912443565201, 993820571208, 7800897223915, 8817738448924, 58333769037, 6502138211731, 3809313247873, 2870760712630, 2277285327526, 6156403757455, 4376027765445, 8016015660181, 6109304884226, 4860405684016, 8462198602851, 8733014948100, 7344026043290, 5267960677769, 8135589456062, 15758583595, 6117622892482, 5080208548745, 4971141332199, 9563147660382, 3875553471737, 3456027602235, 4797178724044, 7914953622672, 1714081788196, 1207824879487, 6648926751788, 2060700640607, 3396593934178] 
Weights: [785230248127, 3173327831366, 5077205153704, 4232880817788, 4280198518388, 6111838140922, 4023335048276, 3730657678367, 6283903779468, 2094930289776, 3942882099550, 4256164675133, 4735481765245, 2080144329910, 6189706984544, 4360660105640, 3345484498607, 5359581624243, 5964131840417, 2149992931342, 848432404103, 3542956190715, 4190746370610, 4542404674049, 2712121446144, 1443838462774, 6144849802578, 4597888605690, 5962391979413, 3552364543079, 6487436161095, 4803480510485, 4933281855681, 4997789709893, 5305029509306, 2669242840763, 3071224993969, 3883067062359, 3170917911847, 4352520208635, 6100117324359, 4490806152303, 5466061686039, 3066873275748, 1814969841039] 
Capacity: 6619659111423 
Capacity ratio [capacity/sum(weights)]: 0.03625 
Maximum value for profits & weights: 10000000000000.0 
--------------------------------------------------------------------------------------------------------------
Number of qubits: 88 
Profits: [8690029734221, 4174777463920, 8103687201015, 1356171755619, 514756161101, 991244792973, 6495541075677, 113352059732, 5453375024699, 858420507095, 3580601718769, 5431600317219, 9148752557191, 2130728692570, 3672809200668, 8911642065200, 3269359166307, 6871701883706, 1917893381334, 6235764635663, 3620807500874, 5838677830395, 570403265041, 6323144280886, 5494252267396, 5907597220507, 7289347529572, 3511213901112, 7519899028937, 1859300402144, 4230860967089, 6042364923653, 6309325071292, 7039487443564, 2107204322919, 8331870878696, 3235001290605, 8619837740142, 6147621485487, 622939770280, 6157448973419, 3570036285139, 4768488857330, 1151544118407, 1568783143026] 
Weights: [3194528975799, 4487134380554, 7335337545552, 6525755052926, 1974988429147, 1994671635354, 8163682110543, 4640149533887, 2414334430482, 6016662317977, 8316509438337, 5544329641183, 6177595328866, 3342911686840, 7546786525604, 4169826784455, 4836045406293, 5863410861976, 3228057367481, 7752129439700, 6411170946655, 7200242536679, 3902154543298, 329525096997, 3420096875750, 8212726978233, 7445629602215, 6125270013590, 5153268312909, 7537209367707, 3343641489476, 4047836326156, 6693327862414, 7318895628281, 4349256127026, 3637325453836, 7568952533195, 2944544163283, 1727247839841, 8156386695403, 5093275528747, 4105002424011, 6246012062773, 4759118236695, 6358413069119] 
Capacity: 8320201609470 
Capacity ratio [capacity/sum(weights)]: 0.03625 
Maximum value for profits & weights: 10000000000000.0 
