Number of qubits: 50 
Profits: [598, 713, 324, 762, 944, 650, 657, 265, 280, 253, 810, 350, 161, 536, 884, 775, 387, 687, 498, 719, 323, 125, 760, 888, 930, 566, 984, 312, 255, 241, 579, 232, 183, 914, 579, 222, 31, 135, 421, 341] 
Weights: [557, 531, 436, 220, 270, 559, 501, 521, 500, 618, 611, 532, 620, 575, 476, 518, 527, 614, 530, 301, 418, 580, 444, 533, 607, 217, 430, 617, 578, 383, 433, 578, 158, 523, 603, 159, 520, 462, 578, 92] 
Capacity: 621 
Capacity ratio [capacity/sum(weights)]: 0.033 
Maximum value for profits & weights: 1000.0 
----------------------------------------------------------------------------------------------------
Number of qubits: 53 
Profits: [9067, 817, 3104, 3100, 6062, 5773, 6225, 9107, 3507, 893, 9248, 7927, 120, 8943, 4739, 3428, 7537, 3622, 3231, 6189, 1156, 2806, 1806, 5923, 6986, 9499, 8001, 674, 4663, 3854, 2438, 3997, 9026, 8816, 9159, 1514, 9434, 9314, 6123, 2536] 
Weights: [4876, 6107, 3788, 6345, 3739, 6471, 4835, 4131, 3947, 3855, 4780, 3789, 6124, 4979, 2778, 5639, 5445, 5859, 3236, 4465, 4378, 5176, 6088, 5440, 4212, 5634, 6365, 5222, 4634, 2889, 3980, 5588, 6027, 5770, 5652, 6124, 6245, 5502, 6240, 6146] 
Capacity: 6483 
Capacity ratio [capacity/sum(weights)]: 0.033 
Maximum value for profits & weights: 10000.0 
----------------------------------------------------------------------------------------------------
Number of qubits: 60 
Profits: [169656, 74836, 600566, 738924, 940866, 195356, 497979, 320479, 689061, 543130, 918741, 262324, 124726, 348759, 226741, 438097, 873599, 812792, 765048, 46330, 623307, 688988, 119466, 975742, 339424, 706172, 636711, 319527, 751028, 300822, 821021, 736286, 250626, 250693, 485177, 839662, 181669, 555623, 513828, 455143] 
Weights: [447234, 431104, 509898, 370621, 562605, 603775, 620112, 594043, 603810, 623769, 281030, 317813, 301905, 610703, 516214, 628123, 578098, 259174, 615672, 518647, 471422, 561043, 569605, 504327, 381140, 622822, 610140, 450853, 501251, 410102, 267804, 486926, 561991, 481918, 473478, 564056, 617796, 377052, 567393, 421551] 
Capacity: 642803 
Capacity ratio [capacity/sum(weights)]: 0.033 
Maximum value for profits & weights: 1000000.0 
----------------------------------------------------------------------------------------------------
Number of qubits: 73 
Profits: [526962221, 1586507569, 5306066426, 3947837414, 1093637383, 6438785359, 7296465093, 6403637066, 8718226549, 8057780440, 8797385179, 5058377039, 140123865, 9277589835, 7708595847, 914676355, 3660565594, 6548692640, 6583647254, 7409823488, 8916216181, 7712567313, 5578811164, 6351210554, 6596470991, 1052497264, 52858012, 5141873459, 7486028948, 9593202738, 3011980931, 4601199402, 2520181743, 6916259612, 6706202866, 6018594085, 842314944, 9864455223, 7481621303, 3777166826] 
Weights: [5908972194, 4906735069, 4710973082, 5915009406, 3021857620, 4018953080, 5588291006, 4445721038, 3169071045, 3478693306, 4949350934, 5858403932, 3444299161, 4284932652, 4440583867, 5743298613, 3800454718, 5830681774, 3997140181, 4938421650, 5890433417, 5124275749, 3854206003, 5453035731, 3563526916, 4598869773, 5474184747, 3666341812, 5912225021, 4124723568, 4227605635, 4053259984, 5238361460, 4756346899, 4169814326, 3545014591, 4547439887, 4369636565, 5940887254, 2568264000] 
Capacity: 5981514047 
Capacity ratio [capacity/sum(weights)]: 0.033 
Maximum value for profits & weights: 10000000000.0 
----------------------------------------------------------------------------------------------------
Number of qubits: 100 
Profits: [21408957832904947, 503953919386202526, 6355947801946848, 346690728879660851, 654438417611918083, 796957819030987811, 581995841902399737, 631051079184209891, 735039310034610530, 401416014701124370, 460642673471840904, 543241408767530787, 985237715345534777, 614351519633249666, 489375519444556736, 131756737408373393, 467089442360891061, 659729508299559095, 776977826116582394, 873174117609283988, 875699290941130451, 26118158967473263, 402591588850411443, 301233482987133501, 914721688214077508, 112610620053723116, 996575824929506134, 843488421961241434, 426995492851414466, 531884747417864563, 12437934911416796, 840156771460549512, 178344910722744385, 374101168847087740, 987576909004371499, 316044921401874657, 107228167377938392, 971693550587110836, 726425426349133976, 700191395256396379] 
Weights: [665273148050728113, 525323338761198533, 659161794707886884, 659574479433416521, 338617257590390981, 541919658938891558, 473798309905117162, 672250288388003295, 651268532271992962, 392425070521699787, 567826632348432894, 569159020435978493, 519261408902500013, 155338739462400568, 561573521446687990, 627309760614052835, 327622092285385997, 643381350333451133, 465000626347260363, 520812392966842535, 551712488692388613, 660731818374842090, 631878888329979034, 286064144668481279, 381834802630979323, 154900561303867527, 647706415712489863, 605745669252681619, 558851681816613699, 661613452693968151, 413207004866858492, 314445575350361225, 619819191386562397, 623887404381776022, 548922067182511212, 608514940636323817, 619139713011260454, 360955294213371512, 636110432691848152, 28574836634438728] 
Capacity: 674404757391831168 
Capacity ratio [capacity/sum(weights)]: 0.033 
Maximum value for profits & weights: 1e+18 
Number of qubits: 50 
Profits: [529, 815, 884, 83, 684, 501, 846, 437, 121, 696, 555, 138, 592, 502, 575, 732, 777, 710, 192, 308, 703, 709, 729, 111, 171, 795, 478, 370, 376, 544, 208, 564, 161, 400, 716, 547, 872, 322, 1, 322] 
Weights: [586, 431, 246, 519, 645, 549, 445, 647, 583, 623, 601, 579, 501, 516, 503, 271, 387, 614, 440, 75, 383, 638, 635, 638, 350, 529, 592, 480, 613, 386, 523, 573, 470, 540, 650, 594, 305, 533, 529, 267] 
Capacity: 650 
Capacity ratio [capacity/sum(weights)]: 0.033 
Maximum value for profits & weights: 1000.0 
----------------------------------------------------------------------------------------------------
Number of qubits: 53 
Profits: [4166, 9002, 489, 694, 7930, 3908, 7652, 7065, 1793, 9773, 2245, 3446, 1103, 9220, 2045, 6343, 338, 6565, 7879, 3871, 7966, 2930, 1290, 5659, 4351, 2219, 4906, 534, 5504, 5435, 9401, 3234, 6058, 5091, 9116, 2802, 5304, 3556, 4664, 135] 
Weights: [4291, 3030, 2632, 4426, 3809, 5448, 4636, 4014, 3319, 1962, 5557, 2645, 5025, 4041, 4762, 4643, 5528, 4898, 5320, 2582, 5500, 4044, 4129, 5303, 3405, 4494, 5554, 4999, 5156, 2289, 4305, 3242, 4582, 5351, 4107, 5356, 4133, 5129, 5048, 3532] 
Capacity: 5567 
Capacity ratio [capacity/sum(weights)]: 0.033 
Maximum value for profits & weights: 10000.0 
----------------------------------------------------------------------------------------------------
Number of qubits: 60 
Profits: [771518, 827201, 786666, 49709, 870975, 622235, 296387, 572777, 891312, 229784, 823444, 629604, 235375, 124368, 234913, 610869, 981875, 103278, 34517, 396413, 69146, 159759, 551418, 830374, 148692, 969013, 541763, 256005, 950623, 230582, 829663, 367433, 598673, 885034, 954875, 600171, 757779, 324887, 7178, 501146] 
Weights: [621443, 655701, 667813, 632459, 539460, 558988, 396269, 416792, 349253, 647431, 292050, 673063, 638377, 498015, 560886, 616604, 371431, 602375, 492327, 637904, 404908, 655016, 543742, 550010, 615230, 660850, 492056, 391323, 641465, 190696, 421345, 535852, 625301, 362326, 603714, 573711, 429102, 649399, 523002, 300647] 
Capacity: 684652 
Capacity ratio [capacity/sum(weights)]: 0.033 
Maximum value for profits & weights: 1000000.0 
----------------------------------------------------------------------------------------------------
Number of qubits: 73 
Profits: [4834104066, 2323998868, 8249682978, 6419414856, 1384016047, 7642416194, 5531852834, 1521547724, 1102917687, 8648303775, 4707862311, 9867908751, 376353738, 8966587701, 5553082997, 8838731746, 7004809403, 766550786, 7090501157, 6142237226, 792492045, 9245585404, 6848230701, 8327287826, 4267922720, 6105243306, 8270309903, 4804397780, 7843251005, 8530304259, 7280996846, 5943654470, 5465387379, 3896617549, 5085454603, 7866427951, 5001027288, 4135995231, 7810270453, 989343787] 
Weights: [6313372851, 6374046185, 5843674967, 3915173665, 5537124803, 6244756815, 6808440580, 5100910384, 4504744971, 5405969419, 3272496710, 3762511240, 6252296713, 6148287553, 6442184880, 6590400025, 6564662491, 6766479500, 6904120695, 7099316687, 4429180977, 6793028157, 5574998055, 6921660061, 5409523931, 4540306495, 3741813325, 1159128430, 3939860577, 6276668609, 7002149533, 6620792952, 6923433488, 6818535785, 4352614698, 7002895638, 4595532554, 3155426828, 6828296731, 2087829504] 
Capacity: 7202235614 
Capacity ratio [capacity/sum(weights)]: 0.033 
Maximum value for profits & weights: 10000000000.0 
----------------------------------------------------------------------------------------------------
Number of qubits: 100 
Profits: [283849216645275309, 868859201735750919, 530121106314398551, 119674707164839712, 975037026674906198, 796025216514092077, 883048058893854667, 409974736014815650, 475775405171783069, 187489208523981244, 463255009022306757, 40731666561618533, 672229137032986054, 715412516885840078, 274969916494316516, 856775347255743344, 854512389821644138, 733292031906259507, 202303750238374562, 189338037000638359, 845725791989154305, 987613096010924632, 716456622353177404, 162594405247083633, 974516211954610357, 806758864288235970, 523804236867800492, 650911419485221403, 629542705159119765, 445217208398792762, 117663740502529770, 913993638547410374, 578273924060203512, 999952558204982628, 990544744273992237, 824294707472631999, 619995966643240335, 976147562470067441, 516968676888881004, 640336033975590763] 
Weights: [449547639627023392, 448876906959904713, 363155196502898065, 724656502240797129, 665529633941433124, 715279727944555515, 643024680565814406, 707577891290057922, 565013783735735323, 663356720684906516, 655916858105605081, 665381522629984756, 661725288578411142, 667336276099496582, 666122931147525580, 577032048136807686, 362031130042532923, 331594565457276088, 450650442659405546, 725620822893741765, 581620499125894521, 447961746584287957, 417775882016432605, 438801970536124136, 706390307551614369, 436191977227860339, 485486912513477278, 400328303856797626, 713938942481854255, 630027249407605688, 665443846310364877, 683901723351465732, 607416155691338572, 277285141459413162, 712805786732780298, 265364711834415659, 598108644536600329, 648726398733211268, 597341690354587847, 574803150613095550] 
Capacity: 726987325023316608 
Capacity ratio [capacity/sum(weights)]: 0.033 
Maximum value for profits & weights: 1e+18 
