Number of qubits: 70 
Profits: [222, 796, 347, 354, 841, 323, 454, 202, 882, 379, 16, 993, 357, 620, 268, 454, 672, 466, 177, 644, 189, 656, 436, 471, 981, 719, 792, 673, 535, 741, 877, 931, 33, 920, 87, 148, 594, 7, 241, 451, 652, 162, 8, 814, 840, 628, 191, 915, 681, 518, 669, 690, 361, 450, 908, 88, 694, 577, 185, 181] 
Weights: [183, 544, 645, 509, 471, 559, 157, 275, 458, 635, 580, 464, 656, 514, 645, 461, 362, 229, 139, 537, 624, 484, 463, 493, 586, 354, 476, 440, 589, 545, 579, 624, 555, 579, 356, 536, 351, 273, 438, 228, 624, 397, 530, 270, 544, 624, 638, 611, 393, 536, 490, 601, 486, 486, 647, 313, 601, 623, 643, 361] 
Capacity: 658 
Capacity ratio [capacity/sum(weights)]: 0.023 
Maximum value for profits & weights: 1000.0 
--------------------------------------------------------------------------------------------------------------------------------------------
Number of qubits: 74 
Profits: [3918, 2832, 9259, 7581, 266, 9587, 4946, 3796, 4417, 5589, 9474, 8853, 3458, 4890, 4473, 478, 217, 3775, 3615, 6959, 1798, 5694, 6839, 3018, 6419, 8217, 7514, 7160, 9020, 5610, 8787, 9607, 1905, 2182, 1571, 2918, 2053, 1008, 8225, 9639, 2332, 999, 7934, 7768, 5385, 3736, 2177, 8026, 1582, 1905, 3601, 1721, 9175, 2989, 1294, 312, 9657, 7977, 8264, 8162] 
Weights: [8030, 3206, 7550, 7554, 6336, 4378, 5966, 7741, 7644, 2272, 4776, 6974, 6432, 7731, 5523, 6105, 5096, 5938, 7163, 6106, 5933, 5621, 5354, 7383, 8184, 7442, 6789, 6679, 4841, 5109, 6971, 3300, 5424, 6132, 7299, 4810, 4695, 7311, 5549, 6154, 4597, 7636, 5144, 7768, 6448, 7958, 7589, 5183, 2329, 5883, 6802, 4111, 7066, 7851, 7706, 6503, 7727, 2152, 7507, 7651] 
Capacity: 8316 
Capacity ratio [capacity/sum(weights)]: 0.023 
Maximum value for profits & weights: 10000.0 
--------------------------------------------------------------------------------------------------------------------------------------------
Number of qubits: 80 
Profits: [173543, 885989, 237304, 118632, 15463, 854685, 714410, 392402, 678624, 623196, 49781, 626436, 968860, 787769, 938502, 635266, 280603, 180196, 80039, 745819, 259245, 590397, 462768, 77214, 737962, 190012, 473207, 448023, 490899, 130961, 189327, 67313, 815989, 920355, 185183, 282543, 882173, 232899, 934685, 143039, 349175, 583239, 234921, 607963, 836706, 717915, 731274, 570209, 108030, 672370, 829834, 296665, 823763, 856473, 786946, 763317, 5021, 581284, 867130, 67483] 
Weights: [177837, 644342, 641967, 530078, 601612, 164492, 641338, 535339, 632622, 534536, 637248, 256404, 578324, 250211, 493389, 323619, 559674, 563227, 164324, 612358, 619759, 572928, 419731, 558724, 636947, 386926, 283981, 272499, 670040, 484129, 407824, 584726, 524432, 179902, 555934, 530905, 665190, 590918, 672828, 333561, 551377, 431395, 517035, 581519, 370579, 456638, 336625, 635966, 618562, 637765, 581299, 619323, 540744, 581733, 433626, 482108, 562390, 612235, 247611, 649189] 
Capacity: 673766 
Capacity ratio [capacity/sum(weights)]: 0.023 
Maximum value for profits & weights: 1000000.0 
--------------------------------------------------------------------------------------------------------------------------------------------
Number of qubits: 93 
Profits: [157529963, 2334412514, 7043155757, 4200965297, 7999855126, 6458835733, 8917983059, 6158680322, 923291012, 4220965661, 1988989906, 6799560533, 5740305841, 4375632260, 1257867960, 6885374456, 9467829409, 6162280439, 2430621283, 8490956542, 9470420884, 1578345255, 4540960809, 1896843332, 882227443, 5275892927, 5275928394, 4400302859, 5602803941, 3649168372, 4217913897, 3854070566, 7885525020, 7197886015, 2398652179, 829867909, 89229657, 918605866, 7731938836, 7575743584, 253455391, 7401730637, 4236678978, 8437987852, 6985880585, 8910319997, 1523783163, 7043523412, 7322842021, 3547188662, 2632149970, 6842755208, 4248159065, 209075299, 5278538775, 8942447181, 1333150674, 9915425719, 2810672012, 4121310254] 
Weights: [3922992874, 6994328648, 5078963358, 2012673658, 7116271265, 5729094304, 6324857541, 3107149237, 6267560353, 6100341198, 6391659952, 7036584765, 6047494497, 6933440681, 3590479196, 6821150825, 5775717716, 5191647670, 5475331094, 5061740336, 7116839826, 4590868299, 6962781930, 5872155090, 5374936398, 4637359626, 4599163798, 5950312933, 5702949461, 3815916557, 6138541400, 6882159759, 5952176433, 3805857608, 7125852291, 4640471534, 5097747820, 7125441430, 5505509059, 4846428247, 4081689588, 2205849446, 6748675328, 2172225269, 2225061804, 6899365347, 5225693767, 3017982345, 6249533448, 6421349230, 6200377726, 4422948097, 3579444310, 6328237452, 6245593948, 1983182686, 4889921166, 6592942092, 1868046954, 5299460531] 
Capacity: 7132199053 
Capacity ratio [capacity/sum(weights)]: 0.023 
Maximum value for profits & weights: 10000000000.0 
--------------------------------------------------------------------------------------------------------------------------------------------
Number of qubits: 120 
Profits: [503809710992980720, 174805294566352725, 855410812189210172, 897168443303408252, 441392522472887190, 198965003551359829, 245544459636991323, 347456166725180652, 823038718830603676, 850024181797835565, 545398592637975829, 383168915329015489, 46262291298847473, 568631557275771000, 122655539588872835, 622328275370575330, 494283856560154459, 823779242717950143, 24661712440037928, 638160743905456317, 689197448107494165, 154718340455085821, 642465139547667672, 497612649059356647, 669334997397865860, 616213190913469301, 210134457389942732, 574238138686108741, 611955595370587386, 362540033077613406, 530469600854125175, 758363510924506774, 882842178044791839, 851918014781523239, 22284661750602525, 937069563523898841, 239747561020768549, 683863307621525436, 672591520211226902, 407675445253690769, 253594283428576093, 899647633588752449, 159104013777719365, 614851048372512456, 120088530240097443, 460675624492647497, 920257142067289921, 820441956335951836, 486143778126352928, 372465046649102113, 238834242146582780, 328660870140796774, 347941981657200969, 268345308960564396, 349585677230534594, 583135255795389625, 470889301818287688, 925354440086183685, 294981027228420723, 394751745199178766] 
Weights: [609692997656039991, 589994294203927997, 435292122782016220, 640006937363331749, 589787796033370961, 563130250797589600, 254413312653531217, 530451648347818126, 499649020980107320, 594766734293339979, 481925007971503870, 198979715648669466, 369319943284146736, 589119872079031534, 175651144741141667, 637799137673278293, 401558593931561547, 640454126669518352, 496657353292860810, 230111279624496177, 623552028449791917, 523478229378246126, 625764712996618987, 463381757894971861, 583431280716842159, 388995458993879901, 599900850158595137, 583431857690761885, 367111411446624356, 592514520154774225, 547131127929591583, 332164246693387737, 396324465489965676, 451685778507271306, 250337689261839086, 603273889703874440, 320969302283537764, 596975291109624113, 415008216153848194, 379690221626337956, 561862695417337774, 544115498153238050, 396057581742374196, 223559473741606730, 616454121503481351, 243212398926546122, 625335752680135855, 339653020158244021, 617838316568223284, 277566077596822976, 546241767880937787, 586932928799174306, 510083501237189636, 569265668951109682, 467852499258893076, 413603689962278484, 470849024952268887, 379206770952064712, 577729342743399935, 563589409196558596] 
Capacity: 647262076458138496 
Capacity ratio [capacity/sum(weights)]: 0.023 
Maximum value for profits & weights: 1e+18 
Number of qubits: 70 
Profits: [662, 616, 114, 911, 842, 725, 587, 292, 340, 102, 249, 423, 779, 783, 655, 692, 542, 865, 936, 172, 812, 840, 848, 978, 502, 874, 806, 991, 230, 383, 939, 152, 762, 898, 803, 134, 175, 887, 632, 704, 989, 652, 55, 863, 32, 562, 206, 882, 890, 57, 558, 733, 893, 994, 172, 745, 555, 769, 397, 685] 
Weights: [379, 571, 499, 605, 352, 568, 398, 356, 430, 196, 416, 462, 368, 321, 531, 705, 511, 149, 352, 606, 664, 549, 706, 618, 600, 616, 679, 673, 655, 638, 697, 698, 548, 329, 518, 495, 574, 547, 509, 603, 638, 706, 619, 524, 676, 695, 704, 396, 276, 535, 695, 408, 485, 688, 111, 421, 666, 363, 474, 538] 
Capacity: 707 
Capacity ratio [capacity/sum(weights)]: 0.023 
Maximum value for profits & weights: 1000.0 
--------------------------------------------------------------------------------------------------------------------------------------------
Number of qubits: 73 
Profits: [7985, 4462, 2478, 3282, 5733, 9317, 2467, 6639, 2438, 743, 4982, 5166, 8011, 4028, 1351, 230, 5851, 5566, 1905, 7888, 6488, 7040, 8085, 5430, 2020, 8743, 8361, 8709, 8080, 3038, 9955, 820, 4360, 1006, 265, 4545, 4545, 1864, 6991, 8786, 7414, 6263, 1332, 3988, 5715, 4676, 3736, 9742, 1619, 2354, 3723, 2920, 126, 8433, 6919, 6311, 7254, 2906, 1039, 407] 
Weights: [2826, 6689, 3022, 5658, 6496, 5112, 2838, 5847, 2854, 1897, 3895, 6759, 6556, 2066, 6541, 5641, 5658, 4390, 3410, 2901, 3242, 6165, 5904, 6160, 6590, 6670, 6114, 4994, 5465, 6623, 4801, 6531, 5657, 3379, 6631, 4468, 6956, 6151, 4529, 6643, 6648, 5005, 6336, 6853, 5623, 1676, 5872, 6348, 5211, 3492, 6736, 6801, 2685, 5248, 6958, 4641, 5318, 1986, 6204, 6300] 
Capacity: 7000 
Capacity ratio [capacity/sum(weights)]: 0.023 
Maximum value for profits & weights: 10000.0 
--------------------------------------------------------------------------------------------------------------------------------------------
Number of qubits: 80 
Profits: [448633, 801677, 400800, 944471, 771645, 269588, 96147, 37578, 366000, 964971, 335330, 90700, 944789, 657152, 824048, 405553, 990750, 19001, 811497, 149715, 332802, 672561, 507423, 313973, 535155, 288511, 966445, 203672, 69073, 195274, 469585, 729690, 305585, 162777, 160720, 379711, 115215, 837884, 685478, 822455, 273285, 497773, 699448, 896527, 687209, 839553, 576440, 913735, 48539, 547649, 393819, 574162, 405572, 577398, 934683, 886898, 561128, 122953, 558386, 549081] 
Weights: [740969, 675748, 307973, 694827, 597560, 267834, 420880, 715951, 705459, 754691, 732777, 381717, 514362, 512793, 661651, 708626, 646200, 698589, 698634, 299527, 587667, 492349, 455215, 721306, 726716, 529265, 710753, 495258, 695158, 698040, 551468, 294098, 695167, 498085, 403079, 628432, 358766, 525043, 618931, 596688, 726739, 499913, 698172, 336255, 703579, 556833, 391145, 761591, 441916, 419061, 472754, 680165, 657354, 660336, 442168, 473322, 675933, 759452, 119733, 276517] 
Capacity: 770408 
Capacity ratio [capacity/sum(weights)]: 0.023 
Maximum value for profits & weights: 1000000.0 
--------------------------------------------------------------------------------------------------------------------------------------------
Number of qubits: 93 
Profits: [1892494798, 3657570592, 268886500, 9493841793, 4229438012, 3551019858, 6401137509, 6418506341, 5419129693, 9809413399, 722021696, 6516487624, 4471394071, 5647194189, 990678841, 5486206817, 6711033726, 1108499649, 450162083, 68863314, 2496957782, 7255253139, 4166626954, 4477026639, 3300484960, 7151426568, 7410766838, 4659945337, 905450940, 2594135637, 1607163382, 7210848368, 195374074, 2034004231, 7957121933, 5594997749, 9555912408, 1743927710, 852409452, 3523514528, 6357261529, 7329874808, 8707147182, 7748951073, 1130610674, 7386074257, 2962135184, 3071889809, 6337242240, 993471959, 3010292959, 8445420432, 6522354561, 5511861017, 8953619873, 4067520777, 4435129647, 3255361887, 3613939865, 4814726810] 
Weights: [6865930973, 6936137309, 1864099658, 7042402391, 3527407893, 3547219983, 3976871557, 5957052608, 6016667530, 7188177930, 5125317494, 6563625428, 3892679208, 4240437318, 6120322319, 5650789563, 7126679851, 7029320266, 7203096702, 5356546344, 6179475513, 6946823292, 6466500556, 5171607187, 5316824152, 5317478628, 5551128723, 6456812916, 1700389846, 3967695312, 6116918485, 4173337811, 6518369323, 4767517526, 4179294095, 6540623996, 4168189186, 5866704980, 4422553240, 5858214724, 6623477664, 4422983531, 5526216112, 6648580053, 6702070356, 6405593245, 6090788475, 7173106115, 4999449268, 4414449495, 2020046789, 5403012344, 765876846, 6524994608, 5756404622, 5286295146, 2817340897, 5519479440, 4911086434, 4659233426] 
Capacity: 7244254593 
Capacity ratio [capacity/sum(weights)]: 0.023 
Maximum value for profits & weights: 10000000000.0 
--------------------------------------------------------------------------------------------------------------------------------------------
Number of qubits: 120 
Profits: [551691312803716983, 618477292133919825, 555102522215591710, 61681473876135707, 743597555324015335, 604189299301921534, 615835721990540273, 292275252579142092, 868976300206379358, 112912894011628173, 341486844859345801, 4274607997632566, 577580807913893338, 457581721691638851, 87760709590160847, 157721844817358748, 753702874534361444, 232594191881373311, 145565381199192395, 760949759573467436, 807930224550504111, 107448984710650218, 536310257199019155, 1490999710026541, 941021058814145345, 300278959619490634, 177400103772077397, 650146335219160621, 671688124824829288, 827926230445777946, 825646960919428377, 303913875214716376, 566208815926359545, 216392429787264622, 367648949289651639, 666068929698861506, 538785088940700406, 907458222033288082, 645679426074050674, 907664035973015369, 643815805585533148, 152839429931657262, 168930040351964173, 370254518032881849, 183075833956588555, 74326972297574051, 560640663466323142, 156738287296211824, 556856325899610432, 403961769128728522, 219880424683721383, 503098567544101845, 502534130871177171, 980095785188279589, 374048311878142898, 2277673441830344, 798472873205935665, 324277647937416000, 611776591187981901, 577210432857481447] 
Weights: [564520120650430980, 145073345979834601, 528405639507265864, 522150920729924492, 660865322057599957, 147773777790300713, 616964186976973846, 645441193071781919, 472761010097289499, 574660369250992425, 259130382548994894, 580701791071720208, 597528119415252774, 425088781104838359, 567812895453541651, 653034513721556833, 532287903244579130, 659839283390057166, 586597784176189321, 657259910549009746, 520729313216782567, 482877220061260578, 101282633306988444, 598354357715492573, 247113860051219881, 220449914652642021, 511870998077689914, 593627706994219133, 568640345032521324, 362613073817814426, 632919916007347002, 398891078147086176, 649201190034288541, 655480829849998602, 653648328472043791, 576511756680701764, 656538784191172927, 126900698384284590, 677479686426104098, 477463317335306690, 602469715029516252, 482785578853226966, 353380740593874778, 215098427565273851, 519072752465225955, 557923403520265746, 621975181963319156, 651897235236747506, 584164508927652903, 611963856486317707, 443464390863937197, 648551924937917868, 453318013730229645, 507187184212291879, 459775626918363008, 315297311075799225, 453696105125270192, 656842261783710486, 561863657405453235, 529405698218076923] 
Capacity: 685827562809162752 
Capacity ratio [capacity/sum(weights)]: 0.023 
Maximum value for profits & weights: 1e+18 
