Number of qubits: 60 
Profits: [424397395, 291124592, 771822335, 542737571, 204884285, 622436096, 223811241, 614524876, 718819958, 998713800, 520004893, 527595471, 2585465, 29464425, 638776003, 888730028, 960224556, 723356283, 677086137, 859484265, 614833357, 122825782, 699568090, 291111597, 540570849, 36340687, 647619454, 822725478, 992202846, 670432927] 
Weights: [233139063, 400945730, 472812687, 590630757, 317177191, 770544795, 771691750, 713440311, 116389433, 301461773, 925111010, 710080936, 795941610, 165696997, 436203452, 893302609, 752969549, 485946027, 553151458, 437876525, 212585120, 686129741, 888866908, 81616532, 732110715, 326419976, 546416329, 612722203, 660258563, 661460305] 
Capacity: 935596010 
Capacity ratio [capacity/sum(weights)]: 0.06 
Maximum value for profits & weights: 1000000000.0 
--------------------------------------------------------------------------------
Number of qubits: 60 
Profits: [155514548, 643978265, 406258873, 20351825, 775516155, 497001394, 218090050, 914197948, 703357509, 339308606, 512542493, 740883173, 716217235, 764846299, 633402878, 318120963, 441780515, 90034722, 33372589, 638691237, 427883614, 929597761, 440112991, 984112330, 371981749, 672107320, 23278611, 534548625, 143006731, 202663889] 
Weights: [344303830, 704368691, 156926459, 362335875, 142578856, 96952038, 406059678, 490252462, 171072105, 539082519, 502215386, 680516589, 483814200, 368704377, 657095443, 695788563, 467827033, 712060057, 258788012, 169475571, 677649802, 819265365, 582285008, 592195648, 585519319, 239644088, 801770253, 441661126, 559771362, 351993818] 
Capacity: 824171050 
Capacity ratio [capacity/sum(weights)]: 0.06 
Maximum value for profits & weights: 1000000000.0 
--------------------------------------------------------------------------------
Number of qubits: 61 
Profits: [745708058, 173225900, 364206414, 604171293, 899432289, 601422532, 357433090, 450349469, 64635546, 718094627, 98442861, 740513202, 772091187, 115303203, 71823563, 639344751, 325883401, 274165515, 995345012, 524353300, 457335818, 338118597, 371890296, 606736029, 124817005, 20625816, 709119917, 872686034, 346991006, 529303349] 
Weights: [714278303, 802998535, 407633581, 514952752, 368866392, 234082597, 664602782, 70729233, 730130648, 546995198, 958819293, 767908706, 488389535, 234548879, 547609331, 1008646067, 757444475, 934234796, 618576245, 801221878, 509630669, 949146397, 891990579, 453093505, 671354978, 863434931, 230314292, 415749476, 889018897, 745346177] 
Capacity: 1084226781 
Capacity ratio [capacity/sum(weights)]: 0.06 
Maximum value for profits & weights: 1000000000.0 
--------------------------------------------------------------------------------
Number of qubits: 60 
Profits: [570009669, 397081173, 503032843, 975525704, 1394065, 639546884, 693554020, 334251379, 223492316, 432345424, 393528657, 244545325, 45434492, 623640207, 419785481, 798641864, 417620011, 35453491, 582464768, 281438165, 961135413, 661532709, 670069089, 421129289, 215470690, 54099482, 995578328, 111160806, 656834747, 262777290] 
Weights: [760811659, 360778680, 628760984, 902968974, 471470847, 501940670, 709925501, 1003203762, 369723069, 749837704, 137933519, 848034113, 989218098, 364622497, 141345520, 492769538, 989351120, 248509446, 978271199, 184353618, 1002299065, 307984331, 288300232, 594169701, 443809471, 648917983, 840197690, 755109644, 757999161, 713711841] 
Capacity: 1049738445 
Capacity ratio [capacity/sum(weights)]: 0.06 
Maximum value for profits & weights: 1000000000.0 
--------------------------------------------------------------------------------
Number of qubits: 60 
Profits: [45000556, 383266698, 139916351, 998344264, 547460248, 790836953, 663624019, 587795049, 642218655, 853315980, 716786770, 78850750, 272793194, 773018274, 631684411, 911977408, 725181265, 169648718, 670493285, 284315223, 359731199, 462811489, 367608753, 731734416, 80983419, 933820500, 76882162, 145956826, 230845572, 604547353] 
Weights: [559244136, 770961599, 810733469, 99533916, 302074505, 859196583, 565887800, 680328406, 559268548, 691077865, 406868547, 478594334, 554288091, 846363497, 213656964, 138752458, 733994480, 731378622, 201442790, 839641267, 339946870, 280353458, 469473302, 692424741, 286728251, 153394242, 564578200, 252594007, 317399756, 113009092] 
Capacity: 865614914 
Capacity ratio [capacity/sum(weights)]: 0.06 
Maximum value for profits & weights: 1000000000.0 
--------------------------------------------------------------------------------
Number of qubits: 60 
Profits: [203501737, 749707893, 146575778, 763958860, 660188151, 186617973, 558871164, 639105658, 917182472, 443156420, 923488144, 46347785, 405951240, 733756044, 52716424, 923222400, 806247653, 328788714, 794336403, 784286656, 742995977, 778514817, 937745985, 297402707, 316752150, 784993502, 392452963, 656918788, 199346280, 664244493] 
Weights: [849767916, 349805773, 624143791, 680456258, 538548473, 646557488, 693970020, 655792086, 409188325, 320342492, 661745084, 346628749, 693645620, 568589753, 459819589, 159047216, 313399493, 239079854, 389861046, 856328354, 401034073, 848601275, 592415065, 289383033, 578336119, 419343071, 350769801, 453394672, 277695659, 338340042] 
Capacity: 881403221 
Capacity ratio [capacity/sum(weights)]: 0.06 
Maximum value for profits & weights: 1000000000.0 
--------------------------------------------------------------------------------
Number of qubits: 60 
Profits: [669662103, 250067586, 641965031, 182761076, 441990605, 611164730, 285690052, 143247856, 952448059, 928147579, 399410290, 805160666, 688276380, 201639352, 696437788, 808247640, 661632120, 937721659, 61545657, 796218855, 730959100, 122612155, 540256951, 266029009, 315048094, 451955722, 336276687, 453613074, 358152994, 708886421] 
Weights: [876979601, 668646127, 218717638, 476603971, 844403255, 330004802, 444165033, 873098436, 278829841, 619545032, 670249809, 820609755, 321370512, 397522198, 621954282, 706968070, 520709384, 518409462, 396902342, 233102663, 771171844, 299463935, 191464368, 536883101, 215136752, 639864489, 505402886, 720367393, 248967020, 584886436] 
Capacity: 899315042 
Capacity ratio [capacity/sum(weights)]: 0.06 
Maximum value for profits & weights: 1000000000.0 
--------------------------------------------------------------------------------
Number of qubits: 60 
Profits: [898668777, 231568169, 236036629, 445468011, 748955958, 35331534, 896651004, 337591354, 443356926, 589374147, 78369462, 756887572, 247663663, 181139373, 313499272, 849466717, 833857412, 884625414, 892197782, 778149187, 857102641, 81409513, 819777414, 224400621, 276153933, 162486050, 760500276, 473436674, 953737889, 629157050] 
Weights: [406788470, 829939962, 418979637, 832013911, 701973158, 651503815, 831664168, 313592922, 150417574, 157061530, 856476664, 203054077, 547763439, 495631150, 145359710, 960249039, 715174227, 155733178, 414176879, 784091746, 692671878, 778680624, 671046644, 165368227, 686565743, 939662411, 523847551, 631369941, 583012098, 577947254] 
Capacity: 974692663 
Capacity ratio [capacity/sum(weights)]: 0.06 
Maximum value for profits & weights: 1000000000.0 
--------------------------------------------------------------------------------
Number of qubits: 60 
Profits: [274625437, 244423061, 839528073, 504460333, 189540867, 914880865, 151045492, 226913904, 886841284, 556735078, 751587709, 719155131, 588625497, 455716355, 953496286, 510737427, 209926118, 421554433, 100052484, 227748239, 967697722, 293506827, 819418611, 326397624, 478625281, 851251931, 772532463, 966265176, 660199658, 798522449] 
Weights: [411851219, 851685411, 724712673, 715854144, 567117268, 54713592, 651442377, 540803974, 604793833, 171980082, 414818336, 631255484, 187661136, 430217215, 762741223, 681348875, 380666546, 606819712, 519566799, 59872358, 719036881, 76702360, 149250220, 411732346, 698742458, 694675596, 703521820, 323841127, 614589130, 276611399] 
Capacity: 862280075 
Capacity ratio [capacity/sum(weights)]: 0.06 
Maximum value for profits & weights: 1000000000.0 
--------------------------------------------------------------------------------
Number of qubits: 60 
Profits: [540763058, 412534244, 592822768, 946650377, 969898479, 697151489, 792913516, 855136988, 453777955, 184945800, 250478131, 194650670, 754356485, 273648053, 474356074, 550960649, 671086540, 617590323, 697089347, 740661780, 190834659, 909603103, 154627286, 943068004, 783938288, 18462837, 84953658, 950019050, 918472374, 291005564] 
Weights: [669053889, 392478778, 850505927, 540339406, 496815394, 424090587, 659351993, 539325050, 791349442, 103937613, 793232196, 437209211, 288040572, 707936073, 383642790, 767534830, 82327326, 198892704, 793352853, 238215141, 232204690, 123084905, 186107645, 433170170, 346846124, 493407201, 572323013, 800565296, 822265484, 581727994] 
Capacity: 853194905 
Capacity ratio [capacity/sum(weights)]: 0.06 
Maximum value for profits & weights: 1000000000.0 
Number of qubits: 60 
Profits: [944792382, 57711815, 207491464, 401423865, 662173450, 306017138, 425682597, 446854751, 375878607, 601607975, 403898725, 716889793, 265594908, 869696722, 293357956, 791633464, 469191247, 769761496, 444112354, 540972837, 312745840, 523115562, 735647431, 282917365, 960882343, 613509872, 35737263, 806762723, 699226375, 932345980] 
Weights: [917785971, 866685173, 852323940, 693336791, 642912627, 146934522, 777012794, 623738542, 937681155, 705556410, 161255549, 901919785, 831852161, 491402287, 552931299, 708578558, 191807230, 845966241, 367114987, 740052839, 410065567, 661794175, 251452160, 193799569, 408170423, 206213968, 161098233, 865979704, 379186710, 233215452] 
Capacity: 990127946 
Capacity ratio [capacity/sum(weights)]: 0.06 
Maximum value for profits & weights: 1000000000.0 
--------------------------------------------------------------------------------
Number of qubits: 61 
Profits: [597200261, 22213256, 820013181, 642618652, 40007334, 856975307, 18228311, 622016160, 77566868, 583343283, 717644420, 67275575, 814616005, 508949286, 613295448, 858060169, 490478145, 155718120, 958438026, 817291497, 713155506, 90772617, 553236336, 152737871, 977175826, 934727522, 59055876, 420084008, 498964200, 612621863] 
Weights: [908202335, 400946499, 1021854294, 198816382, 824077773, 877603600, 724259557, 959724530, 724166625, 152027635, 621127499, 593235660, 421340096, 699741468, 160236317, 721894501, 678554380, 817294993, 214558851, 968548923, 660270789, 598266298, 197190015, 903702902, 233445479, 633172991, 640170248, 415364820, 968959789, 864141937] 
Capacity: 1077997847 
Capacity ratio [capacity/sum(weights)]: 0.06 
Maximum value for profits & weights: 1000000000.0 
--------------------------------------------------------------------------------
Number of qubits: 60 
Profits: [396132364, 610843130, 633110688, 843105436, 962686386, 696572871, 256135380, 552863924, 175432720, 760985960, 830300035, 672041219, 944946861, 708520697, 716786958, 818834005, 829032152, 692678656, 892186852, 280899178, 313186302, 842943912, 487769949, 228823670, 532681397, 191818930, 293188706, 821019078, 146467603, 117685632] 
Weights: [690234171, 169552548, 763338522, 577130979, 389110760, 194441122, 333462870, 265725606, 373751347, 609880614, 586500484, 420469738, 463153246, 699893036, 552931698, 348326762, 799961054, 312155952, 321477977, 683222617, 445941258, 206701023, 579481887, 724015304, 825452083, 383670080, 480284651, 353330064, 506582106, 821835667] 
Capacity: 845006810 
Capacity ratio [capacity/sum(weights)]: 0.06 
Maximum value for profits & weights: 1000000000.0 
--------------------------------------------------------------------------------
Number of qubits: 60 
Profits: [388323520, 71123469, 289366466, 438582490, 33201839, 509168745, 528358502, 114872072, 632441073, 333536753, 343882488, 259578443, 547240062, 586245534, 297246162, 232432253, 32001790, 944495281, 311861485, 714632853, 993420530, 181094300, 47396830, 183463224, 575695725, 732823572, 470133550, 67931168, 170106580, 573422284] 
Weights: [760287363, 108248835, 207147856, 390590734, 238839132, 630905770, 738490212, 672421578, 263416809, 132892881, 716057519, 599945977, 689723304, 574335280, 156299346, 634148945, 439536057, 207270172, 137352177, 312708358, 708007043, 121540349, 369788964, 204047879, 641281757, 688901473, 674443230, 590247802, 154385647, 192329503] 
Capacity: 766027309 
Capacity ratio [capacity/sum(weights)]: 0.06 
Maximum value for profits & weights: 1000000000.0 
--------------------------------------------------------------------------------
Number of qubits: 60 
Profits: [611285576, 247979727, 199648627, 440574834, 478266257, 620647032, 845569565, 386505162, 174970539, 5624369, 349230049, 240330924, 478546141, 792716493, 528382267, 747999038, 662871986, 278114448, 886340406, 380739288, 920643640, 417848317, 213501793, 952280305, 423361911, 494882894, 844737098, 160407092, 580526178, 694613605] 
Weights: [634320688, 699828417, 905352542, 515789453, 447743292, 274130132, 884118578, 819562499, 805101207, 271698891, 539302566, 407333887, 552161468, 379618729, 765156013, 430365266, 278224964, 214644961, 774667184, 562813878, 711881794, 270790336, 215678894, 842227611, 255304412, 266815204, 940140630, 559078887, 881933016, 554267602] 
Capacity: 969176027 
Capacity ratio [capacity/sum(weights)]: 0.06 
Maximum value for profits & weights: 1000000000.0 
--------------------------------------------------------------------------------
Number of qubits: 60 
Profits: [484131616, 885614297, 895755619, 369194177, 812295445, 896461637, 39760621, 297877975, 546659183, 811667297, 994641476, 661314856, 9267472, 737024770, 62844511, 376663740, 188896648, 302397453, 711285757, 596256872, 706730142, 323894997, 211751058, 685068946, 957200175, 281456015, 883932273, 215789410, 468044197, 974529384] 
Weights: [256357217, 465040381, 787735572, 708144247, 635288460, 831954081, 261418804, 682185477, 204558284, 660916344, 119873312, 660396978, 776571705, 467686200, 760865888, 80877142, 781044115, 462042053, 228377234, 270613452, 423740973, 297951172, 718427001, 748434408, 730691296, 836631161, 556009483, 319416201, 195827996, 428414927] 
Capacity: 896092777 
Capacity ratio [capacity/sum(weights)]: 0.06 
Maximum value for profits & weights: 1000000000.0 
--------------------------------------------------------------------------------
Number of qubits: 60 
Profits: [629256416, 813918454, 57252375, 212243958, 659586173, 746776201, 568567628, 60066276, 515019482, 900889655, 411890074, 61964045, 77423868, 752264298, 578060347, 5789066, 720469051, 788952544, 400445807, 237424497, 809702278, 249556486, 718244942, 523682256, 309965664, 247435639, 834701613, 803518180, 410475852, 855866284] 
Weights: [84990716, 847282156, 680187382, 746534475, 84684503, 570758459, 400050587, 594246309, 838036313, 289972272, 78622274, 543109527, 520799488, 327011889, 732710106, 744547711, 189925343, 722007799, 440664840, 359595827, 299345721, 166868515, 630952333, 613443885, 444977580, 821489604, 583623639, 859020817, 210289670, 519874366] 
Capacity: 865790501 
Capacity ratio [capacity/sum(weights)]: 0.06 
Maximum value for profits & weights: 1000000000.0 
--------------------------------------------------------------------------------
Number of qubits: 60 
Profits: [405254707, 712623419, 396109175, 490065576, 647416086, 391999314, 562076042, 467978129, 449962191, 514381679, 125400952, 613274629, 490601812, 791406855, 149229743, 131392589, 79177523, 818276244, 65438802, 650524841, 55226406, 133030455, 969122888, 651731925, 822563256, 178079926, 31523100, 146870560, 879423512, 633482728] 
Weights: [65274872, 618706226, 770751351, 445172612, 750608287, 902912411, 193099607, 691531008, 820528564, 874004899, 887470018, 696887439, 113844879, 662493759, 396628839, 182580580, 426193281, 382759967, 459225478, 895796181, 678871223, 603019355, 332741429, 328721776, 957447372, 520190342, 75473662, 983003799, 681939098, 220778398] 
Capacity: 984127540 
Capacity ratio [capacity/sum(weights)]: 0.06 
Maximum value for profits & weights: 1000000000.0 
--------------------------------------------------------------------------------
Number of qubits: 60 
Profits: [306568022, 919488762, 654506217, 810850130, 208875590, 953529735, 185826612, 893843800, 570749554, 830680684, 26257733, 126266577, 22859579, 102810554, 848081311, 134528549, 946540855, 378658832, 640643079, 620878201, 835139322, 74163774, 434046739, 137929026, 119112947, 275229510, 557269619, 408682321, 835167531, 766947274] 
Weights: [341926085, 485750812, 514257203, 731737074, 245646153, 600192355, 228170490, 577979270, 541975619, 648173337, 301085836, 289742483, 199849620, 385208366, 427763893, 702071544, 379956047, 600113146, 348880941, 706709942, 485193397, 192918431, 413064535, 653260359, 272452356, 193893494, 319015740, 634672323, 524061271, 529198300] 
Capacity: 777422113 
Capacity ratio [capacity/sum(weights)]: 0.06 
Maximum value for profits & weights: 1000000000.0 
--------------------------------------------------------------------------------
Number of qubits: 60 
Profits: [931841262, 385635444, 246195787, 570922125, 643342612, 760399693, 408651857, 884588129, 627611138, 931654670, 475651630, 260993815, 203656036, 391375540, 612537392, 908211817, 154723292, 780541165, 639917635, 428822771, 315641692, 666704067, 263977376, 701114963, 749675633, 725820797, 815455258, 176452818, 940477467, 553544557] 
Weights: [378034071, 806717418, 566885538, 143263280, 880417309, 471962267, 628567800, 542978849, 209869709, 671573229, 577000840, 645023839, 710929234, 604472668, 761278558, 563750842, 579705390, 781774809, 273175414, 495337658, 850267159, 81433204, 536397758, 806746952, 439879221, 566037172, 244189524, 845710851, 93144407, 193195519] 
Capacity: 946202338 
Capacity ratio [capacity/sum(weights)]: 0.06 
Maximum value for profits & weights: 1000000000.0 
