Number of qubits: 77 
Profits: [94442729736, 45361219870, 14828044262, 95780590452, 88482257797, 15377398269, 39728508842, 34790832268, 4764740489, 83457289973, 42239171402, 56955152745, 31160408506, 96444714135, 39088301466, 85906657674, 52107277439, 62087792790, 27584601391, 80699812493, 28287881234, 78525315099, 37238310313, 22568139499, 48864612791, 33724266997, 72145213968, 30123076130, 80174131832, 78281562921, 91230957821, 10198772642, 98521314985, 73121189912, 20190984753, 34284330117, 34754539200, 94064059701, 73065258003, 34173639401] 
Weights: [34639398210, 70484057652, 53345047662, 50457024376, 53826942539, 34497505327, 53302374758, 63022908394, 31527633574, 70404062158, 23034581581, 22650742044, 41273062519, 59005279730, 42281256229, 57117854923, 34882802200, 63605667102, 46420404092, 38123959695, 20959004964, 54891385466, 52443938519, 45165976407, 29669745190, 32136167673, 63905827900, 72856286318, 41680454455, 48927069989, 33061637084, 72722125915, 20129982462, 56998372434, 35919307893, 53641256331, 65358767525, 63043612186, 32649954121, 45700419927] 
Capacity: 73615351743 
Capacity ratio [capacity/sum(weights)]: 0.04 
Maximum value for profits & weights: 100000000000.0 
----------------------------------------------------------------------------------------------------
Number of qubits: 77 
Profits: [24508833978, 61889636602, 21859436418, 84422401465, 36710092669, 21620782059, 56614042658, 81218911723, 96257929428, 67767625144, 38320761837, 9978902657, 74056588755, 38875858053, 91923308338, 28725576439, 32060635092, 16225034795, 46521170608, 86751110009, 60603728295, 64548356253, 81483735608, 33579079372, 65290464292, 51986717149, 21882177602, 86905701836, 81953433628, 5866025424, 9521811908, 67381031955, 61763649994, 42321777514, 86222139587, 94417071688, 59010457612, 33798861781, 26283019027, 30328541441] 
Weights: [31216161956, 54745211342, 48655286027, 55843929792, 50250099890, 38536273736, 53904727672, 38666588489, 61629269962, 63102101951, 47592092203, 44416255776, 47620931207, 40111508888, 63862924621, 11445924550, 19041398131, 42217975684, 59652930552, 53909631302, 26759707208, 58223889259, 53169674708, 33574033362, 40826249991, 62053279414, 42477360702, 25026329196, 42830467914, 65824587921, 69756014480, 49237396667, 65440772400, 15179297321, 60896607760, 17404966992, 15307417160, 22168148580, 68529138502, 51032105298] 
Capacity: 70491763869 
Capacity ratio [capacity/sum(weights)]: 0.04 
Maximum value for profits & weights: 100000000000.0 
----------------------------------------------------------------------------------------------------
Number of qubits: 77 
Profits: [63028517618, 67344933707, 42491886963, 15509830853, 62351197435, 23785847648, 25636866629, 99830870018, 47989190521, 95533069175, 84840145539, 29069145695, 42076076700, 11107644500, 58624227949, 70293743586, 62556943345, 35483599983, 9538904852, 15320679771, 25623116033, 81778629820, 24818289219, 59647088549, 67262412079, 87859960152, 97404047697, 65526005895, 43040929196, 73459798568, 63681396966, 61005636813, 43924572520, 72346325934, 38352133877, 49021400926, 58326347164, 74866288361, 21475243160, 92304092813] 
Weights: [9423072595, 65992047586, 30204921305, 65820212873, 56724215360, 50998312756, 62710683221, 30652731681, 28883907087, 64198452743, 42344400408, 50788279774, 28806710138, 22760174915, 28131879473, 65095966958, 54105235409, 54968557219, 47332778114, 40634071613, 53358142319, 24417984830, 34433519435, 59432373180, 39530749171, 48071514573, 41157344996, 68711047771, 56732993706, 33004983975, 28443874957, 48072379200, 39626901114, 29928616588, 40042341348, 58276812310, 46346073477, 42786187248, 40899797599, 24762025754] 
Capacity: 69422520069 
Capacity ratio [capacity/sum(weights)]: 0.04 
Maximum value for profits & weights: 100000000000.0 
----------------------------------------------------------------------------------------------------
Number of qubits: 77 
Profits: [65360718154, 23136594815, 21191379860, 35796346119, 88604433776, 27977846040, 36401409749, 43784821021, 74380253492, 63813895107, 8680972662, 51291138069, 55178709790, 29079331216, 88337874341, 49340583308, 12475431787, 51994355586, 85450459076, 15653438363, 91599991654, 66773671235, 98791651935, 15312633143, 32967722025, 75243790019, 39983963043, 63297808887, 73268522938, 56525197746, 89400614946, 42947761399, 22612357252, 445590756, 53184951708, 70182153701, 33569402949, 14895656634, 94803051079, 96509696752] 
Weights: [69851550509, 51649462483, 61881470198, 45866926363, 68999139148, 32303170286, 31810833851, 24586881706, 51789312564, 64046847669, 65993032186, 51064243880, 49503768049, 26284385525, 62301874201, 57344154194, 58180563161, 67442873580, 62040941938, 59671741887, 67816405037, 27597273002, 43922985040, 6876384440, 59555895039, 40609894773, 49938716758, 32957674038, 51310816144, 30012374211, 60076410522, 55373856607, 24737682130, 46121787634, 65858144109, 26097146306, 42896284767, 67988057552, 34987653432, 68747068875] 
Capacity: 75984441592 
Capacity ratio [capacity/sum(weights)]: 0.04 
Maximum value for profits & weights: 100000000000.0 
----------------------------------------------------------------------------------------------------
Number of qubits: 77 
Profits: [34425791601, 88232203707, 51381628601, 56829567081, 78477614563, 23570191230, 16141577319, 981732869, 5816858103, 72876170450, 87703978048, 23470654093, 41544533541, 29307907794, 39376082593, 97651651625, 19785192544, 4871148045, 13659617287, 64208580003, 4540988971, 13533655679, 7918890664, 37132905939, 67255440431, 47439340533, 98958000627, 57972952979, 90984982816, 75670564102, 4104032169, 7064086891, 76353215357, 49013578788, 52901755699, 48908066732, 11492292596, 69028525609, 46431391746, 2858145703] 
Weights: [51217230706, 79330159787, 41728351944, 24994134761, 29476021759, 72954580699, 56225374733, 70314503153, 36669277380, 22760794819, 27448012299, 54700150467, 53644121511, 38377910354, 57784771603, 48654925403, 87631125019, 37814501435, 88494393846, 73753329785, 67838469504, 59678284317, 71325187930, 85966547479, 53865900172, 75252151703, 33819296846, 10573010745, 80648387933, 78600765500, 79848900961, 80964314147, 63304090915, 69092141886, 37130716159, 54182051628, 63068501919, 66165612573, 26147578104, 55916297537] 
Capacity: 88513569861 
Capacity ratio [capacity/sum(weights)]: 0.04 
Maximum value for profits & weights: 100000000000.0 
----------------------------------------------------------------------------------------------------
Number of qubits: 77 
Profits: [21419398591, 57483782539, 56420909307, 92133778479, 32018522526, 8629193441, 97990534214, 52604406657, 78451327570, 40685907742, 86237568624, 19447952020, 72840860468, 56295909125, 72710355948, 36028211187, 99492877837, 77993705950, 9035078069, 92605808581, 26125255505, 28859635188, 88101213564, 40823818602, 72115887664, 20790380259, 10964786866, 79427477839, 568772151, 70063271630, 77397837232, 65001865751, 95839196561, 18072195024, 74286862446, 30647494228, 37819568501, 86298133960, 18937258077, 51691295476] 
Weights: [75101550801, 19438882461, 69626685117, 78038187800, 78406297927, 54009040475, 17306925795, 13446648940, 63380348459, 74980287708, 77588174212, 82038742162, 69108323084, 65710883476, 49395383948, 41423464008, 64274426446, 60923805600, 32437929080, 48083265613, 57376387937, 37659066795, 54550154155, 18592205629, 36711934948, 68551947541, 70520853865, 56375978338, 19909284459, 17492053600, 43499614838, 77890232041, 82833096422, 49163618689, 45955554612, 50697319434, 35685974539, 83743684479, 54489468243, 67628961432] 
Capacity: 84171749802 
Capacity ratio [capacity/sum(weights)]: 0.04 
Maximum value for profits & weights: 100000000000.0 
----------------------------------------------------------------------------------------------------
Number of qubits: 77 
Profits: [33582485282, 50324447723, 2531895748, 49588712693, 4572771845, 72356249015, 36441364613, 57709215449, 42216204248, 27298889883, 51579073124, 13144422760, 54978630464, 58233993335, 76004705531, 31708488719, 1443636870, 32439234818, 39025283287, 64831926354, 44791131487, 51786708781, 94356140104, 22577687588, 90299369707, 71896197159, 73834825520, 36871388563, 27977289707, 91055969437, 16110595335, 17671019744, 53018677329, 18795168177, 4168709739, 9261199338, 3981764910, 81259240769, 11813898587, 44248368902] 
Weights: [59067306879, 84762889366, 48495708280, 42840332973, 45067822710, 20653641363, 69264560357, 65804647767, 73414893748, 74277899530, 55874261636, 66669987957, 31337151980, 82946804593, 76111905817, 71748837961, 73489554227, 33521435546, 76683802170, 54631564235, 34317784500, 20433764674, 68053627937, 55676690805, 31696587404, 42985210746, 70516949641, 70331133120, 68792877053, 58123311195, 17821105540, 40441330461, 45609769437, 45223871691, 37250276834, 70405742733, 40015307322, 35768377652, 75298983756, 70732618711] 
Capacity: 85456348632 
Capacity ratio [capacity/sum(weights)]: 0.04 
Maximum value for profits & weights: 100000000000.0 
----------------------------------------------------------------------------------------------------
Number of qubits: 77 
Profits: [12140613866, 40091668534, 71148079653, 99122785179, 12874407738, 38445161436, 26915798283, 97428057540, 55526610095, 39236709975, 45873808278, 37664538040, 43917319966, 31752777067, 32903787387, 98072022077, 86701124310, 59633453484, 95585670092, 8801270210, 53402870247, 44492106484, 82185398087, 32049109782, 83356620087, 78708817087, 12187333674, 99880851563, 83224484791, 70493057873, 43084508768, 65146249422, 878747426, 35343871383, 57646494154, 69727807774, 82509211771, 23328062531, 61757034055, 70353313246] 
Weights: [34659584955, 44891111991, 60569053704, 82480560280, 69484758194, 22947998944, 80381134404, 80197555154, 79755726637, 75130895936, 43618362980, 32366284577, 42251118164, 80744213655, 11403058932, 50241476422, 81762230535, 40719634270, 71555479635, 26465817480, 28842414225, 41695249035, 25072227473, 73625133825, 26305724818, 34200813786, 79613800936, 68149937982, 40482366692, 12563521872, 76887835154, 41563202447, 42694305436, 75464616505, 33084329525, 73445038004, 44397654018, 66229577758, 71940549172, 68719617430] 
Capacity: 82853087913 
Capacity ratio [capacity/sum(weights)]: 0.04 
Maximum value for profits & weights: 100000000000.0 
----------------------------------------------------------------------------------------------------
Number of qubits: 77 
Profits: [95606578240, 48316198935, 81943567942, 83634191993, 64617921158, 42406874183, 1070985507, 70944902723, 99757040778, 90638457407, 16203201739, 7583604381, 73630943387, 89184383994, 12091390927, 56982788003, 96785082520, 74432954974, 78494067017, 70053595570, 16903940173, 15961504748, 15452167493, 89946932345, 62329292347, 26509687528, 79008258432, 38217011738, 25554022651, 98327298283, 17403098276, 57980005643, 33989703230, 89100751833, 13328707702, 12089575731, 89757644865, 80523071866, 68233392175, 54841869167] 
Weights: [19641221201, 78590141789, 38744122195, 36685004769, 73272201711, 70163691739, 66151148319, 34489127271, 26031333611, 74147889726, 76900632377, 53607552623, 69406439418, 74243804914, 67248765262, 64537572881, 78963094309, 41011316271, 24988292431, 30339035730, 75120582455, 55057662015, 29925667381, 16219080600, 68451246244, 25603591151, 62342324818, 21753247922, 52613457092, 75029510170, 64190718944, 67189271180, 46166723414, 28193012445, 63424239742, 29804072118, 55048064726, 74850339605, 57942496982, 27202704749] 
Capacity: 82800325376 
Capacity ratio [capacity/sum(weights)]: 0.04 
Maximum value for profits & weights: 100000000000.0 
----------------------------------------------------------------------------------------------------
Number of qubits: 77 
Profits: [80205352600, 13019990728, 11780049386, 74493466107, 47490015113, 26994481172, 63381627047, 42779567546, 10193669175, 61675243249, 52543537879, 67769866696, 76840940440, 19538121847, 95981786302, 3947968994, 76522390858, 48018576674, 68686034194, 22669905292, 5493461993, 99946870203, 99972483800, 78102505995, 80981121040, 74806710815, 98624391812, 3304755318, 62409294188, 76960190808, 85321217394, 51287938927, 77282129042, 71323034091, 65379459861, 31658365035, 82809269437, 43500304103, 81502145072, 41518525018] 
Weights: [56533446192, 21504410172, 67915726904, 37820456930, 34192711935, 42489299244, 62227407479, 39309413081, 39289225318, 27505158521, 63327016797, 50822264776, 22618394963, 58557945329, 44001675639, 68437060573, 51887219216, 45318294094, 27426991151, 67098987383, 62113646823, 49673727109, 26148512200, 36755141670, 22446075919, 51600290998, 67772813531, 61957658295, 54884516964, 17514624695, 28605309912, 66283708828, 33823068914, 45337097194, 45928776537, 30203124520, 39149968092, 52359983925, 54396855063, 62720759508] 
Capacity: 71125526669 
Capacity ratio [capacity/sum(weights)]: 0.04 
Maximum value for profits & weights: 100000000000.0 
Number of qubits: 77 
Profits: [72714992435, 47634889994, 11982697438, 76469544207, 63463002653, 31504856005, 77103138845, 4853687055, 2830504089, 25833895519, 40093039980, 26681887245, 99777555859, 94396692907, 33251412765, 16458664556, 80772141356, 82270943866, 59765631434, 26116449341, 10921638681, 19296910810, 48082519262, 43708892063, 78239051892, 34365312598, 45095157316, 98329692759, 67182683421, 93976772444, 61980070802, 77463740072, 16496056686, 63469273751, 61438667538, 76034807854, 55188147785, 66414024074, 69435211028, 79426034635] 
Weights: [42030511299, 41238263688, 45226727515, 45066774194, 47311131105, 32298664945, 49215350728, 41567143679, 53458741601, 45903709694, 67082334429, 50249755684, 60302910796, 40843255430, 29639671299, 28839054293, 55271949547, 44240957225, 38339940902, 34655778985, 45972233101, 39045066427, 39653284855, 61281859368, 63621851462, 28983298641, 31457601329, 73853258189, 74789662232, 60158381293, 61416367902, 74400851146, 64678402550, 68009686745, 14015057741, 46933890602, 47805463574, 36235278130, 50406176498, 69586101433] 
Capacity: 75063465414 
Capacity ratio [capacity/sum(weights)]: 0.04 
Maximum value for profits & weights: 100000000000.0 
----------------------------------------------------------------------------------------------------
Number of qubits: 77 
Profits: [63450120334, 9868465723, 82791302684, 8441422221, 38511119033, 34290375798, 95483207596, 33997678456, 31401323190, 17000430240, 60296916329, 30925843961, 19913365517, 72511482257, 73676108102, 47777370869, 88915284925, 38345062869, 96665455874, 18092079782, 32505048771, 71560259146, 19845756671, 57537969224, 46590112003, 56591111063, 14980732387, 42887178372, 41102419766, 87820269077, 79906940230, 36842099252, 93668566793, 46042670133, 89504760268, 56808153844, 40400502660, 59425958541, 4469051131, 54060481981] 
Weights: [39606316438, 60716456386, 61880834855, 17102571347, 52835659377, 37839707290, 59974421306, 29058838650, 41530200170, 18674992306, 63240291759, 35543801154, 53586033872, 52669551334, 52943615218, 44208199584, 21125476430, 51403552699, 45140740259, 59644829209, 45100372302, 60712840783, 17554120173, 21388291607, 53279945544, 31781430589, 62934639918, 37604728028, 34905988379, 30422702578, 44242480940, 53295343481, 61063636088, 21970351570, 65135352983, 61314329183, 32977478880, 40564488344, 57142965217, 41356003150] 
Capacity: 69380545922 
Capacity ratio [capacity/sum(weights)]: 0.04 
Maximum value for profits & weights: 100000000000.0 
----------------------------------------------------------------------------------------------------
Number of qubits: 77 
Profits: [32822472002, 98118467266, 97802664239, 7687715631, 20406121137, 32102299187, 73510900391, 89957115649, 84148582562, 26902906735, 60251787253, 91232747893, 82698447077, 52169194540, 92172778625, 37831560348, 28261455885, 24505297354, 83975310100, 90086749056, 55464841009, 83018978364, 8931447922, 65273364328, 91520774949, 51079019549, 13571298114, 82241793556, 1305609134, 28604945900, 31962098443, 88800947095, 94992897584, 93312574602, 52970463382, 73937499395, 34715918949, 66772574235, 70288625466, 99315088924] 
Weights: [42836944798, 56304790157, 51605412898, 51682493449, 73969995985, 69027359822, 20044253348, 58926010520, 44718958979, 48757482518, 55097923372, 23739684781, 45041275302, 31951602411, 52732251949, 45454051478, 51797115770, 44132860188, 41329236191, 77365485664, 49558945616, 65553744899, 33444775754, 70408022294, 68650418120, 70957772108, 32797160962, 48090463108, 43112960946, 46543471872, 50624851211, 42230670440, 14184060229, 75851011833, 75925078152, 73734535263, 67080781289, 10830430995, 68905224731, 28859405674] 
Capacity: 79801823054 
Capacity ratio [capacity/sum(weights)]: 0.04 
Maximum value for profits & weights: 100000000000.0 
----------------------------------------------------------------------------------------------------
Number of qubits: 77 
Profits: [9938312032, 62869302355, 54864677855, 49894816802, 7007626525, 27783805079, 23242037175, 3720758385, 32854772621, 42006147967, 64755655837, 87929150097, 30779471331, 86963935321, 15555435697, 39291339982, 88868132591, 92219445234, 15801896751, 97846176372, 99637469224, 15745763684, 18123960499, 48061220450, 25783144324, 94350594840, 28585654316, 15259907059, 86973980114, 17908199990, 64694593380, 83325801958, 23669327524, 40925700871, 25858895261, 42876354433, 19637248726, 47792422080, 18964557424, 93867998992] 
Weights: [51926447009, 11062540359, 45290419513, 52081577939, 59699339747, 52824808106, 64531018379, 39650493275, 42723520718, 61558461400, 41857638494, 35181924109, 44248774105, 32357110026, 38087265988, 77008773584, 54631692244, 42081358613, 73372318117, 76953377859, 44558087798, 49711088722, 33946477390, 37983412281, 45094995476, 26925375379, 67166967048, 57911269297, 73654941556, 15777298379, 66533986820, 66759421127, 37850647669, 73066546298, 45510870987, 26176541635, 65712608605, 56374550679, 38655620567, 35575859800] 
Capacity: 77129409176 
Capacity ratio [capacity/sum(weights)]: 0.04 
Maximum value for profits & weights: 100000000000.0 
----------------------------------------------------------------------------------------------------
Number of qubits: 76 
Profits: [89677415180, 85031237197, 11356925134, 58067667426, 28845430868, 66696135958, 37997530118, 30611558457, 94104486875, 23479920216, 65395206038, 84906602314, 96901654353, 12720931402, 2285366266, 90710966076, 58326796280, 37645372600, 17106037677, 28261561713, 63676922432, 40198575996, 45740278575, 53735559756, 41290786335, 74726892401, 89484051734, 55014323217, 61993344171, 85084835112, 67740633778, 99469843944, 94106862386, 73359068585, 89803232547, 41290270829, 59854169961, 69449392754, 44401512742, 18584968904] 
Weights: [31596263964, 52721936756, 40473008612, 55854763849, 45271219615, 50029000938, 25822653317, 52279723266, 54385623134, 34505229509, 31098150394, 50764196718, 44264487271, 59310517840, 53131712900, 45447834322, 52435695913, 35253989126, 35525454425, 61302033969, 60159347815, 63037159178, 13554673906, 36468482594, 48204169525, 37254397301, 37567425641, 31583991755, 19639810650, 24928391758, 27634006452, 63929733008, 52003943585, 36350282557, 58501503832, 48766427665, 37106841416, 38332606467, 23071638772, 35784564235] 
Capacity: 66790347322 
Capacity ratio [capacity/sum(weights)]: 0.04 
Maximum value for profits & weights: 100000000000.0 
----------------------------------------------------------------------------------------------------
Number of qubits: 77 
Profits: [40696672271, 30495029754, 78080542030, 8623496344, 13672321575, 4799057788, 67861486754, 46747328616, 66056673718, 13786948708, 3223877485, 42187201332, 51066911527, 82329127813, 67126105461, 48916524998, 8331525778, 53598151243, 67413817136, 86957174592, 72529529620, 6235865742, 36279551466, 64153654862, 92308280576, 75810912944, 24790015724, 98748061536, 19231549843, 4641156526, 23701822576, 48820319514, 60796275706, 91163198433, 894297983, 31632049806, 53526061926, 23321345923, 49706922437, 29035054394] 
Weights: [59264402277, 39441053134, 45743290798, 34498504681, 51004287869, 28910757345, 71752569943, 52721854562, 30026929931, 50603335047, 46769198387, 57051351083, 23205835834, 43376309127, 21770040156, 18938603262, 28975117025, 59659501814, 69976596114, 48311123982, 44233390213, 36232801683, 57515039896, 44363689550, 54825611500, 57896254289, 54752360446, 71562091304, 54281333785, 30456504868, 38236652885, 49563544352, 23392993030, 47242615446, 69748227761, 55823962049, 48795592760, 38551392556, 63876884355, 53375843159] 
Capacity: 72956209379 
Capacity ratio [capacity/sum(weights)]: 0.04 
Maximum value for profits & weights: 100000000000.0 
----------------------------------------------------------------------------------------------------
Number of qubits: 77 
Profits: [91317382867, 72556516260, 55570264642, 46271429073, 53796045750, 91702218870, 836810094, 70318814303, 49681207393, 852543033, 31893414841, 6114924430, 59657573523, 54116682978, 33035890530, 11592204032, 50551909518, 61504698891, 54276213306, 42432876205, 41991875991, 68846249537, 83890147155, 77543348294, 67609323160, 11210902937, 77149596352, 85101983179, 59225373139, 93212729354, 59886543051, 26379192356, 92891088493, 89199096147, 14120954459, 92536141492, 47300761230, 79629766473, 10152972811, 88261657600] 
Weights: [27817294319, 39283627265, 77832805222, 50792739576, 82331555206, 27791102116, 66872544767, 24507910450, 61823159499, 77910337378, 33936202674, 19143797667, 75370450504, 76086083965, 54277502530, 30834047111, 78828579044, 13739111592, 81617221655, 35274381343, 61936396667, 66979773111, 55047737884, 63777503338, 14663872087, 82286266157, 28897159157, 50842256939, 45197236545, 48182490840, 76512832807, 79492264924, 48041670234, 50338300440, 55874477585, 47385045649, 54027122587, 43252700498, 75396189575, 53959154084] 
Capacity: 83401816227 
Capacity ratio [capacity/sum(weights)]: 0.04 
Maximum value for profits & weights: 100000000000.0 
----------------------------------------------------------------------------------------------------
Number of qubits: 77 
Profits: [62812163301, 93835058572, 7345818703, 19677305997, 23097201832, 86251115667, 21328381156, 14663951062, 40952104896, 7945052784, 53127918267, 50670967185, 73954328816, 73872268207, 6248575078, 7560743682, 22204937894, 26772622015, 90249848787, 36971865038, 503667075, 9739523072, 95208587096, 38989560749, 16675747913, 49282591707, 37621220310, 65788086976, 7594643793, 53207604769, 22538010519, 81047367966, 87669572768, 72600230533, 8519572979, 84051552353, 68979948056, 52193626159, 48474619763, 87445032577] 
Weights: [53056455778, 54021265423, 68507383794, 77398321887, 67585735619, 69738880487, 39742731290, 40910778426, 51733451733, 70280684333, 57255372091, 12918085505, 71138463041, 58947654121, 75855530560, 52732178043, 40107781770, 24104526870, 38563949887, 65391649568, 31165442635, 65008016768, 45767880428, 25455131492, 33829757686, 78549040006, 81581674209, 49866063104, 55842807179, 58071151774, 36522066593, 47570625814, 73849921452, 60465472250, 36892979672, 46865829242, 16662093732, 51791471135, 55557998420, 62971147897] 
Capacity: 81778783628 
Capacity ratio [capacity/sum(weights)]: 0.04 
Maximum value for profits & weights: 100000000000.0 
----------------------------------------------------------------------------------------------------
Number of qubits: 77 
Profits: [82317225201, 93119809254, 93468620328, 11382374847, 82684542825, 71581752660, 43178306001, 73803512827, 77632146503, 35591687861, 9970350074, 16478098362, 20049487843, 3433328748, 15954325574, 6666345314, 92271356176, 85696622248, 94058965562, 51241098206, 72198951778, 69301049918, 94092874146, 69919026271, 26229245595, 14847813021, 43721081349, 47854919324, 3427231938, 91131311624, 83123059479, 82241218216, 95095840292, 45302765363, 67922632970, 40891251982, 99045827698, 20419938395, 16812892129, 31628817306] 
Weights: [81544646585, 40650752273, 32799916488, 37260796473, 44396959664, 46392634452, 63580551681, 45821704682, 86983050177, 86945202653, 58003741431, 60201091853, 52083569170, 70722055748, 86463188570, 51874778912, 26167291740, 82323029510, 45225734508, 47232976203, 12245028052, 84000562434, 45603827071, 64056893060, 53451809557, 44282522192, 84168020381, 51971132453, 37127920561, 86935828710, 83207410065, 31882873745, 29950701335, 49605791590, 64226771104, 51779749043, 56383999598, 63626289697, 33396331777, 31593051003] 
Capacity: 87036738845 
Capacity ratio [capacity/sum(weights)]: 0.04 
Maximum value for profits & weights: 100000000000.0 
----------------------------------------------------------------------------------------------------
Number of qubits: 77 
Profits: [58378627887, 48644683064, 58165279026, 15603399692, 79118834476, 12409184761, 64628471874, 79149374128, 23521731528, 18592540669, 29160581926, 23881442792, 2724552290, 1773958758, 76855436153, 294146178, 34664688328, 83597397041, 8883870953, 72905691029, 72569340544, 80900927497, 65433682436, 604216562, 99060074, 44002156990, 38108253938, 49054043086, 30154778341, 85742051438, 49629130096, 21387764344, 31455121760, 57570706354, 14151847291, 85698734082, 53828230787, 15672075967, 46119188736, 41432593410] 
Weights: [68069380963, 30301166021, 39807919250, 44749446441, 46731655324, 42102738244, 32806928189, 80083255554, 63710041705, 67389348526, 87557287963, 36229124024, 83994760612, 20385032362, 66671530877, 85057370384, 67876615840, 65006319422, 12806747300, 56150535091, 77008784681, 78272751652, 57144895906, 84886821611, 69568871239, 65112759747, 52430358133, 77272431610, 39787985632, 63161857948, 72196676166, 39110741134, 32308315362, 42661017562, 28132199123, 81862800196, 73319299433, 45238063143, 18075109432, 70724906594] 
Capacity: 87813319903 
Capacity ratio [capacity/sum(weights)]: 0.04 
Maximum value for profits & weights: 100000000000.0 
