Number of qubits: 88 
Profits: [5299838248524, 923840430646, 2185893075013, 9944402004472, 5433449504738, 492675610000, 243493994402, 1007528691026, 163284251004, 7005163466759, 659919985651, 3800981668141, 146388235790, 6387829810755, 4705817973283, 3900861003668, 341911216828, 9997046434118, 7726498998279, 9773681012024, 7607894131440, 4441404541532, 2913335336435, 4446427829466, 9059986740745, 2141527823542, 9310261452629, 7384706956639, 7058009888953, 2681097840300, 6398315008452, 546691033442, 4243751347956, 9809116264820, 5107042084614, 2270744537942, 5742091602634, 2747422111409, 9422410135799, 3229231905494, 517366383678, 3777441548940, 9476112803048, 8981229263398, 4675609896300] 
Weights: [3919187946505, 4546602202062, 6986320988517, 5024795440320, 2205086653826, 2604020227466, 7436330165378, 3941202978697, 1164274080450, 4100001198566, 6426482155398, 7176832562736, 2320568313631, 7261485338888, 6226283196390, 5645201618915, 4707082457001, 5794535865151, 6682997651625, 3611884170124, 5385621359587, 6037402205882, 5570451099147, 2715466594204, 3468226205531, 4499179879357, 5998934767788, 4474089579453, 3111755016486, 5660668144495, 1090911439020, 6608612776191, 6422239689551, 6048595714740, 2854969560327, 6492355423411, 6168519993017, 2777026713928, 5469960452548, 1226618261161, 2152989529005, 3553509858721, 5908169408501, 6870255747763, 3152965375020] 
Capacity: 7554348228005 
Capacity ratio [capacity/sum(weights)]: 0.03625 
Maximum value for profits & weights: 10000000000000.0 
--------------------------------------------------------------------------------------------------------------
Number of qubits: 88 
Profits: [8026270217066, 9005866786914, 4976420714710, 1166462828204, 3663525130490, 8810938380887, 5125281789254, 5156329320819, 5112594736321, 1581713979730, 5356000596441, 3210560646890, 1817207606508, 1263249861272, 3157211992271, 5570402074260, 6048371459746, 4555590248314, 1302593345614, 9030697608976, 3820700461034, 4753650155095, 5737116391437, 7722652521472, 4795533058210, 5650382042749, 4875144483343, 5755341443979, 2637419255245, 654955135107, 1744178349772, 9142124048096, 4771431490030, 3785577871108, 3638977512111, 5861063982682, 7754579760264, 124102960804, 202539455283, 4163426619894, 7221655768165, 3414635932105, 9818631103924, 7795904337751, 8662158449609] 
Weights: [6812716448737, 4655995428706, 4493120698824, 5776049933786, 4231366650117, 3452749388894, 4962487060871, 6870779729847, 4145806396978, 4224927468778, 4063804915040, 966212331642, 5903915659908, 3626933341406, 3711152617185, 3471650647888, 7429215750232, 5063313420531, 4345950099167, 3865596224916, 1761938447214, 4526863338895, 3255787933844, 5303046029451, 4186536766566, 4322639986431, 4117080905733, 2249412833639, 5291199970221, 4551995358954, 6207336252050, 5354078706456, 7076470453400, 5339423964575, 5369423436050, 5994689846552, 7085051004155, 3575650187057, 6060706039376, 4863999643948, 7187573623824, 4198273107496, 2804654537749, 4052396728070, 3918129590192] 
Capacity: 7505912826703 
Capacity ratio [capacity/sum(weights)]: 0.03625 
Maximum value for profits & weights: 10000000000000.0 
--------------------------------------------------------------------------------------------------------------
Number of qubits: 89 
Profits: [2937975742261, 7264042890451, 5023110789436, 4729501735998, 9093402245320, 2068116676402, 332402966961, 9354575573491, 9352929385170, 6404822376550, 3560621946574, 9373311872558, 6338232310254, 2884391741190, 9783135855233, 288855390076, 4855645578855, 4888745406363, 2417291680723, 7683825793079, 326892313727, 828765901964, 6567741331261, 5512312010470, 7941121911122, 1428053147249, 9420238690981, 2858741879723, 4438834027287, 8888781851421, 5270719147685, 2830906720219, 3241108731403, 5554177000870, 493578355162, 1182367324209, 7681227012079, 9252229599004, 2767551570473, 7561664352671, 6429505159824, 7351043731304, 7740309549671, 7781516298197, 8409714706809] 
Weights: [7171981651404, 2638286192227, 1704212853673, 2378659225117, 8503508285189, 6040464484834, 5157133237395, 6253370098452, 9060850901702, 8270334778296, 5342831221887, 6655261002763, 6588189890780, 9027885575694, 8482554777859, 2299382870522, 8310632791279, 7695743497902, 3616972132975, 4735262921947, 5045049390120, 8488800500071, 7169305498506, 8448973605674, 6442707984869, 1170266174152, 1971177986788, 8232552986926, 3351009212792, 7898021399655, 8113867044227, 5384446727252, 7122660227253, 7591830238188, 2787733290117, 7711214350765, 2081548087864, 2373942741276, 5506235432949, 7577221502716, 4053193002712, 6354492201198, 6606969899778, 3483940738563, 5200760122726] 
Capacity: 9242902845683 
Capacity ratio [capacity/sum(weights)]: 0.03625 
Maximum value for profits & weights: 10000000000000.0 
--------------------------------------------------------------------------------------------------------------
Number of qubits: 88 
Profits: [8305579408220, 4557353308759, 570541335444, 7497020976416, 5539636204651, 7076275848633, 983909897176, 3490815270132, 254995683120, 3547273522118, 6518783658135, 285157556569, 5399973431346, 2322847858686, 6828835475863, 3245304391007, 900229440640, 8474094854167, 134650579347, 6823947913702, 7487576594887, 3088400063706, 7772979063091, 9638557280187, 5067946187184, 1381726756331, 3263492351682, 5771498605307, 2385686474330, 9779691760735, 5355491235506, 9944704985645, 4295782295776, 5428857875697, 5368268195528, 5156572147325, 7315236751550, 4392687620243, 4575981821085, 6489332494004, 8854520814329, 1990147141955, 9052917041165, 7871999346643, 5253154212772] 
Weights: [5271086894067, 2431397320325, 2527388346337, 3655063246212, 5602301566389, 2117652857870, 6710069758649, 5378301042375, 3262840629990, 5752935914494, 7087974952671, 5369369675502, 1920430889855, 4144685116631, 6183617870355, 5395413421054, 5397064613683, 7963033532225, 6373341297097, 6020969068149, 4702911910967, 3891619700394, 5991221626239, 4513262647569, 7045154760441, 7964682272014, 5884635361307, 5192983473037, 1199961319385, 4581432177084, 7180014541318, 4971276724557, 3686226578662, 2819857979322, 4274326812722, 3551018911428, 6009635952688, 7668436628880, 8031459900226, 4474395185773, 7852129493536, 7953905780056, 4991327153328, 1979052808133, 7681723273473] 
Capacity: 8181578816273 
Capacity ratio [capacity/sum(weights)]: 0.03625 
Maximum value for profits & weights: 10000000000000.0 
--------------------------------------------------------------------------------------------------------------
Number of qubits: 89 
Profits: [3114775024996, 6301806225713, 5048728478340, 9052390707818, 4549595258865, 2209927427641, 9005054773836, 7692037513402, 7493466239716, 5031944331079, 939576457113, 8851169433050, 797174403798, 9358260520790, 1515977901120, 9103852132008, 4324523943446, 8867455650602, 3913953291850, 108012553314, 6135595056434, 776867932869, 3318941107191, 128016455675, 7690227920783, 3668382686939, 9351273212910, 9279296431862, 215533715538, 2893617164004, 9165907935519, 7146405118965, 6085694214117, 3069214346547, 7119989707283, 6383449403344, 2332440057343, 3608045804078, 5716954090707, 1529884436898, 1283534713256, 8645139715447, 1603783585811, 202258647568, 8943281387806] 
Weights: [3951127471014, 8964816358929, 1903516268918, 8180219844263, 4170644660173, 4080324878604, 8294288948699, 2203040248493, 8181097747975, 9064505097894, 8110115533582, 2718001152972, 9089271901562, 5536931134603, 4882207865355, 8361436937738, 6440380857908, 8867246196811, 8490522167394, 6516973084743, 6225400718231, 3502971296339, 7771192834925, 4813307188776, 3929341293817, 1889692822804, 6777292291808, 8395945102115, 3489838206879, 3195592659265, 2792349946555, 2273394623385, 8570640898812, 772428847615, 5568461391275, 6132868913149, 8576685281913, 8588687008089, 2168623411234, 7824307297605, 9127650097664, 3372839961333, 5812470867588, 8513323945853, 3711485855732] 
Capacity: 9363251817154 
Capacity ratio [capacity/sum(weights)]: 0.03625 
Maximum value for profits & weights: 10000000000000.0 
--------------------------------------------------------------------------------------------------------------
Number of qubits: 88 
Profits: [3035297084366, 6148131598114, 3235077707207, 6890712087609, 2217199987633, 169164532462, 480719722861, 1322350044655, 4814920399613, 5961032243357, 932865633312, 20639752900, 8949935110226, 9073165318831, 8883898316090, 7125372968412, 6002771355124, 1745001205593, 4123222856749, 9441754176280, 4469840323560, 5437752372146, 2386383570502, 8680883414064, 2449864443400, 2396109141813, 1391271626911, 2052155083931, 4418136762111, 5765885420864, 7044920945787, 6567962451857, 400386972325, 955481283009, 7558278567082, 4822626539845, 3662914720464, 2166660694341, 5485740459597, 1149045383414, 1194824182789, 1991352682930, 2723452031853, 5420789972841, 6423071624504] 
Weights: [6487670005193, 4176622598738, 7743621561025, 6181022841602, 3995151737535, 2280288645377, 2769904357327, 6122348466408, 734230356312, 7749982167282, 5526636667494, 1355721178455, 3151158991245, 2153478331542, 6235583828248, 4169645175639, 5946942807403, 2340843489211, 2358361972666, 5219867662396, 5635920637074, 3881828813602, 7250964719446, 4041575791603, 1293885227814, 4942121553606, 7284380030382, 6352219788487, 4220638117152, 4193169549060, 5270021490516, 6470048473453, 7040720875980, 2764273245937, 5933109358415, 7603340995568, 7143180772148, 6376475065605, 2157198623238, 6782374599204, 6937468817614, 6872751972121, 3595993031244, 3726256056937, 5362877491314] 
Capacity: 7779493529502 
Capacity ratio [capacity/sum(weights)]: 0.03625 
Maximum value for profits & weights: 10000000000000.0 
--------------------------------------------------------------------------------------------------------------
Number of qubits: 88 
Profits: [8336944701244, 9852789933810, 719045626700, 7765208388508, 9329474609493, 3041640552438, 2770107052060, 2895969759040, 7517946945901, 3140283417703, 8089090563855, 9341085454796, 129965723282, 5434171099409, 8332931745347, 8092726443625, 1856557001809, 6815094317598, 1749399581526, 8357211851676, 3472018719256, 4166909335046, 9384743756595, 462307493615, 946425678315, 1767275579699, 9682034746115, 1750985147803, 2509182716622, 9837499117398, 6477847749043, 8436534610538, 5057603177136, 5774487909419, 4723075065573, 8918319835701, 6687359880739, 892652283314, 7991739667576, 4041532103393, 6216337116210, 965689567187, 8019583888334, 3461384259231, 4543572894608] 
Weights: [7839543063089, 7771058926842, 6977674695113, 7561097448612, 6239751141758, 1303020233853, 7711441399930, 3294148913735, 5813712682073, 6004813146636, 4299721798928, 3082152681347, 6970903534703, 2785605679788, 1755423315452, 1653239349933, 6283424907735, 3184661903939, 7129402605656, 1706940664787, 2211971597973, 8090469892126, 3809602515467, 7144673910564, 6146405423951, 7260346467353, 5237933727652, 3593136615062, 4631358734904, 7105068921768, 6324502507038, 5709558404602, 5914850946768, 2377293071158, 5952395811950, 1545993501377, 6850762278103, 5234723698340, 5339999516228, 3113934918076, 1604192852665, 4987315064643, 7805085816045, 6802005696239, 3458901289024] 
Capacity: 8130610563841 
Capacity ratio [capacity/sum(weights)]: 0.03625 
Maximum value for profits & weights: 10000000000000.0 
--------------------------------------------------------------------------------------------------------------
Number of qubits: 88 
Profits: [2190689109193, 6969262801350, 2616894286296, 6097122942655, 3577600310961, 7450561022455, 129281612967, 1610276265912, 9533046246529, 6988804711326, 9568136672325, 5675708721545, 4456229039390, 658978398645, 7306552751134, 1450390140646, 5071849060225, 1066495520168, 2130075905731, 9765611063951, 4186301422774, 7094645931683, 202323271604, 538274654948, 5595335992683, 1048500920118, 5204642783856, 2218039378220, 2240093741581, 7926529200098, 9366534234263, 9445129707180, 2602485614502, 2822046724827, 423472054311, 766668800294, 3067169293540, 3750627732308, 7378541277372, 3769519958457, 2649698185622, 8065951893792, 5317364245941, 4305639853871, 6470083841974] 
Weights: [8326379417005, 5589402746151, 8430186806277, 4453203150904, 5754331234242, 2389700889947, 3258534056738, 4438062985679, 7799765297338, 4704363960778, 8027114734756, 8289128387476, 3752145650383, 5966618887688, 7447465706206, 7828192351768, 3881219688489, 4390857283646, 8000791885411, 8452174168677, 4796344684203, 6987584950929, 4283969901197, 3420853430460, 6523724187329, 6168592948309, 5939154681727, 2014381766780, 1381808800971, 4447728348947, 5012064646256, 2657198055090, 3814394086973, 7669885931339, 5563873753295, 917386670211, 7354236718087, 5418644930781, 8294801527977, 8273214867646, 3599435336302, 4298251612574, 2388261511099, 8218218604216, 4161021426188] 
Capacity: 8723350933846 
Capacity ratio [capacity/sum(weights)]: 0.03625 
Maximum value for profits & weights: 10000000000000.0 
--------------------------------------------------------------------------------------------------------------
Number of qubits: 88 
Profits: [1769450633325, 8860009639638, 4949789196669, 5983543797438, 2025120516996, 9929019287205, 2642523746505, 5100335889390, 1599068949376, 9873408084643, 1594443038700, 5617489181157, 4974371516221, 3494349201959, 1537714143795, 8299534160319, 1645539795720, 9300251368181, 3353366906676, 5912066848041, 3414011078446, 3645061723653, 5785023074435, 5914510884404, 9359858938562, 7295987435436, 51783632711, 7225295323384, 194606712798, 7579535273982, 2100988098731, 9230628717548, 483311507122, 1665245010401, 1706783833307, 1069187177945, 2039806486152, 3195666639000, 2666280854090, 2619467062924, 9218155286056, 5068782855748, 9573394837708, 530641791846, 6291459969554] 
Weights: [8115012419607, 1763387717802, 7403978830394, 2749263289405, 3411688726584, 7025710377458, 8169875044803, 4089642788928, 2982465994243, 7205514966582, 4986869442151, 5396907496292, 4520589759510, 2494955273267, 5032896106983, 2959893711603, 5108193537047, 7203662721072, 6048253293669, 8123480367441, 5391979148924, 4010371626172, 7705221266766, 6075669528601, 6314772392644, 5098058769247, 6034746260269, 7228532997517, 4912606935880, 5489031710839, 3067404268094, 7945279639216, 4410065113741, 4295128635606, 5564033155596, 5412797900111, 3144612232255, 5508284722960, 1461255441743, 7478170524337, 2863707494902, 3153659448034, 6324608363673, 2881583452686, 5106463306776] 
Capacity: 8213034517421 
Capacity ratio [capacity/sum(weights)]: 0.03625 
Maximum value for profits & weights: 10000000000000.0 
--------------------------------------------------------------------------------------------------------------
Number of qubits: 88 
Profits: [4116288355051, 7048630477739, 7785098208328, 6274880316884, 6701016275287, 3381354989626, 6608923872943, 6162728659496, 53434269509, 7783097777880, 6791159485451, 4467062741868, 728065709303, 9967003243351, 1370094700787, 3177109922744, 8538178258373, 4440829264136, 2159643265690, 1789893199304, 898589778523, 6006728099898, 2245411536822, 4992927690090, 2665454853612, 3734953544958, 3237429892078, 3189316074534, 9857561742225, 4487193771088, 410988427609, 5759873208428, 4617187000774, 9632674835491, 429427194737, 1648166049089, 5830324752512, 4846083009868, 9621322798950, 8173282609596, 2910053890878, 6999979655255, 4301500777729, 7422482789413, 5498152391028] 
Weights: [6004898607840, 5633928562017, 5350576551364, 7002398264323, 2850757006108, 3022449056093, 5980538567225, 3642023676644, 1550616168521, 7714874810907, 4058626500257, 7460441241474, 5416369154512, 5999839466603, 2495526609539, 5359413029408, 3350262867920, 1702110550413, 6196654929742, 2204757485675, 4878494958914, 7879303406814, 4548483499770, 7125077745901, 6851492998626, 4789964976462, 4957093005500, 5053095679818, 2677641443698, 6801664535058, 6470234233170, 7908317176873, 7109098978468, 1806019101015, 1869374377577, 5682507485069, 1854689083501, 6935750940049, 7471426400352, 5618791608255, 6246983287216, 6974919371676, 7869378063894, 1969411698554, 2990147220069] 
Capacity: 8138405201092 
Capacity ratio [capacity/sum(weights)]: 0.03625 
Maximum value for profits & weights: 10000000000000.0 
Number of qubits: 88 
Profits: [1160636136048, 7433495997731, 8704482935010, 9024663584113, 423351874599, 3545950484603, 463884651311, 2219520476934, 3494884279008, 9631476830800, 770641912798, 5296844627894, 5682096503354, 4149270561715, 290558205376, 7421255509192, 5545033594579, 9122723223170, 4218282745831, 4861438207775, 6642963378298, 5481827791020, 3214646089975, 3928503811277, 9315253115091, 9514531946427, 4655086418246, 7868775689885, 6505200125380, 7637383563026, 5772438488022, 2476949866170, 4964264760246, 8658430614403, 9282144794754, 8477995739451, 7817175547717, 5872039864815, 5893358152109, 8910605888537, 708711947270, 2637805792629, 8198609755147, 8737527733262, 5293106258998] 
Weights: [6619655527037, 6700747804735, 5703164387939, 6328768988774, 2635870280575, 1438916605929, 4557521288149, 3191665697532, 3486076656406, 2132615025718, 2556558985948, 7067150896962, 4637454155908, 5732164207998, 4767370896856, 6833835435952, 7331628306596, 3656390527045, 2996201910654, 5970104303208, 5280008489499, 5029159387070, 4303783140526, 6496580104784, 4979744094107, 6626909272040, 4246851647661, 5558725284343, 3867378568841, 3616454191082, 6810350354449, 4953378428759, 2634672499391, 2896155719801, 4569551838284, 5039573859556, 4475470973481, 3383687276357, 2298184005463, 4065842496556, 7412379038306, 386398499893, 4021611038004, 7219005449106, 5705118739742] 
Capacity: 7416560403538 
Capacity ratio [capacity/sum(weights)]: 0.03625 
Maximum value for profits & weights: 10000000000000.0 
--------------------------------------------------------------------------------------------------------------
Number of qubits: 88 
Profits: [8668196979634, 6573903967800, 863261655416, 3766046899972, 1743648618314, 3683702174277, 3875958850278, 7816320052851, 6915177084951, 7621467688077, 5555488524156, 5816727109162, 7123177752010, 9467609797845, 9947967231496, 5642165723221, 6301209582743, 5441877881235, 4245901665116, 8553682288732, 8648307335514, 5852022703312, 9415184911656, 1100283963072, 9581780954287, 2919941978511, 5492835615977, 5037205723113, 4125961933952, 1746973433852, 9570758963261, 5499980501987, 5065572910325, 9033689636414, 2235824674, 3234527937103, 2684469853308, 8773682108349, 7972110603192, 9974446515808, 395640333594, 3738856608632, 2295128603243, 1132231309924, 6239092575221] 
Weights: [4858568239086, 7521396523446, 3435940515696, 6157265451880, 5522477162971, 4922486591005, 6638451368496, 7138860552626, 6616401571458, 6025190683630, 5005193391638, 2435111286650, 7500573868848, 3468412067941, 3551966199696, 1905184049161, 2272158009352, 6855831903385, 4450187254101, 7857960151077, 6603393812476, 1718474206496, 6097055675710, 5838194760397, 7717253520678, 4939102861930, 8535348926536, 6637173779817, 4104238776537, 3761767404879, 5022792140431, 3285353189420, 8081063797626, 8415515372408, 7792189863286, 6115587157370, 3440310171675, 7398614686492, 3600994114595, 5156965023925, 6853542938578, 3285210563779, 6667508879441, 4717678165619, 6429944310363] 
Capacity: 8700338440185 
Capacity ratio [capacity/sum(weights)]: 0.03625 
Maximum value for profits & weights: 10000000000000.0 
--------------------------------------------------------------------------------------------------------------
Number of qubits: 88 
Profits: [3964929591605, 3313498166306, 1295101915827, 7271761154098, 8426480148801, 1701760137050, 2694601318297, 5069186921573, 6501315245731, 2595514138625, 7070723679363, 9537033781426, 9767325262098, 6413985821203, 4282350294298, 3545713776656, 3822592014604, 2219434222279, 9719411455603, 7062930397446, 9908028444291, 3293901576772, 6531953030168, 720025013824, 5903082744701, 8456399765353, 7172803617998, 5865145395066, 4411210150340, 9199177121921, 5767810266982, 2636354350675, 6516537705103, 9103617036681, 4150898716706, 1063207622065, 1248252130865, 5577951753921, 9547821087091, 9607475927394, 1938180610548, 6212519524367, 3186834434494, 5684218464826, 6535295212639] 
Weights: [2505047753561, 7404679374179, 2268329629609, 7040848341725, 3636445809647, 6642948514802, 6883277068450, 5097167444211, 7745866229347, 4930450435362, 6597891830460, 4747994615812, 2788486097358, 644150649551, 7414460809392, 2342610961312, 5516857662347, 3275101853755, 6949840838412, 5406412432826, 6370298179017, 2505460169863, 2940620650827, 6942722645932, 4954378780658, 1953308837487, 3874396542734, 4107604262457, 5029842238239, 2150272552999, 6557182139349, 4355092166330, 6024384007525, 4201497999681, 6087531363620, 7234477336370, 6385490999504, 5373184480645, 3214251356834, 5592995213466, 6847189612397, 5608179435276, 1345352242345, 7799218703332, 3114065907288] 
Capacity: 7889505691143 
Capacity ratio [capacity/sum(weights)]: 0.03625 
Maximum value for profits & weights: 10000000000000.0 
--------------------------------------------------------------------------------------------------------------
Number of qubits: 89 
Profits: [502563541194, 1903062406046, 3976178058195, 7801668327858, 3956856403183, 9232128046783, 3966791475255, 3565496857207, 322176188266, 7323598102068, 7405924887764, 7133456414947, 3698977581343, 6047235286446, 1063400643170, 1970275270681, 3238513866234, 83657128398, 1855503994896, 8891239986167, 3829985835496, 5977192526399, 953090783151, 533503386158, 8168913039594, 6296550992136, 1007908967061, 7432341926769, 5497748651531, 9297751131162, 7499480997001, 6142212695738, 4069620120092, 3703182490354, 559379080499, 7013570171932, 4077909240010, 7578189663359, 6671928188367, 7845884887665, 9668636183171, 717162038891, 974949728798, 8107832191969, 9000744924378] 
Weights: [4896608638257, 8728139411613, 3823590440295, 3240927590901, 4178892710552, 4801724048669, 7792674170293, 7182318920198, 3412844624410, 3783748975088, 3965071088473, 4587406179396, 5638431228648, 3871789250221, 3962994574978, 1161973992832, 7891270329689, 7207813717198, 8420220120625, 6475823075453, 5885798281813, 8425499686112, 5464487676050, 8711187075965, 5854086219824, 2100262355452, 5507229248181, 7857382249473, 5125208661576, 1520331149368, 5349177911332, 6297752264869, 3267320544956, 8273639817362, 5978829998889, 7675646506448, 4224928843149, 5688801223382, 2945596177088, 8493983395613, 3874073488548, 8722750106332, 4352962995781, 6428433405770, 5186350863650] 
Capacity: 8813425853141 
Capacity ratio [capacity/sum(weights)]: 0.03625 
Maximum value for profits & weights: 10000000000000.0 
--------------------------------------------------------------------------------------------------------------
Number of qubits: 88 
Profits: [7028717198027, 4791189263348, 778972962785, 4041588673575, 6916347867387, 4471792430661, 8605689757606, 8900846985211, 6372513313548, 6830767514377, 7534125712668, 3441180877841, 3063033719, 4346028404954, 1356428912149, 3743003014646, 7538125094865, 4649461913445, 5661379548608, 8880746975244, 6644259454327, 5432193862542, 5664405932544, 5166961692057, 5751340586941, 9038069163242, 1921083726506, 7194974436518, 6752304381680, 3123639081225, 474948484830, 6932249087030, 322544753415, 7486156782383, 6199730241956, 7969853341794, 1797930410876, 5752276663121, 6932529152244, 2861258959316, 62488859683, 6592820122923, 3999653166735, 6776659008060, 5048905174373] 
Weights: [8116461191934, 4128305275963, 2223338468487, 5685743106851, 7893482530996, 3209243811697, 6817153675570, 6516616373501, 4204955177346, 3462132733228, 2650905413124, 7401282237790, 6691412686059, 3264250949803, 5290232316774, 6324567701757, 2657653433387, 7909350153187, 7531843881804, 2730938153028, 3228797020087, 6211444022627, 4383052843750, 6076819059414, 6837250631232, 3093007116029, 6562675928613, 1983605068161, 5669722626244, 6137000635199, 4841320202056, 4495142100580, 7870505319617, 2508558667774, 3841233376725, 7984758170907, 7652187578577, 3701802906136, 5206633239786, 8077709429448, 2994475206882, 2589290815194, 6130388470009, 3326595904443, 7951814284011] 
Capacity: 8197172513835 
Capacity ratio [capacity/sum(weights)]: 0.03625 
Maximum value for profits & weights: 10000000000000.0 
--------------------------------------------------------------------------------------------------------------
Number of qubits: 88 
Profits: [7840089158729, 1579185494636, 6800256966622, 9956762814209, 6282721273477, 2631811456745, 4722999984826, 7482195803205, 6056476692563, 9441555299909, 4969548993066, 8476825945348, 3025220621503, 5760855157243, 4144592239075, 6223038487857, 3416431220431, 7323760784888, 3149230890024, 9015174480167, 3101672039334, 6972829295446, 593351552264, 6114829519218, 3698630252189, 8792554501956, 2323004016651, 161670806234, 6167576532162, 8301306809722, 9494618791320, 6224642187975, 6825023535280, 2086205027518, 3700455639495, 1222127754001, 9767742145994, 1221277765937, 9593625947670, 3904158263966, 1424343965032, 562051234950, 8399195782435, 6939867671620, 8372896186553] 
Weights: [2570662891671, 6710871888983, 2670207736109, 4504956865825, 4056625630893, 4957860335024, 6170015214763, 6075257531732, 2799133315033, 5855688680793, 4960776507043, 2335605038959, 6090769218128, 7482223377204, 5639257117713, 4684817204903, 4260430004289, 3509510515528, 6064639916173, 4061956822910, 5000319187119, 4601508194591, 5647318296058, 7322233537369, 314446226572, 4567238727389, 3744337066291, 4257901534810, 5539516261403, 4431857078752, 4964676451644, 3694915712635, 3674548525641, 2960806436682, 3528183543424, 3668776672856, 6463923209558, 5999988821549, 6445213971409, 4934068532023, 5599951677875, 5899639838189, 6048197045464, 3590221883769, 3403936845599] 
Capacity: 7556690219171 
Capacity ratio [capacity/sum(weights)]: 0.03625 
Maximum value for profits & weights: 10000000000000.0 
--------------------------------------------------------------------------------------------------------------
Number of qubits: 88 
Profits: [1929084010355, 7361653194906, 4168746513453, 9609620768694, 5981910788910, 2609732875855, 3471488584503, 3531261202405, 705543604543, 9608769597205, 9464155316510, 638136670197, 4470525892470, 7532091506952, 7558983703977, 8413815690112, 9419955854070, 6836912157725, 1765332057011, 9773571818497, 6740353817985, 446736851817, 7681420301015, 9881170642710, 7076792531698, 4370228606373, 9811767955515, 4712554361606, 1996660641411, 3093669611093, 9728122736785, 1261486058451, 3653358703469, 6731901067583, 6719861006908, 2936074626268, 5976686908340, 5483428414210, 7637749769222, 6188128756694, 8128662836020, 7310180903504, 9645220420380, 6089845448791, 5678560601503] 
Weights: [6247884311283, 4517761924769, 5596806072163, 7135046801686, 5858767014348, 3626736870192, 4535109612930, 6241820436912, 1714431952173, 7763754843057, 3385723823749, 5910869157132, 4280214419686, 5487203772601, 5051706130864, 3133475492954, 4087731680115, 7020094553325, 7940641615512, 6293459404999, 6524928267616, 4590389081422, 3303165832088, 3763759318730, 3810474879010, 7613683575602, 5807051002060, 5070624686902, 4464354585141, 5824752418806, 5750742089064, 865181728684, 3413902731128, 7450775504044, 5425256317168, 6934426549570, 5660646572565, 4477737751086, 4461066670184, 4900357438747, 7488388371435, 3741962860080, 807053308887, 3048561686976, 3349432844762] 
Capacity: 8015199857186 
Capacity ratio [capacity/sum(weights)]: 0.03625 
Maximum value for profits & weights: 10000000000000.0 
--------------------------------------------------------------------------------------------------------------
Number of qubits: 88 
Profits: [8613591943758, 5628702972978, 9654116163802, 9169354365058, 762481917381, 3103024236192, 5251895226689, 5215939112868, 8571876207688, 2113390685627, 8732253515291, 7521205219948, 4821743242218, 2625180244581, 8875362796574, 6210699885343, 6373150526777, 5245761601038, 5454783852962, 2074048162606, 3881899479268, 5108395430309, 216601909190, 4458995458785, 5412040044942, 7589529004334, 8981142843710, 5377933153046, 1685552164084, 30775877744, 746715519366, 8191763173761, 2315831674368, 2843602456627, 5797531803532, 2885360423620, 213769215653, 5442792121441, 5238607722658, 8708954066370, 8806537436845, 1113045938666, 678791971842, 530790736301, 4317676929537] 
Weights: [3879236790072, 3281743403330, 7618284136673, 6521945469267, 6828125966704, 4661293029463, 6459118649599, 2612025892740, 5417393878651, 2796740026608, 4809708701169, 6079489871744, 5737936780690, 2209158331067, 1922603590783, 3157934547659, 7617086610022, 7113724988048, 7617616199819, 6171031159931, 5213262551113, 7195134145610, 2442639591308, 7410225591874, 7956289574228, 4331308895887, 5724602614795, 6230841807784, 3071200211041, 5922309466919, 4288619514635, 3654979887991, 7083007561497, 6050447257873, 1831890504210, 5315717472987, 3211598565765, 3980314233594, 3868679622684, 7457523817583, 1178775093990, 8199001365859, 7080176834033, 5020898940812, 6747793783643] 
Capacity: 8207051032769 
Capacity ratio [capacity/sum(weights)]: 0.03625 
Maximum value for profits & weights: 10000000000000.0 
--------------------------------------------------------------------------------------------------------------
Number of qubits: 88 
Profits: [3740065500415, 7745837608103, 4697540611264, 9748595255708, 4348656887825, 1199236817774, 2864591662381, 1517144146836, 5600298340962, 8733195151588, 9346568098138, 5754181346873, 2575221236881, 7433224065115, 1446169554106, 4248516220453, 3922548636092, 794385192024, 4375351245141, 1890657583882, 5752758287801, 6560879095907, 9859223934138, 3097012507802, 9121596888117, 3003052316935, 1364655752892, 3592082435536, 786906221281, 8369604488494, 6042231114845, 5222117885558, 3007873489933, 3554928793308, 620248044758, 5331469771958, 9360458067717, 2301228611475, 9505676150926, 6122887878781, 2274483297740, 8589783521411, 9203574096110, 1957323295894, 4318521465537] 
Weights: [3727131763534, 4865590747769, 3946934409034, 2348071503370, 5903728748599, 6707622361258, 4478104926410, 8065313023081, 7787483942075, 6730607885051, 4530249901772, 7559254157370, 7081296978555, 4146119146075, 2092594115412, 2050193971610, 5256307129802, 7971293439895, 5820265941371, 2728562635816, 6643044073513, 2958371683127, 4855358250524, 4218752804244, 2843194666338, 7811076629769, 5218428613127, 3868132443422, 6814884840366, 5238708694139, 3144453717759, 4776344731466, 2041487767101, 7639934807162, 2681843646592, 5812284289609, 7078777294955, 6431546763320, 4613352587847, 3034073616773, 6869865952853, 6158389925687, 7723491646855, 5777238018754, 3097661227389] 
Capacity: 8275620932677 
Capacity ratio [capacity/sum(weights)]: 0.03625 
Maximum value for profits & weights: 10000000000000.0 
--------------------------------------------------------------------------------------------------------------
Number of qubits: 88 
Profits: [8209995554900, 7422426611614, 6362966439569, 1744611334163, 3719562296533, 4782104254372, 2113966451803, 9469691804474, 7668948684047, 9165023054522, 552978775575, 4243924580785, 2368700819527, 8975642657641, 9513301201957, 6300813180517, 2461855392749, 2157090730905, 8662558555981, 4953642404680, 6598898711808, 2391991812756, 767839436558, 5810470242987, 7488792941159, 362573534121, 4158117244097, 9834423112279, 8165843612195, 2621431038023, 3678857684872, 7191592380597, 9195370379992, 2587040302500, 9021525954357, 2762287398917, 1648698478123, 8747402829552, 7044199707468, 2527006335062, 9026032426565, 6497082347649, 2856034023392, 3744891234751, 421931109345] 
Weights: [6496596460487, 3379116429459, 1788765568358, 4518025268979, 4678205144011, 5514620903137, 4181044699702, 3876434072037, 3957721827672, 3745754778907, 1260337232898, 3149961717001, 2593769791834, 4145628899082, 5175703274852, 6123505505400, 6031074528014, 4298627572831, 6360259876608, 4052740191363, 2218664073409, 4737017260306, 3032985158849, 2854258120601, 5849496106565, 2317132158640, 2495428939820, 2607147727535, 3325945947494, 4080616871315, 4569288351778, 832561590999, 4706358025111, 2400417560646, 4796112611316, 5526148128933, 5568483733443, 4735299388422, 5135961359285, 5385279647566, 5180197850812, 2693960917233, 4802292886579, 5727065404085, 3050187286751] 
Capacity: 6567869807105 
Capacity ratio [capacity/sum(weights)]: 0.03625 
Maximum value for profits & weights: 10000000000000.0 
