Number of qubits: 108 
Profits: [8968820714728342, 2156114910031199, 6966779581393099, 3260228897997835, 74219379217086, 7173647455814314, 1514512056953108, 9755772683318263, 6126258416495749, 4572893130363736, 3407640192357230, 410809140760454, 9141159863668360, 2151687522415233, 2806223859289320, 2591359242968170, 9741740006344729, 3647250397176541, 9152868498062660, 9689338658766496, 9800903282722068, 9330553170676553, 8898422731112399, 7369194683079057, 4048578774591429, 8496393257273806, 290140158122318, 9034853473174533, 460219034893175, 6130966820765348, 3079509891249437, 7968306192917385, 8074247389911688, 2736482736048671, 5181175434176615, 2907219855680198, 9580872418515908, 5635738199427201, 4160020073359681, 9777072103118805, 8218042180248531, 4445196445033470, 3507008895807133, 3492466642149893, 948333990926418, 4453122207233783, 1896678631087409, 8487004380245116, 7530881407808971, 3581585045423756, 2147395917338872, 3238039887260011, 7354710119153856, 7345714102837214, 7618422506763007] 
Weights: [1763552432201235, 3728649409924247, 4233897295619588, 1348370006517363, 1292801202336375, 3618034031019895, 3000999591083650, 7462139608397906, 7160667728825302, 6321213821281876, 6075284152209512, 6891738364035561, 6994473564794799, 6069042899395259, 6231620243656865, 7225573191401306, 4063167422156863, 2913922538740946, 7046288778724291, 4998666409561662, 6363968160107477, 6705776906189278, 5944910985278029, 5728754230439947, 5575277201565180, 4433907911827225, 5388229104167997, 6590246806268400, 7594893298351109, 2843490937758675, 2493633619162783, 3963729273238985, 4057044559065261, 6249455566095249, 5279002366339442, 4137932259805471, 2812833995995659, 5743826920151963, 5578885118319877, 6909491717499716, 4458668392031450, 5451463292224470, 4220571499118225, 4261095956177282, 5203989496296787, 5474164124737761, 5649186701284943, 5015009069258801, 2374801941379732, 2985530787988891, 7294777555025538, 4389649114816250, 6705066426141555, 5420732498192364, 2216139859169636] 
Capacity: 7813091575836243 
Capacity ratio [capacity/sum(weights)]: 0.02875 
Maximum value for profits & weights: 1e+16 
----------------------------------------------------------------------------------------------------------------------------------
Number of qubits: 108 
Profits: [2597985114981832, 8436028567357829, 802293255712335, 1963043596790726, 2897081198602197, 700430877824376, 5317967804772859, 9971997061196733, 870049517917784, 8783085716149600, 4261400317320050, 5377059423963402, 9652820087958594, 9155117733663933, 9903185137807411, 2993794513310862, 5383953166798779, 8076518228401415, 3527402834790878, 666942356845367, 6357952445470536, 9595720471052427, 8457420524300061, 1233071108393255, 2134619694589500, 1708240750932242, 6165723532662178, 8949157867771006, 6430745160635677, 2135868342777394, 5333454385840638, 3658011145105197, 908035169172495, 4377256241235326, 8232192251848759, 9582933418748480, 9726357987649567, 2338920175785848, 5195986627854600, 3809695598624430, 5925309229607174, 2322723100938106, 6816267230520889, 5431444626434558, 8451444060999537, 8193397453177041, 9693293537522926, 3018452828550548, 2063568237690419, 6931250773612110, 4824886032861045, 4145348123792246, 3200897484461587, 7053351318089776, 8373442280779863] 
Weights: [6528801371635751, 4577424604819706, 3992975038882574, 6414215727179146, 4894746608994605, 6765447938602915, 5933019058634265, 3390055625443241, 4673461632540597, 1007804858393387, 3551509128445485, 3316006527477235, 3139048962619152, 4669067413508801, 3436010440439286, 5162752270002368, 2372364861766020, 5501242414311682, 3379208390949534, 4109964016869466, 6188515066308309, 7171452889267436, 4353584639005402, 6387223615326691, 5731097157611361, 5645358012307498, 5947181753292009, 3309159190208563, 5968962099308551, 6839759390643040, 3023037817518374, 4793188167901381, 5234512846818396, 3345338016317111, 4806965662499308, 4144156408395567, 2619572086148632, 6042815354603380, 2701539296965670, 4997864485098531, 5956699271062862, 6712990019762929, 3030967284625559, 7257313508911830, 6564127836932738, 3496455555961814, 2993302914285580, 6555701367108563, 6915101791303700, 2752145415763405, 4006782455024146, 4169964265737574, 4804088781164339, 3861154819607344, 6372861773652193] 
Capacity: 7335866288760488 
Capacity ratio [capacity/sum(weights)]: 0.02875 
Maximum value for profits & weights: 1e+16 
----------------------------------------------------------------------------------------------------------------------------------
Number of qubits: 109 
Profits: [841630694052719, 6589516782230261, 4515245066352281, 2522935904573173, 2821164220909298, 387131496752774, 7410674957584841, 2200088796174447, 7721117622265524, 9487093076600407, 7861150582310949, 9520790805043927, 1476168632476075, 800366299081787, 8718657013712573, 9959343789286972, 2916346492966261, 3754136461481664, 2722557647728039, 8589613275272713, 9391286531641566, 3188160862148649, 1187283379218598, 6290417038301444, 5136425665644122, 6376798195191139, 7439427869246828, 1062816348046989, 3876397403454679, 7241016720174235, 5595078575134975, 2110658028341493, 2788468183701539, 6415070664549899, 3637630045930392, 6488946016493535, 2984143337414347, 5773149211646497, 2463810302575687, 9351489574496878, 5381270414667410, 6150979927934335, 2032224378616199, 3785376224959727, 9384369549203055, 9312407976181921, 589308755390803, 5526431940390998, 954408104421965, 9141529736238741, 4781104791176386, 1358564556052540, 354838259990561, 8277467116165321, 473602518291984] 
Weights: [3011173044730867, 8085879233846531, 3228606677635918, 2738260827490353, 4024667762035800, 5339954576626367, 6654006323620438, 3538029008007125, 5154982997509127, 7297253991462525, 8331015264868166, 8396070345483120, 7912842621498162, 7719332471346062, 5256679957086941, 7020677574009857, 9139990512040472, 6780039637831404, 7092582484962915, 4595802553794432, 7308197130200657, 7400166391966471, 6909321431141485, 3413491800138054, 5639561631571320, 7367215222684941, 3711620924236212, 6232209799651995, 3537362594390809, 7183293090985010, 8499424281897417, 7494739955318784, 6103054801125604, 7378606543716018, 6849394369288483, 2875171857414390, 6891129750749146, 4667859495117708, 8316078348526847, 1273764814365841, 7822245828495853, 8980391902731675, 5878120519847083, 4029899609896127, 3042229534362942, 4173445642843746, 7335057711975424, 2652669137860980, 5761814958092763, 8103737478272297, 2610617213644714, 6391369651911388, 4506885690722835, 7648450669620701, 5237427748483237] 
Capacity: 9183150100250690 
Capacity ratio [capacity/sum(weights)]: 0.02875 
Maximum value for profits & weights: 1e+16 
----------------------------------------------------------------------------------------------------------------------------------
Number of qubits: 108 
Profits: [9055895810204520, 8764853036744504, 52057810985228, 4584084288129849, 9774872667392268, 1837984958337500, 5585339702755564, 4751134841550346, 5062339069414404, 124594925953675, 1590646049114089, 6943941307144030, 1443676686907937, 7311451636682037, 6371439235819091, 1187593500642392, 3435016356719904, 4823083619481361, 3380975748170192, 2345168146890929, 2182243854831060, 509022735957927, 3679922948664126, 2776783840117028, 4033409764362695, 8456891186318538, 5868857146551122, 7170720099487597, 2163918669316685, 8396118587653245, 7460775180659499, 5023848157520781, 5557619939499992, 2129525148280073, 7093818530624859, 4615045386562133, 4537346995601949, 5273793479087006, 7243510360865368, 8815344118052964, 4197608725633189, 6310597090076068, 4154140164000194, 8007867564332141, 3370602288942898, 4813460629182965, 4067818407292360, 3720942202006333, 5089843546165070, 9105382518167883, 2029322150127268, 1756701888891499, 7824170930472290, 9699638931869440, 1021485615300598] 
Weights: [3785103961324924, 2886333275497767, 6566717890496884, 5767028280370919, 5077506165702174, 5532539777649303, 4413294301905330, 7348519039564352, 7571285646400514, 3050509553451887, 7495501892587402, 4858258530659516, 4204145610998491, 3742601049993499, 6369968513486274, 6530840775433465, 2155225533352477, 3191456540898955, 5738657684818839, 4316595226083739, 6650306622887287, 7150710681877936, 6741861397352413, 4639482768868512, 6617188239934105, 4323618292754271, 4446595400097120, 3028487445219404, 3479778014176016, 3461460749480274, 3818205489037253, 3934161004872069, 6364745998914997, 5989664741940275, 2909279133550864, 1643534754651068, 4989943790427196, 5826019958568634, 7615831593599083, 4116611499347930, 3860052796128634, 4966440739834245, 5150942576339827, 5724739038325570, 4226989513167183, 4416517044979382, 3895828382670389, 3498495904592197, 5267012317160794, 5616510676871586, 3282211101104250, 6379148977896197, 7300290667933425, 6942364354351016, 4663557653472919] 
Capacity: 7733134868556899 
Capacity ratio [capacity/sum(weights)]: 0.02875 
Maximum value for profits & weights: 1e+16 
----------------------------------------------------------------------------------------------------------------------------------
Number of qubits: 108 
Profits: [1764443992956563, 3421458230341068, 6328227946781508, 1767390599417950, 8038894948050989, 1325087856936580, 8156682882485632, 9122093069704325, 3358730246373039, 7709611364904000, 8731949144784584, 8999088832143212, 7878252123347128, 9579796926720065, 9405755744038244, 2929492940910195, 9426732118755714, 6390166036110579, 9967250475656804, 134120358558674, 206256905152429, 9969475806591315, 1186474304226022, 364882664249859, 59497652637349, 6857709687077188, 2607561725815933, 2719071666721062, 3878527658761982, 538952833110854, 4947394346823506, 3359809411368124, 6888114565161330, 847133299462862, 3542920546874403, 5900118144194338, 6970401851610317, 6076565607400216, 1825033703498879, 2555448875527508, 926714313826683, 8415937283127831, 437232840006924, 75310014014845, 22444015572794, 5222298111559982, 9834841392171105, 1822257689905900, 9520265383076718, 4994793164548435, 2264377961341990, 8208277286326371, 6797175711720550, 850048192685663, 2349759906083121] 
Weights: [7101209223321190, 3008882192875148, 3570365936758359, 5576898273168223, 4519404209371452, 4805284077569701, 7171737518597797, 1340985626588594, 6573095234171636, 2987232700972648, 7115931060393884, 6236935941167972, 3166759086247445, 3477789404298919, 3163173973843436, 4867015213819446, 4188271051053001, 5993473694840474, 4950875849584818, 3687338201289838, 3936584754982114, 4365978186126486, 4264432719055752, 3458744262108426, 5684567309372212, 4402232096151828, 2525746982477054, 3721289736602607, 4734463765835734, 7040484457381932, 5822286156574200, 6023974544515465, 3283560118161901, 6985327566987975, 6081480579510127, 4040996379338403, 2632497078898134, 6782388210216786, 5876853368610358, 5229519568791052, 2980467692704952, 4010483462706825, 3399301396926331, 3984687487009662, 3993525387479974, 6021066376765197, 4728775700893708, 6276542355198499, 2796300274062961, 6601951943850737, 4628542703309901, 975804624012609, 4872613226305710, 6276117151051871, 3038666593022745] 
Capacity: 7246753946965789 
Capacity ratio [capacity/sum(weights)]: 0.02875 
Maximum value for profits & weights: 1e+16 
----------------------------------------------------------------------------------------------------------------------------------
Number of qubits: 108 
Profits: [8234425583144745, 3261083355233114, 4768930354653751, 6636336473673095, 8475224150901854, 4215914376909283, 2075698142932025, 9518937262859905, 3601224134008108, 4165969755006466, 7049532919904855, 6503686501959154, 2570840498640444, 8916720340075941, 318409726768984, 1109074871385149, 3176294247579598, 6464838071288099, 7325044274614351, 9648793861884042, 661623462091771, 4972579338411119, 5035019682299633, 5259137267902400, 3651891545559978, 1929008895938996, 1558825203734246, 7713897029142315, 5441147287216104, 4250503564069883, 543194913662932, 2806983914639304, 3427344625523780, 3771738663216630, 1356377500060464, 2350978970072771, 3625732224467886, 2413463616334076, 9221940765072355, 1257810772605694, 4638775484673042, 8898659043478413, 8157596668704477, 8122533819929403, 1102273233192127, 967860335609530, 2931675646343901, 8012517579607607, 2046324515647293, 1958346382380939, 6774043029841652, 7408730546867660, 5324964971579893, 6207568919421369, 6749543874733295] 
Weights: [2964835464726741, 6439071479031335, 4385125731843612, 3476079243548834, 3170601422006806, 4227065534528854, 1289386710674113, 6812736428063430, 6991443694733569, 3382117749563505, 4384708879877948, 5869635018138725, 6888883536982021, 5863710722863171, 5981301072178062, 3818067950077547, 6009984363211082, 3723479100894960, 7118326188618956, 1826599828439919, 2412009325096139, 5799857019166541, 3347115272367628, 3629825457343576, 3192050231358920, 4531229326600270, 3078674065182991, 4936473462925995, 5439044820755949, 6735129493297353, 2395802669260027, 4968613319279642, 4210705340956408, 1489716597118406, 6553541899680977, 4183924603073703, 2993298912595002, 6297618246075549, 4591011534637933, 6672741106149358, 5886778862254681, 2767305280797845, 3800654145712702, 4726399317305913, 5139315716864109, 2970440514634843, 5975719346449607, 5270853122761359, 5730691803008074, 4048996499908546, 6342755122560150, 6704675845319347, 4609850265123051, 5113202492725458, 3230580096707779] 
Capacity: 7221867917879873 
Capacity ratio [capacity/sum(weights)]: 0.02875 
Maximum value for profits & weights: 1e+16 
----------------------------------------------------------------------------------------------------------------------------------
Number of qubits: 108 
Profits: [9163283699549324, 9646630333348756, 8871952916060247, 9139222821252433, 232898264393017, 6726173958835865, 1762742889480966, 3449858477511227, 4648431170224833, 4591850376428568, 8071662977801940, 9466319479951901, 5749366301511574, 6658305968018227, 5282130445622993, 1435211438151505, 7248659990469602, 3090996508194675, 9168115136563239, 8957564204356448, 3802984612056433, 8635422253158139, 3715026773069700, 7801242077380755, 1670148292132276, 5670451532820123, 3637891087637562, 1170767727664843, 2262212138668913, 2435391459236405, 1594999733775631, 3345092113613105, 7167309870447682, 88798065262983, 3737887430021344, 1729214257283218, 2877143195164923, 7137098587768380, 3229764990870270, 9793349597084952, 2866779939476916, 5338547193161616, 2831883988405745, 2842523361323267, 802495874021312, 1745185203222405, 1710459362246794, 3027558146038639, 6994477246227732, 9370063833361166, 8434291243179566, 529083687954438, 1234942607512618, 7120359603683840, 8515956015431909] 
Weights: [6371591569123674, 3604455869660638, 7371192400938355, 4128754175595984, 4656389422425106, 6063752233459674, 3594695024195524, 4116158470086764, 6449536763282367, 2890745876137270, 5004050022170042, 5449196696751771, 6499615529036332, 5545377517466085, 6260166757105579, 5054500628494419, 5674323342543972, 2592346085275155, 3024294185981098, 2554750298505805, 5344323191764696, 1726232363400383, 3078608178549671, 2923701789206396, 6005551883415346, 4762275843040670, 6648119310257598, 6359498542512050, 5783693331754101, 7246501416129362, 2858758571080363, 6193963469575855, 3469329107707020, 5545862000524303, 4880609049705436, 3486726415494568, 5880205714737999, 4939070979367307, 4640506946864029, 3296405821020040, 5191123106302688, 5871105419292663, 2854419361262039, 2162288783055762, 4539341740637413, 4427786147635523, 6731442413545031, 5982756397559340, 5756821169332254, 1740753442128570, 3896453588927063, 4399944496012632, 5657194115380197, 6958066926347145, 5327733753697983] 
Capacity: 7426710119940685 
Capacity ratio [capacity/sum(weights)]: 0.02875 
Maximum value for profits & weights: 1e+16 
----------------------------------------------------------------------------------------------------------------------------------
Number of qubits: 108 
Profits: [2076111665653405, 4341473399203165, 941161334641539, 8184448966263516, 6352219053910475, 6709263161543452, 1563828473441833, 5890668074317819, 7068986663416109, 4861976642162336, 4749024115082403, 7666400771649015, 1128002360640640, 9602574419800987, 1921307980859665, 3379355810844826, 6994491836100897, 7006930466749009, 9868947761575036, 8710595991515903, 4509949399958417, 1756809227114891, 3221852363487373, 128267527865912, 1530115335475831, 6775663827022747, 1131026286916833, 8411620254585046, 1557292746248115, 2588475626233929, 4758677819545850, 7129661179226855, 8838813546679949, 8841760717642365, 3309593745116732, 6769739806538415, 709291930396486, 2265616544626936, 3430809427190823, 2709320524895946, 6775617805443, 4343673147678738, 5855016890532074, 8918716980363065, 5113921866701472, 7067657483242344, 1152389276407319, 3380984391622125, 2410142773301031, 6469921046453471, 4347828766053778, 2916550535505932, 1200138456827389, 9058028163790311, 9742785381641190] 
Weights: [2792640343327565, 4033058616449203, 1767076268701162, 5395447355292761, 5404559379741221, 3617077485544765, 5109878093706781, 4299521571127469, 1433892862137248, 4249863809476889, 1709989293256320, 1484591319559670, 2084444228791720, 4619254065804358, 5719744259976452, 4539128736439367, 4832438263098673, 5164843199558377, 1949533945715925, 2680780035183450, 4528624395143996, 5793903033286803, 6619488780412164, 6059694988373669, 5513645431112364, 4294830053549286, 3960581530365895, 6146049314792948, 5555573764740601, 3222363556630641, 6824409752185617, 4109649793080193, 6623107507759339, 3144268961570961, 5627700246827987, 3494090447403262, 6858943403385636, 4645077001158703, 4290738651469289, 5808945552231807, 5793868509408026, 4355479657825392, 6266603632161101, 3457816516130386, 5853907361508851, 6184262794806154, 1967774530208962, 2697560413003856, 2917309953133596, 6494835101593495, 3481979280924613, 4968455475794152, 6510904077260727, 3650447350451177, 1788071456581193] 
Capacity: 6919372880316449 
Capacity ratio [capacity/sum(weights)]: 0.02875 
Maximum value for profits & weights: 1e+16 
----------------------------------------------------------------------------------------------------------------------------------
Number of qubits: 109 
Profits: [6892227660428586, 9492997944270176, 4978010338541222, 7673154109946148, 3330106888662419, 7652907986802674, 4470987563812788, 9539976540171453, 4072691909778970, 7598415339226572, 870049373303966, 3401611417231848, 5775542029332578, 9408595419458330, 5674763811536455, 6454016957418804, 5242407028188032, 3015622625697650, 9492794884497182, 7601019542784574, 6559282511958624, 5101218823951269, 6017859657579574, 7772684699057537, 4859467256921519, 3872156618154601, 7560688775566131, 6385858307048215, 996634891562753, 5809917810337341, 2305036874279358, 6364937302002661, 6141854834513371, 2004121472755660, 7128698122597079, 9969974598145823, 1737373330163386, 507520415230223, 5028622414677326, 6415088261561111, 7057380344350352, 1096435581307479, 3035430802530386, 158802438759528, 257960443511398, 8942725145520697, 7235730787576915, 3554505693290532, 4246938094850005, 2821674723236483, 9497984250595201, 4185344557505521, 2239123201955944, 9488512508272252, 4024429425108290] 
Weights: [7265990563174780, 6601869150237095, 9101154473248741, 5365056077262307, 3859211127065832, 4110280550265088, 2968797838071374, 8054540380804062, 6187172450409946, 8987573650579830, 3017874204869161, 5937812030381954, 3217598602565701, 8112678808082483, 5800432452647281, 6298161425133387, 8834302509896899, 3314978385778734, 4036953429502242, 6586093577625911, 7363780193934039, 3819251344173845, 8685302140395658, 4514378755875756, 9019048390013025, 1889093236382860, 7449782648426666, 6182507970614738, 3877332796995737, 5475164736807727, 4658604895013168, 9197472026573800, 5395012590262744, 8775382160151803, 8772154193732560, 5376675149489240, 7228707105256846, 5845844979752548, 3337221483937776, 5224442138201576, 6651880245629253, 4345831598029006, 4936202775892440, 3340018921685129, 6721228683491976, 8027039356148056, 3327316227280591, 6084145666872779, 4084637365857969, 8078878400493110, 2355057309023729, 8995922201881315, 7648715199404176, 6415819060671343, 7242058730890420] 
Capacity: 9223011040867140 
Capacity ratio [capacity/sum(weights)]: 0.02875 
Maximum value for profits & weights: 1e+16 
----------------------------------------------------------------------------------------------------------------------------------
Number of qubits: 108 
Profits: [1631375129739183, 9055577851898775, 9705104229926838, 3541043166420993, 6143070499932466, 1416926727380713, 7919805484267665, 7207795420240996, 2444433348791689, 3831145303021708, 416740889316021, 5000950139112604, 7003536856602234, 5967656311665609, 3697545334800788, 7392533397322190, 7649980280787424, 9175164367624687, 3754695813998041, 4566583042472104, 367166224465026, 7348871805104746, 51886524598823, 5349073712901194, 7404513535138567, 5778683886478805, 7019181657954586, 6371011909556845, 1703914449656177, 8358576704427535, 7774953201553127, 9915963584192007, 7579628145466443, 4567868371869538, 2577170982531776, 2549416002613602, 4057123202952101, 1486885057461581, 4869561662208827, 4048486271099106, 4269056009157682, 8787078077800022, 8768324795711982, 2065727779407022, 2922049795782675, 7032505051272212, 9207687176759942, 5518126010821940, 7813638100509885, 926540441304301, 9191788700161462, 4765662841076926, 1402931572719029, 4835194535195397, 9916395248888753] 
Weights: [2622993483599848, 2638218975742868, 6903294792359885, 6685214069499069, 4299410153927969, 2209570861194586, 5015334281490000, 2327944315893513, 6884713646178614, 5961515756181275, 5729157921134442, 6861114289710698, 5994403139312125, 7160843653551223, 3601105017748580, 3130573733370772, 6809573770483453, 5323345536604015, 5155794663348502, 6075870868906866, 3779869918360462, 2622217732178236, 4638419398437140, 7258323603877266, 2732849243127500, 3895200907969339, 2832834265270038, 1354497959594460, 2794765823590321, 6429769896194589, 2493699809613281, 4313003925108973, 4500818383839042, 3913755151682417, 4534248407229201, 5796762214581379, 3022876116240688, 2811753689078842, 5661419287909210, 3320945935391839, 640106100609033, 3397857128196947, 5838792458801118, 4564837768737011, 6294659976936512, 5389678570390003, 6119168586185665, 6580966821635591, 7054063089717053, 5380126249108348, 6404439012346149, 5225456849088104, 4495882212845371, 5704967985471413, 3367392169824571] 
Capacity: 7283397580453402 
Capacity ratio [capacity/sum(weights)]: 0.02875 
Maximum value for profits & weights: 1e+16 
Number of qubits: 108 
Profits: [7959049512290807, 1705851618596493, 4967816629330996, 5394556030808101, 9073899187290080, 9063782184479609, 9302455681612725, 5317357767238522, 6288459767698549, 8937074444837724, 3819128322380264, 7727531829302527, 1255500345854436, 6915241610871033, 6611565363027509, 3837416973466633, 9635246070088887, 8587685996901685, 8655307698735080, 7349773695512971, 7106630839237317, 7110985528960328, 7187625416292113, 6828067488290042, 2637078357349821, 261622915679752, 5314610334271358, 4917387016748954, 6207635274243300, 2443404764693718, 8350504042098776, 5400867799309796, 5536247299458020, 4972441735895691, 4269306728237284, 5888530236273918, 1909514879165519, 9107212209267215, 2570869999550260, 5834144339817974, 1526348348160902, 2461382234104189, 7503039134758350, 5560073143955892, 6687003041000074, 3630943634706384, 8957886753114409, 4682923329006404, 7542128926144147, 8727501377373056, 9159244826817850, 7850926074664148, 3054294620252640, 3118264571714495, 4524263487336239] 
Weights: [5433834933665042, 3813312468584344, 7134508685834497, 5102473731172080, 2348784712617933, 3375741566588448, 5105118679434912, 6375563944310168, 2792232349602406, 7073321070586799, 7096568393617125, 6478217252626089, 4702714174272037, 4004782737955604, 4301140442883329, 5124828705484402, 5897722590820676, 3396648814908269, 6335753450384893, 6813266875793723, 7077308599122106, 5494044188875194, 903166115144093, 3156351377901699, 2938579017569142, 5405154161185458, 5012132169185106, 5654439637973354, 3821888160132183, 3986695931350349, 4046600821909906, 2552343075286627, 6345825818015237, 5095920732313039, 5776543753910285, 4255758574881788, 6381007019856911, 3394059533674090, 2035807796129560, 6418520598204617, 3025410806809536, 2828517001134664, 1373159585005314, 3859838207631390, 5223692578566307, 6166561053662604, 4724634986203093, 3947728159842783, 4339395918695822, 5974507685376074, 2927321928541017, 4672226239819762, 3496349443840250, 3485150816822413, 3875177044141710] 
Capacity: 7145445584990819 
Capacity ratio [capacity/sum(weights)]: 0.02875 
Maximum value for profits & weights: 1e+16 
----------------------------------------------------------------------------------------------------------------------------------
Number of qubits: 108 
Profits: [5261942925236406, 4719140408765081, 3250038550342934, 1171196160800227, 3387915500434418, 5852733997176303, 9557699744926068, 4718058221298479, 1145374212445191, 9776803366201221, 1519767794184043, 6303357234516487, 499836101101939, 4138624352307089, 1382534721707101, 9125564143968220, 4624588626852400, 9289445372839654, 9792351389732468, 4426537759911117, 8015167862361394, 1640621572821997, 9939164261802107, 5154364378262581, 946296736241950, 4171380890539591, 603319063767374, 751924307616074, 7512990834392780, 5420725197877978, 896624395536849, 7121458759749805, 5178418275381805, 6129236149881781, 8626016481221402, 4395264895093876, 2490864938919158, 7761478959750749, 4895684514087771, 9540182019681913, 5364526172453263, 8155010451342122, 2855666327215087, 9136890297288734, 581564238975761, 9780762523355110, 2893742658724098, 241088547496400, 4784566231916486, 7158205907028456, 3131228270607192, 7052436386893900, 2286089705321504, 2103012476338528, 9373846572999103] 
Weights: [6482889969342304, 4848331908982704, 6157663712038754, 3934705055768992, 3770453353924822, 6951297384986392, 4593384207738343, 4449278029230961, 2257583047567690, 6255823460079418, 6324748783611020, 2330641337846028, 4257805665700627, 4149259469876205, 6958246747912735, 4270665020852114, 3736762303201100, 5113280978339965, 6529713915516936, 5066106336052288, 5634273843153364, 6239826922951219, 5027680743264907, 6328924357983324, 5659009728134017, 3776287170721822, 4413673627372864, 7068826989999432, 5743718681855894, 2529819952093437, 2722067028159460, 3872361246915589, 2879250477218145, 6825961864828673, 5608015937032285, 2343045499824182, 2220625560228800, 5286094730642643, 2143350483511515, 3703769046811179, 4716812095396385, 5081197365733659, 7191440874189153, 4355672175086842, 7016512412705238, 2409544189501247, 5806548785002916, 5230383496458147, 6139962509288738, 5127681214994403, 3745118092548304, 1474331246369572, 5837255985081603, 2884922383093051, 3024104284991537] 
Capacity: 7346521975995820 
Capacity ratio [capacity/sum(weights)]: 0.02875 
Maximum value for profits & weights: 1e+16 
----------------------------------------------------------------------------------------------------------------------------------
Number of qubits: 108 
Profits: [5129259779370563, 2886687638210794, 6341919060316014, 3500204882102096, 7171895726244835, 100780724705824, 3089649785427102, 5562311085502274, 7784746285750550, 5627615416046096, 1383796071132505, 7182811471032339, 4934603728112940, 9663711164710526, 855656675378887, 3899943031459051, 8970276209859052, 9081078932950139, 1045239566495957, 8425086674511979, 2656252878910619, 116336114552774, 4972391047865708, 6147467802654240, 3060523224834411, 1714329126392818, 9849730769807885, 1284610143113860, 6026089225205868, 3900808959709939, 3784627492253356, 6597928875511318, 9986080833894894, 8969891776127799, 5082734267320754, 7400298444734740, 2313138387189583, 4325588783822529, 4987472707311084, 9432931620385716, 4640470309221853, 5771726890328358, 9372010959743856, 3908105809969361, 2224856387527714, 4037671264660228, 5581878216669120, 1153136589158916, 6278802845030517, 8608850252517828, 834378929430759, 9334471131247581, 6744646657607678, 3670488963759058, 6319190269060486] 
Weights: [3473230402058179, 4879684857536716, 3355847711610353, 3982251827733632, 4636634548795397, 2818503915499894, 7706528821236504, 6751521229647773, 1897644372224007, 4526827948924559, 1426748583230177, 3128557356348658, 2620574431625387, 5888009769217643, 2518651026566247, 6462440494169029, 6880751907831751, 4986535172395445, 6080624821522367, 4835281011111342, 5181443956574675, 7236314465240127, 2448446271046532, 6008063673189778, 7148873351632226, 7573622463218766, 5692747188926646, 6759164325497641, 5209762408166027, 6154260735350546, 6350005652518983, 6165031453039939, 7147463390411082, 5999633033775839, 399106984145191, 6175636534348188, 5902032353796348, 8039069591910961, 496577697156442, 3533047667523885, 4285113320166972, 7425523424004633, 2435376006881845, 7738251838294392, 6817247210074520, 7908610695420318, 5658044272246322, 7285701973166672, 7697515134065167, 5385049617723643, 4767587006164222, 5264666661380372, 7820339066770960, 2418706763291492, 7520743231623746] 
Capacity: 8092222233661412 
Capacity ratio [capacity/sum(weights)]: 0.02875 
Maximum value for profits & weights: 1e+16 
----------------------------------------------------------------------------------------------------------------------------------
Number of qubits: 108 
Profits: [4983529336097095, 7749786792404183, 6038631034080854, 2329474244359287, 4802282287979717, 4165913499237091, 9546345787954838, 4963212470078823, 6055014009258076, 2711141868664665, 6365654375458553, 4624453599545529, 7044310411796537, 3676462870764715, 7068433732316965, 3089131378410537, 2768688298602356, 1891556133818660, 2752541409897545, 6108735015396735, 6057898167254111, 4174339536759368, 7349679550320101, 2286674482035870, 4797027696967474, 2780908505912904, 3829252363322905, 1986008193866080, 3566601081318973, 4622009826041403, 4380920159184854, 8138985501263790, 26073521838798, 4357268722155202, 810219953327021, 6028082637296507, 2130371283868832, 7986724709940214, 5669603818856048, 8125873358074623, 294689063416969, 5743331273298023, 1357584411425594, 9497740030506574, 1079596614988086, 3560794545059959, 4236660623639551, 2628851701798345, 7457443494932316, 1289019511552629, 9922188566814102, 4319538747494362, 2065895954334141, 2138440291790219, 3291542517518946] 
Weights: [5853845638978131, 5742461469411910, 2979540866735924, 3322331828375248, 2483086827172397, 4390256961133110, 1384896549717948, 3140680172562090, 3514679157081017, 5161334398653001, 3900353624638591, 2351657632618655, 4556996824551851, 2839055836774550, 4196320128865969, 1156174330934878, 5339230635276072, 5659807870241297, 3011566779832434, 5243951963600002, 2485547003726914, 2845214265498654, 4369796012847825, 2659855086318933, 5974730477536143, 3784100147061415, 4403471797167621, 2935427153958191, 5573230663598343, 5403508254117743, 2489848953257109, 2560680727920260, 5471569469953232, 4825883495206074, 4805031242628748, 1456797417871816, 2840450507057094, 3582331387951907, 846235702636224, 2574108481059689, 6009463268634319, 5781285984798610, 3278586349514709, 4894181693245229, 5820550617135123, 3826760064979212, 5397691455069731, 2690209933999362, 4190542342322677, 5416864433315045, 4289686990873124, 4029128804263358, 4517258367675683, 3921057107972232, 3651933776749226] 
Capacity: 6101011829208736 
Capacity ratio [capacity/sum(weights)]: 0.02875 
Maximum value for profits & weights: 1e+16 
----------------------------------------------------------------------------------------------------------------------------------
Number of qubits: 108 
Profits: [2721193723046296, 7837568274782972, 61358838503955, 7356279042819201, 5680963149975370, 7313159631983802, 7515533871692681, 5644217133162908, 6901427932829609, 5422794153728901, 6007448464907602, 9910658147307724, 6833011390654990, 7217154633651090, 7200824698554092, 5862948513963304, 6471071121434841, 9783207642554181, 5514872130632518, 6374900548102613, 6137482375771425, 3010800980812033, 3772475824848512, 4780338686629602, 5186600900659129, 3877837633400963, 913701719606843, 8705779313187206, 8566955774931334, 6343104800596247, 6233037632451053, 676894959419203, 6009826870255343, 5621368028658878, 9267829751496976, 3703580221112878, 6274465025265225, 9199710783463228, 3844227173812996, 456381551291506, 549566769951827, 9121115890104625, 4875406656396952, 8874050846277233, 8779874898245537, 1779040455851574, 901828648128006, 5536406313833101, 8738101994765506, 5999864973589443, 2016777218522534, 8080376474712295, 2000259909090412, 1590489783561848, 5055793124420004] 
Weights: [3017219641761656, 7331258236669126, 3959159085573008, 8394215897685378, 2800299145299704, 3381950386641924, 6223378904112978, 7469738184209709, 2474431941666505, 3120390450726095, 2769671501543229, 7535493632119929, 6285800977089795, 3979019979943062, 3532529809085136, 2560635379845815, 6168805732031853, 7569802212383966, 8613079655316569, 5936458431660681, 8246914644073893, 6725869479692045, 6984710572644393, 7069653178640024, 7199211068385134, 5841128229695061, 8153782198211512, 3085739383846699, 3412587748837878, 2448366815146258, 1598296710664858, 8552236574363130, 7600856882842074, 8414177033684573, 2606558464600871, 3466691170576184, 8095183157423004, 7986348624185186, 7042481782450189, 5452092139574353, 8198314983060571, 8053072122694011, 7436912236190072, 8226407895197672, 4180589420240750, 7991685214437847, 3296008191943305, 5091602099367859, 2274742186427689, 3929929258430367, 6153950626689781, 6072678283696688, 3106457596960156, 7031646545546637, 6282928954257020] 
Capacity: 8747610500669477 
Capacity ratio [capacity/sum(weights)]: 0.02875 
Maximum value for profits & weights: 1e+16 
----------------------------------------------------------------------------------------------------------------------------------
Number of qubits: 108 
Profits: [29504528180672, 6271636674427404, 2701636134700363, 5802931395688012, 3328082547450505, 5361972968185350, 8896339399218268, 3293163997509607, 1038078238593073, 574381503312912, 6638272677671399, 4814922575954362, 211045086691204, 8413395405115122, 3648528040740082, 9011845783636218, 846329063287968, 9015094539910445, 7552135086498641, 8071187137966392, 8846645185308489, 9337591875833104, 6532628651943, 6299782175155830, 4507591624070608, 3102369151318475, 3374267483639279, 9383745299380116, 9281856310722520, 7842871194624581, 1909649126387703, 6100817051385742, 7979540201423459, 9587582870512070, 4127999787581989, 1792961886692474, 4027292869987378, 1153625317637695, 170009133368158, 7980308150217282, 332478409654770, 6252413773196121, 3163319173923670, 867467400498545, 6735887624525241, 4744204700172096, 104120115185365, 665438048643581, 4974358938922240, 6828059202458129, 4263748472140976, 1148531039245983, 8180078107003696, 7192521969657622, 6824285738794405] 
Weights: [6968822488256789, 6881564277337654, 4837664992910128, 2824822446095022, 4390255877865006, 3888475483018803, 1827431609353464, 4326535945418946, 5640031648207872, 6438282214903455, 2921134270775532, 5804903842827566, 2740428238995209, 5462587769814307, 4136128302975669, 4144443775712724, 6482145490522164, 4539893927162804, 7468597701218054, 4307296835439752, 6735892923071891, 6171335376997706, 4884796054315096, 2901288547945674, 2882966191110266, 6242810899672112, 6720787903924914, 4279836705194276, 6122314313778988, 5774484913526552, 6698712496793743, 6012581991782024, 4562608176435342, 4754766170984637, 6964729014345397, 4008888303709917, 2344893264587358, 7260153172170243, 4308131584021189, 2890898830349919, 6253248541468548, 5669296388003406, 6286299233229763, 2662487590843554, 2391231639697217, 6044374392836608, 2958972335762683, 5361729034623825, 5430544615119359, 2970258646434921, 5230496526403317, 5655353512869733, 5392750646620294, 1439666844133746, 4029765859782808] 
Capacity: 7542973519176425 
Capacity ratio [capacity/sum(weights)]: 0.02875 
Maximum value for profits & weights: 1e+16 
----------------------------------------------------------------------------------------------------------------------------------
Number of qubits: 108 
Profits: [2708301312453064, 6989482770904322, 7816233193868083, 9665795217194483, 5448405931060906, 8615065936928693, 3606390098249047, 6630382510790443, 908187551198629, 4685386673610159, 8493246116297311, 3402082948342336, 5562652172042153, 2727917634434725, 3981106462266538, 2136740834663625, 7338596847139530, 2399668461920205, 2604318608709188, 6381205082999099, 6495037065086511, 7946733586089664, 4695597315005356, 4237855809753337, 5092838818113005, 4000653622624340, 1684798143778203, 6540258193977694, 3881032017984299, 8709009022025728, 7488599517247702, 1740328904385490, 5412478595014655, 4300665753347443, 8778647039394647, 8823459844590377, 5892896917691089, 5938149736401689, 6113088778873757, 7370716272003357, 2769378133155669, 3839852978619282, 8219331870792568, 2329682455506491, 5988201034135660, 5109381732290806, 8749059950477006, 9428955909539432, 4512352783610075, 583439966924986, 7997622265900074, 9429577503789391, 4079512045711308, 3753945292724845, 106928942441648] 
Weights: [2717928734213044, 2228051824978578, 7592479133262008, 6829108369141045, 6766197233397029, 3189547863145707, 5653617502048242, 7645429690425895, 6834901742469257, 4569839150666207, 1715079320715508, 5640950404133744, 6870345838840848, 3708330062561450, 7179509453258689, 5606933962267778, 3549935305838773, 2388478021891234, 7888947905747789, 5826505915226069, 7997649016078530, 7800036220933373, 7601840555418578, 1924651817736939, 4909530839665636, 5603908087207980, 5885224950284891, 1817474092483602, 6893701203340861, 7648691481588627, 7409988051396774, 7346672676370413, 7768068478768864, 4444800821794822, 5426460160438988, 2102094994054613, 2748491821266116, 6396862047431570, 4374523772535911, 3840078234454627, 7607341430815363, 1955763350947372, 6512830868729261, 7886356517053243, 3084231604705292, 4687391608033980, 4985188569013550, 4254166773116149, 6247506465806517, 1830929761758266, 2765862833312449, 7280540806616521, 7014140518733293, 2262777499904220, 3826711221309587] 
Capacity: 8129012803378248 
Capacity ratio [capacity/sum(weights)]: 0.02875 
Maximum value for profits & weights: 1e+16 
----------------------------------------------------------------------------------------------------------------------------------
Number of qubits: 108 
Profits: [1702239976906367, 2288207990199496, 2170227910843451, 5733813983074931, 8945795924197901, 1902628096976721, 5121628719072983, 7399288495318714, 7528965641252792, 6893507167972079, 3061231443360648, 8057950566762254, 5193124790161165, 6440375404639752, 2742146957336313, 9824938454909315, 648006301109597, 5329053074756313, 3219226035232596, 8083097039051411, 1870535349262668, 626841318988830, 21474553231484, 84841696479342, 7730976095951534, 6905518401863204, 2831568467777623, 7002402846843086, 5117234216079029, 278565081389135, 4102761217974144, 832978413058735, 2190196349313124, 6964746332655070, 8119208623476243, 667784211917415, 7403033264542457, 4550974762674386, 9306839734155446, 8635953043893050, 4340046034911355, 1784223363113326, 6026679435115054, 8188596793673535, 9078480563394815, 651095649804232, 3148370721807579, 639269174932019, 1409214166017486, 7080378425795796, 8638505655688756, 8037446200252579, 3796435183902712, 5205964221564541, 6072851926403552] 
Weights: [6319170884316327, 6410941648054594, 7020735405521646, 2947564482238699, 5231837532975129, 4554099299669179, 4481435238298303, 4218103301178751, 2289070857527647, 6217719069325106, 5522482994624480, 2800097014708133, 2627742983446017, 3920594062900449, 5144141978774867, 3268421530227809, 5656185622520542, 5620631123445978, 6372875610036947, 5742922640791210, 7271465903564681, 6067171880377864, 2798966138210860, 1595038790739287, 3588702694830390, 4434322930125200, 4896998195263188, 1656325572892520, 6917785491100996, 5452721530032400, 3770174094110129, 5762852938393953, 2046612609363323, 4995165882472901, 6474148053865559, 1490288662461315, 5385122499308938, 6767625186840276, 4803830173849954, 5426806651319556, 7388519899558526, 1945798674904313, 4808174369094725, 3954168516175777, 6100696047264399, 5757459020046175, 1544196622943930, 6987953452090453, 3582279247962062, 3443366689986228, 5849874658105616, 6804565534055564, 6055489596839826, 6487981084475882, 5747565457218586] 
Capacity: 7438942128589639 
Capacity ratio [capacity/sum(weights)]: 0.02875 
Maximum value for profits & weights: 1e+16 
----------------------------------------------------------------------------------------------------------------------------------
Number of qubits: 108 
Profits: [2279672052277238, 5734693335172723, 1549652522910882, 2247381934975172, 1659425951505337, 8334892189975895, 4555586641569382, 9628971410737907, 4631265980384039, 3471416496840358, 7438363703764194, 3434789186040097, 5388401996710285, 4839181769003035, 2779650527466991, 3286233946773467, 2346518348371048, 9995309897553557, 2896056266897790, 7087789291689705, 9721822378596842, 3748363955770967, 7012647210975445, 7330009716770821, 3295618631190684, 5501428123554409, 7357220699049412, 2639712678272494, 7332425376354768, 5182809439094446, 5825065770952854, 3947807165694683, 4122305012237265, 8550183408944577, 7387212372864583, 3448133868169689, 533831541979939, 818724968756711, 3438020148101508, 5201489748057151, 7248625498416808, 4838705709043890, 4700842265916265, 7301205607237982, 9955511946960159, 4984649364607001, 5803632838033107, 4582216699315821, 5282286254853972, 8460653266951121, 6993367125868815, 1755075538838656, 8946944522519783, 4963311673045041, 9686612935061343] 
Weights: [4328283387074887, 2714124693314889, 5834191658980969, 4392950421758614, 6264371536963761, 3012501042206597, 4851123340271741, 5054096666875022, 4193073958061252, 6379206363752881, 5781130951498653, 730392193304223, 2708607600141444, 5073226361560401, 4634477274233036, 6451752593852193, 6277204573227276, 3020939647865998, 4690711835915819, 4198807860797459, 6202957034388694, 2537448867926524, 3003913202298064, 5382439896795125, 6484636282140471, 6982584972657272, 6820001592864368, 7029062583902625, 4755436579770354, 4041165310658153, 952149496144869, 7104297615973474, 1475256891359327, 2585972899126085, 7071597686764697, 4581630827743104, 1712309662844029, 5277311884146778, 3666854888986349, 7079983002113184, 6324872606219900, 4566743316358576, 3972891533247618, 4601024414422736, 6070669950203683, 7104593630101358, 4802602387359803, 2994888082521360, 3519982134375720, 5038738874910506, 2978014878201819, 6545067525523924, 5145301855896240, 5394199314360379, 6048637326630843] 
Capacity: 7314492241648921 
Capacity ratio [capacity/sum(weights)]: 0.02875 
Maximum value for profits & weights: 1e+16 
----------------------------------------------------------------------------------------------------------------------------------
Number of qubits: 108 
Profits: [818338377987226, 3370236550399067, 4742293506539156, 2858816131895717, 5854929721536432, 2668592569306198, 9004438253509340, 654601361156346, 9767144130603325, 4623794037051158, 6393936759969800, 5757199274918515, 8214291488456301, 4255738202545808, 616880639253784, 5692639325048192, 9576976999333580, 2012270820809431, 5501798672211680, 35241857776968, 1148001663156029, 6975477347814676, 9355241476083520, 4504728222872966, 5381762295198198, 3396777971030470, 6407761586546720, 9297981152610330, 39307599555033, 9262807257660977, 2442934977370494, 5010787066145694, 9469989649734566, 7731690536033981, 4598494850872160, 9568198525485134, 5577258646673704, 6132519118964153, 9046256839656051, 7698440833509501, 9194710083636408, 5546034026624034, 2883466903686074, 9531803274723451, 3514051942954221, 6854453582618584, 3427496275331002, 7805433079563573, 9899669979151892, 4354178641560165, 7682535762495419, 9994269721579680, 2797452436557061, 6895707059620922, 6198835813357214] 
Weights: [5680494096463916, 6202015790787226, 7332536151971631, 5928924614273370, 6487842303739762, 5742204927050011, 4678885383006783, 2146051921541623, 4442723950616036, 5036628775192595, 5321645158329837, 3314476512011824, 7172090596049066, 6225047739845331, 1911282030777407, 6636372117597649, 7038259179805776, 6023541354845464, 1807358762388943, 5272819405419221, 6572492595652090, 2240523430984470, 1446207201922309, 5154200355900688, 1588144605655808, 6731650727679129, 7069953409675236, 4717935011774178, 4520109024339679, 2440890302564362, 6543382335104817, 3454645692616067, 6422193277219404, 2590518420384978, 4593400294446762, 5317651272869889, 4999361517910180, 5745273160354324, 6974263011355659, 3552317905400836, 5887435300388334, 3450502528206067, 4037871506159916, 5686606991521346, 5103211617084338, 4970828384201494, 6532629595979169, 6257967149703555, 4732147686449193, 6443131877021427, 5875874909086541, 6296233727438884, 6467619494222168, 5583087390071575, 7097832619355388] 
Capacity: 7890445250573180 
Capacity ratio [capacity/sum(weights)]: 0.02875 
Maximum value for profits & weights: 1e+16 
