Number of qubits: 68 
Profits: [6054785848, 2199893693, 7954225568, 4908911460, 2873534833, 1311390581, 6362209635, 4091671773, 3073550545, 7859004155, 5828213605, 7859202819, 3505847689, 4675606464, 427593896, 5053603877, 8635490589, 9512137609, 5534554103, 1365804432, 987816912, 2656667280, 5485447936, 628514776, 8971306395, 3113355939, 7657868513, 7214732777, 2097883645, 1010346785, 5799386309, 3478532070, 8316019948, 9927279210, 4438898533] 
Weights: [5533765569, 5720650167, 3680599467, 1821264888, 2669693059, 2599953951, 7023549873, 8484805104, 5872103133, 5171007643, 2908988329, 8481698510, 6917039900, 5914041569, 2799156101, 2517719983, 2486339563, 5363898876, 3770849455, 3718503604, 2992266030, 5441367570, 7768190250, 3363431525, 8317426481, 5425356056, 8389433086, 6111886567, 6918306621, 6420335568, 4318654615, 3704926564, 3789530594, 5181154749, 4452548871] 
Capacity: 8587451784 
Capacity ratio [capacity/sum(weights)]: 0.05 
Maximum value for profits & weights: 10000000000.0 
------------------------------------------------------------------------------------------
Number of qubits: 69 
Profits: [6504353672, 1177379048, 856812655, 6992364561, 7787051572, 7417887531, 7736788087, 4480558344, 463417613, 5106212300, 5343829624, 7821135582, 7670012276, 5642318477, 4968024987, 2183464496, 7520599106, 2156257987, 2124081003, 175358562, 5665582492, 1495112091, 2896573123, 2089004341, 2656852067, 4046387622, 3962749586, 6077148455, 9285180179, 1779254910, 1703814852, 3191675213, 6529112495, 8042753169, 1769727782] 
Weights: [5317484607, 3557999832, 8909635443, 7877661300, 4544734092, 1998648436, 7880696764, 4325927551, 2162542093, 4265533084, 6065808291, 6553199048, 7577802227, 6956622506, 2844530202, 7635979429, 5407144147, 4007427754, 4086754931, 7478137692, 4458182719, 7688908804, 2683957379, 6331924394, 4681788327, 3796355937, 4955972520, 8716041979, 9283769956, 1598675676, 2715511316, 7376533273, 8277237025, 7051817313, 7916171638] 
Capacity: 9467208558 
Capacity ratio [capacity/sum(weights)]: 0.05 
Maximum value for profits & weights: 10000000000.0 
------------------------------------------------------------------------------------------
Number of qubits: 69 
Profits: [5550594685, 6702391710, 6486257406, 4195058780, 7585956631, 4578632349, 4851132913, 3469301404, 416496319, 4265595175, 4161771387, 3729685324, 7377405747, 5840273616, 276210018, 6882862997, 7560411097, 7660845747, 9451592970, 4137972122, 6785492959, 8350140608, 9500588022, 5049142402, 76487535, 493832408, 5270583577, 1017660836, 3950853272, 9902411746, 7590860662, 3514014797, 1675399211, 8815738834, 2848592541] 
Weights: [3188128753, 4758995393, 3807735947, 7292000826, 5083031773, 2276061930, 7933449749, 5794057023, 1567972856, 4058513662, 4563636525, 5653674139, 3712664580, 4372905151, 5829422885, 3671189273, 2492773843, 6537275304, 7027963757, 5930540241, 7348394220, 2349759735, 2079054509, 4404760941, 5035983513, 6753756871, 7079451254, 3999759487, 5134879344, 7424182396, 4927113139, 7634668940, 3617301962, 8140733073, 2638820468] 
Capacity: 8590004075 
Capacity ratio [capacity/sum(weights)]: 0.05 
Maximum value for profits & weights: 10000000000.0 
------------------------------------------------------------------------------------------
Number of qubits: 69 
Profits: [2104675084, 3999341079, 6086139495, 9616851286, 9958256283, 7929316721, 8248084552, 4613049858, 4192381932, 5870586371, 4759716033, 7804050728, 6208733779, 466868374, 4148565367, 7850890623, 871601122, 5149892174, 4453830166, 7890801159, 8853138808, 7155340777, 8327581324, 1807303187, 2424688120, 3775520572, 2751619463, 4802078730, 7707026816, 199736997, 5753284533, 8899275598, 7869804643, 7070362185, 4312987098] 
Weights: [2846774728, 6016611488, 6427305221, 4552101160, 8670906986, 7093833629, 6057219426, 7639258692, 2872582386, 6620558426, 2695152475, 9138810863, 5752498853, 1771285229, 6211272342, 3493248313, 8396426068, 3943237311, 8387597436, 6248125135, 5313622968, 3229883099, 8112774268, 5192375375, 5480464104, 2990010617, 2826714316, 1823398192, 7311142607, 8823936041, 4171114123, 4768708614, 7565855285, 5715368726, 5566436151] 
Capacity: 9415250364 
Capacity ratio [capacity/sum(weights)]: 0.05 
Maximum value for profits & weights: 10000000000.0 
------------------------------------------------------------------------------------------
Number of qubits: 68 
Profits: [1648046026, 4788990883, 4449776331, 131698132, 1350454831, 1785776667, 1036514219, 3272809278, 8165725771, 1063548460, 9752966004, 3044228124, 5789450378, 6711679766, 6473081822, 4506038873, 9026990242, 968891867, 9539687800, 2219020419, 4501826275, 7654702576, 7743083044, 4940958791, 5400454508, 3164559973, 9186516086, 4321662086, 6707587660, 300444065, 9645824822, 1280454412, 9166643899, 856992889, 8031346994] 
Weights: [3151307075, 6279508090, 4570724807, 4806702728, 2657486007, 3894320395, 4515649507, 7226615790, 7880458424, 2587785810, 6613760338, 3129091993, 6116093094, 4885638659, 8079527460, 3442954721, 3645693597, 7310595720, 2901441365, 6815708185, 3708662941, 3999634766, 4667884685, 3368792249, 3558333181, 4197997134, 5788662693, 4306733365, 7507842392, 7126539594, 2921951574, 2232077295, 6114427655, 5214721233, 2536420550] 
Capacity: 8262285428 
Capacity ratio [capacity/sum(weights)]: 0.05 
Maximum value for profits & weights: 10000000000.0 
------------------------------------------------------------------------------------------
Number of qubits: 68 
Profits: [5969380952, 8424060505, 5557059847, 3565963384, 8971002304, 5199004736, 7749669792, 7947366496, 1608097359, 1468629916, 1969316635, 7541676640, 1289120439, 3645945120, 577431637, 3316771008, 7026260503, 7821493368, 6138125228, 7882597584, 2646225593, 6017252667, 9192876630, 837954388, 7732199943, 8991818905, 1512569893, 770270619, 5017683956, 8008773594, 8371262844, 9188866524, 3539208559, 3130741502, 1199358006] 
Weights: [3239495387, 1619209084, 5593615106, 1175820804, 5698583243, 1253734267, 8156035308, 1948852386, 4349754261, 7244564559, 2318347977, 6816303074, 6326764484, 6118392367, 8129059443, 6472544210, 7616963518, 2865557047, 6342407448, 3536869903, 5757127101, 4907360740, 4583140679, 4633029552, 3760014352, 7463181763, 5967023472, 3810710080, 2935562852, 4674338971, 2373555899, 5300264765, 6513323874, 5677397765, 6661389826] 
Capacity: 8261996074 
Capacity ratio [capacity/sum(weights)]: 0.05 
Maximum value for profits & weights: 10000000000.0 
------------------------------------------------------------------------------------------
Number of qubits: 69 
Profits: [8200232337, 740277267, 136260966, 848186493, 4317006563, 8569791317, 9089923106, 5624858363, 7221339187, 4368952598, 2841418023, 1275209573, 5528725706, 7270097994, 9375334684, 1821771454, 5393675531, 771005085, 8530648612, 4855246106, 1124521187, 762992354, 1631323546, 2742042951, 4278373812, 9570310973, 6180602254, 2891785646, 1474199072, 9829714051, 51637821, 8991479967, 1872066880, 5433451048, 5183795616] 
Weights: [4627866901, 2271440910, 6961859472, 8529818813, 4368200120, 7604865663, 3197729908, 2291610741, 3787310541, 8416480980, 3311020013, 1440245448, 2748674054, 5634328198, 4269821692, 8315445533, 6191490093, 5633528514, 2598684247, 5722627516, 6602647217, 5644939299, 6371665572, 8418945645, 2721706873, 2241659924, 8371897524, 1432567320, 4502336133, 8438073311, 5740928869, 7476458154, 8391151587, 5531311636, 2183619822] 
Capacity: 8994629721 
Capacity ratio [capacity/sum(weights)]: 0.05 
Maximum value for profits & weights: 10000000000.0 
------------------------------------------------------------------------------------------
Number of qubits: 68 
Profits: [6087556762, 9274017613, 6281861866, 1954838539, 8730713181, 2700421616, 4830595908, 140139194, 9038774741, 9354036915, 3741000925, 613990651, 1121963229, 6488693581, 746918419, 2471374175, 4489192393, 2058379539, 3397186423, 8454795093, 5422202044, 5403876934, 5406461843, 972180984, 4152507027, 2119617939, 8940401024, 8894607554, 6970636501, 5154246719, 8968946862, 2758340927, 7988981502, 8002252255, 7982147296] 
Weights: [7175597807, 3311854910, 3536047833, 5763321556, 4349763655, 3955363353, 4405760752, 4966296920, 3584174827, 4999253376, 1928050252, 4317486438, 3256396223, 5162246163, 3200382705, 7187000119, 7505494804, 5568206337, 286770597, 3587106316, 6409892826, 7246167110, 2896131116, 3119330427, 5913137508, 3896987723, 4720652158, 5705965289, 1314203395, 4748169875, 2714384600, 3148583036, 3561955901, 6858843320, 3114901158] 
Capacity: 7526658110 
Capacity ratio [capacity/sum(weights)]: 0.05 
Maximum value for profits & weights: 10000000000.0 
------------------------------------------------------------------------------------------
Number of qubits: 69 
Profits: [8373223364, 6216967894, 8858089810, 413061343, 9978617430, 5697249159, 3151221824, 1299342502, 4860556633, 2547090725, 5424666207, 9548866621, 178647352, 8802178470, 782838843, 7712147804, 556420767, 8588242109, 7433134576, 2497257676, 7909854311, 2861206350, 909260513, 4729160345, 5019285201, 6887718477, 1678867081, 4703489404, 502701900, 7237427745, 6121542408, 4744956036, 1308744080, 7248884303, 6037337729] 
Weights: [6131626474, 4682768282, 4803184652, 5713161530, 3203555899, 5765861923, 8557709582, 1641427829, 7132223997, 3470182364, 6831526843, 6830223457, 1778662349, 7415868496, 3185225707, 3757631295, 3471153829, 8628408074, 6550016321, 8448134650, 7080573580, 7271721738, 4825415588, 4370810203, 2841178934, 1511998590, 5291498934, 7928573802, 4725953455, 2149047604, 5835484700, 5476001697, 5173240577, 3422167460, 3182825434] 
Capacity: 8797453985 
Capacity ratio [capacity/sum(weights)]: 0.05 
Maximum value for profits & weights: 10000000000.0 
------------------------------------------------------------------------------------------
Number of qubits: 68 
Profits: [5596952951, 5014606473, 6161867217, 2199799944, 167018263, 1659546854, 208958457, 7668530191, 8529845488, 2417844440, 8214947491, 6798637173, 8064289911, 162840901, 8279780605, 6441150908, 6667573027, 4621750981, 3262003799, 350398428, 1103903656, 1832843685, 5320940689, 8854578242, 3699849471, 4396198787, 5789931329, 6086474739, 8906241352, 8451963505, 9426640534, 4053572366, 8839540167, 866256142, 3923891795] 
Weights: [1550108296, 5879419760, 1845475095, 1405303110, 2723220661, 6386863771, 5846808960, 2523150344, 4052669885, 3307023394, 5666797546, 2375230910, 992328553, 4845042885, 6610941707, 3414664528, 7525505472, 5928470939, 6429664586, 7127275210, 2438034607, 7374885663, 7172448019, 4762905163, 3854123117, 3567448502, 6603665605, 3301631536, 6917403255, 7472430760, 4566019295, 2320408108, 2014134720, 1722439193, 2784009966] 
Capacity: 7546745743 
Capacity ratio [capacity/sum(weights)]: 0.05 
Maximum value for profits & weights: 10000000000.0 
