Number of qubits: 77 
Profits: [28820943933, 92877074846, 1901650466, 68297456728, 32681334915, 46924998357, 97299238132, 45718965335, 48222841725, 50034093768, 36737430288, 7876869768, 24240852794, 51490407078, 52304149087, 92539305146, 43117557684, 50598074703, 95616483452, 90166658655, 16005577542, 21921498101, 40362026044, 66384555798, 26584057713, 96887129069, 78372113446, 44962397371, 26320421060, 46162565870, 99981135098, 45561598248, 21703077754, 31730333521, 72771725621, 67666212737, 20011175614, 80441519113, 12147509157, 35162506720] 
Weights: [37444395170, 54258940312, 33823840384, 24083174659, 72232949137, 78867421280, 68927839326, 41990460565, 66418853240, 52548075911, 67327826463, 50986782614, 52388964867, 32515882436, 16162004900, 37085832836, 37623556560, 36264980095, 39466760016, 39623613490, 69135970275, 60668735059, 39309051532, 64689635180, 50370601726, 34511980889, 44142822323, 23944742410, 61042767392, 54692281117, 64100445095, 73871868253, 39847343750, 77526700862, 39317214885, 57230573224, 56202610196, 68970848983, 51829891880, 66850865042] 
Capacity: 78916893711 
Capacity ratio [capacity/sum(weights)]: 0.04 
Maximum value for profits & weights: 100000000000.0 
----------------------------------------------------------------------------------------------------
Number of qubits: 77 
Profits: [70032441283, 60150855029, 4800272946, 54790934902, 1660957446, 79207828120, 46529366312, 10838822800, 37866380224, 83354223216, 15746717404, 12111992684, 66630270163, 77613705673, 51316258095, 38325681358, 19483160865, 52739913130, 17908348248, 28521250750, 78211513260, 85693666165, 79837452997, 84390446024, 24536221457, 48227360140, 63581661660, 19866337764, 708667414, 75618988838, 12999612439, 1798813609, 51381224394, 35979862370, 27861604909, 29828902132, 98771685685, 76702709552, 77267073576, 71165025802] 
Weights: [32126588606, 74709452264, 35087827363, 46706572104, 60955947306, 66918329798, 44271974048, 26355464269, 52574774724, 42303018997, 66048410590, 35057359760, 48535296403, 70251110367, 31077920192, 63018071510, 33496446385, 74584947596, 52070435302, 60135705353, 39120219209, 43903646286, 73787438672, 47669830729, 65163361910, 69779502175, 74403711032, 49964272581, 59907439250, 69185888150, 24531343768, 48157173341, 38301023654, 30320844546, 68639439662, 41541187619, 30873246221, 34719115259, 29517175425, 52112736711] 
Capacity: 78241139483 
Capacity ratio [capacity/sum(weights)]: 0.04 
Maximum value for profits & weights: 100000000000.0 
----------------------------------------------------------------------------------------------------
Number of qubits: 77 
Profits: [6506123454, 24169036927, 69576140938, 81057820883, 45295252408, 1748830610, 87499372631, 20993542822, 5439543346, 6541905869, 63427820391, 74943958656, 79044429767, 13566247756, 61307577160, 863582022, 25129993231, 22892864577, 51150310716, 81198908272, 6784822024, 18977449312, 80374920574, 18944755545, 25304656045, 49098309841, 31022536281, 47963344317, 67815799821, 87077890120, 50426063543, 60007116352, 89951506283, 99830786269, 91448194278, 69313489459, 67819293454, 32850597796, 12582511752, 77954783808] 
Weights: [49012452201, 76087255215, 28210699129, 70610420617, 54810220875, 43430066596, 27612108430, 63919074143, 61059799782, 31366805671, 46285263650, 28410882184, 27108300394, 55809096013, 30991019225, 38472451758, 48873145136, 40986592866, 52401942159, 76062987737, 50684448465, 40205259214, 29502439681, 24131489174, 58139832234, 55487026831, 58712422589, 43706104402, 48888944970, 37496578808, 21518528825, 58966597715, 73419346417, 61986992487, 63907756164, 70103236595, 63670354814, 41989678852, 51888691948, 4578181316] 
Capacity: 76292005851 
Capacity ratio [capacity/sum(weights)]: 0.04 
Maximum value for profits & weights: 100000000000.0 
----------------------------------------------------------------------------------------------------
Number of qubits: 77 
Profits: [58324316787, 81899109459, 64053099678, 51663986650, 53016900428, 39495597148, 7083148268, 55171995101, 71547982371, 97415474970, 38962457340, 30291120758, 4967017306, 18358287175, 47863345489, 76899483495, 49376976370, 84970699470, 8647392671, 53844695775, 93455460905, 36496597857, 48168250317, 29840448390, 99518494016, 46545941781, 97136037226, 79202687882, 82760517416, 43830331746, 16658144976, 71025715492, 60603654145, 22978982769, 51204247214, 87213368671, 51163629692, 28259334221, 18679643183, 78096002281] 
Weights: [33364990178, 64516624668, 39750465912, 74307540256, 46760219789, 45495732843, 33424932571, 64325355236, 21261366993, 48283024902, 31096018970, 32094219415, 48310114432, 36716901461, 51896347911, 42906937441, 48944441990, 31164687349, 38425254323, 53470647651, 49033323965, 48001275319, 45392397739, 48287651396, 68940273115, 69239721607, 64696845146, 65128073075, 35627192891, 32055048520, 56235241095, 59714769619, 54082310722, 59563826946, 70288981902, 37888369259, 28538425112, 69640561601, 48736412984, 74749402157] 
Capacity: 76010984366 
Capacity ratio [capacity/sum(weights)]: 0.04 
Maximum value for profits & weights: 100000000000.0 
----------------------------------------------------------------------------------------------------
Number of qubits: 77 
Profits: [23315510137, 96100842487, 38935834718, 78840987016, 71122204880, 19414995494, 26841072567, 72203936086, 85643350656, 42347754819, 41095863590, 2237559718, 50382198114, 46124273273, 5803364080, 89766403166, 72696019095, 55807617127, 90054410335, 60222543999, 36390818530, 27874496539, 96425408883, 67422205687, 65305778348, 56058600993, 96893997518, 94138700034, 40108937611, 66351471315, 28390291269, 62519002762, 14399144769, 79948472660, 64274121542, 24227322580, 22720317149, 96736396743, 81216266954, 69016175145] 
Weights: [57933628677, 38025029377, 79279413173, 52726545181, 61218797455, 77019817056, 58583605114, 50192799336, 68292583748, 83024992735, 78742527295, 25110874851, 26806576957, 61165747523, 32227112453, 70701554018, 40953915247, 81907887564, 70912547862, 51229865526, 67222888719, 46214303726, 49407410687, 60252814535, 71690671551, 41076956765, 23295927120, 18477179875, 51348474735, 43238062974, 8029355986, 68619030265, 31812107997, 60171644065, 68274008005, 60234537444, 50758580426, 25185509629, 61078768932, 63203252724] 
Capacity: 83061376627 
Capacity ratio [capacity/sum(weights)]: 0.04 
Maximum value for profits & weights: 100000000000.0 
----------------------------------------------------------------------------------------------------
Number of qubits: 77 
Profits: [68086657809, 65146012629, 39642908599, 22906175119, 93205461394, 89524827089, 23773745483, 4403111029, 42258696891, 86551634467, 38844126913, 47430549770, 70813467405, 55629429914, 58366452248, 8077759266, 9726636298, 67204691119, 52811827997, 3753982872, 30461771319, 70227963129, 72269276128, 62677708169, 23194592155, 84086996632, 68140500401, 77009809295, 32987152277, 57412019642, 90236841180, 27864587637, 44339442976, 28394293585, 38504011868, 80171307774, 36695907002, 92189873836, 62153360830, 41809509436] 
Weights: [63729148361, 74528716045, 76490089622, 60475280962, 49487042413, 39511423031, 57538893021, 34883643585, 42885472512, 60860149755, 38682208869, 61252875215, 35175309877, 68678012776, 37623840636, 50338046725, 66498352558, 42339307600, 28227795656, 20610019177, 31963125970, 65907962885, 53223949299, 60388559999, 64488106322, 35982420044, 32116938428, 52989927804, 46360157511, 56205515434, 56912754057, 78759891904, 27897569472, 41068119791, 67958276703, 28115892325, 70533467337, 45956102176, 45916481951, 63593874055] 
Capacity: 78920628287 
Capacity ratio [capacity/sum(weights)]: 0.04 
Maximum value for profits & weights: 100000000000.0 
----------------------------------------------------------------------------------------------------
Number of qubits: 77 
Profits: [67092800611, 11773168251, 70598703984, 7391072504, 19926702562, 49606932571, 80447176997, 43257861841, 65522633767, 85595612965, 41040323067, 53246619077, 17739913497, 67834591248, 18111134405, 69432187914, 85704204987, 25661921249, 15535539777, 95506044781, 92115478296, 41518854799, 76934547779, 62226684209, 34027563212, 22951460268, 46389377571, 94233387102, 87970399990, 47438491519, 85788212101, 32221946818, 19446412417, 32461313846, 92428793871, 84378923585, 73389008729, 83099813520, 98987665208, 50150737378] 
Weights: [33554576598, 24655130583, 48129482497, 45887344114, 60483230426, 16926069370, 63523605530, 60996573359, 70841931277, 41927586318, 58732777624, 62159561867, 56847010892, 23373964872, 48598912732, 24664180373, 58853407163, 39636970639, 65687158165, 68730124223, 36446701299, 75650224479, 60169383227, 39896012610, 72648664180, 67448764942, 38201804703, 54382029696, 48878807534, 30092882179, 40691473215, 61051811809, 63086934883, 29726486991, 25194628561, 71598005042, 67303100293, 32903595064, 28528836992, 38365730704] 
Capacity: 76837667632 
Capacity ratio [capacity/sum(weights)]: 0.04 
Maximum value for profits & weights: 100000000000.0 
----------------------------------------------------------------------------------------------------
Number of qubits: 77 
Profits: [14122837723, 65288386451, 3870848494, 58307718606, 39521091991, 8810205350, 45397931162, 54141054146, 12818908718, 48076293235, 59200701875, 83863278124, 24758959954, 28567552388, 51857393699, 14734785138, 76264361843, 53275630830, 43990916833, 14104269003, 55399753560, 93547712442, 27723754693, 23582078987, 3583323223, 78394509633, 26281898332, 30919382287, 65552611741, 89511976519, 28821005177, 3114251832, 44245543134, 3501544362, 17307116110, 15711646313, 83312075489, 24019261985, 7341455205, 76453055767] 
Weights: [44843502781, 67583737130, 29537729546, 34351443012, 41422476388, 51586879802, 70805385987, 31334722005, 27740419936, 77664080995, 58051178110, 28562231655, 39985349944, 74985065196, 73228957886, 28396533758, 57503770824, 44968574825, 40249748773, 51143435281, 56234262305, 66248454427, 43998747780, 58038461767, 34150497705, 45826367708, 64616615667, 50131600398, 55018796624, 65541458724, 61610283661, 25746782292, 11229188493, 68954686147, 44850974430, 36049349840, 77784341545, 77226492399, 52019707103, 75951648796] 
Capacity: 78800878353 
Capacity ratio [capacity/sum(weights)]: 0.04 
Maximum value for profits & weights: 100000000000.0 
----------------------------------------------------------------------------------------------------
Number of qubits: 77 
Profits: [66523283555, 78670173712, 70223978239, 87598883894, 25115389247, 63162177514, 70999242051, 24439980502, 87426228206, 44404229879, 55364962503, 86461997054, 14609418602, 93241964984, 69476572745, 57115258824, 56911971847, 36028571688, 73395683876, 47575315209, 76937950048, 20946592328, 60307366961, 6397152327, 70384956301, 82645673221, 66044330142, 96164675249, 52412617749, 27757579815, 51525361958, 27812073274, 48995448153, 25816455686, 45501098968, 39978338510, 75593209707, 15103837292, 16929152246, 66737740009] 
Weights: [57823728206, 41223978796, 39509870827, 77962845585, 64817994308, 37529156580, 33696400481, 81420772729, 82122195804, 52558752083, 71342436151, 46796478036, 81283496008, 44105152016, 82476953212, 65539815858, 28889907293, 71013171329, 30314833180, 46047311830, 15181476134, 29945208110, 81772524534, 16511862011, 36893552441, 41322998224, 51477431420, 78973756764, 44747565896, 24220908869, 44723008451, 82172618348, 74499181710, 41112520623, 70562263644, 62843500812, 40460967682, 59127933675, 45669218964, 50302540532] 
Capacity: 83333988693 
Capacity ratio [capacity/sum(weights)]: 0.04 
Maximum value for profits & weights: 100000000000.0 
----------------------------------------------------------------------------------------------------
Number of qubits: 77 
Profits: [72152347566, 3469856420, 62605621671, 24808271755, 41168173696, 98270667552, 15195454926, 65148655558, 16546573332, 90881994144, 66432626977, 68715207588, 65911883778, 28504497484, 37382047903, 93382653991, 53490921780, 73390719966, 2599386788, 33837392254, 78048376555, 24866382729, 8628349290, 21291017160, 24659821757, 40575390863, 88132225372, 93671264282, 66881186873, 25785189221, 41569968064, 22571359053, 79923662170, 46843880479, 687387824, 69941774289, 53144932809, 67463009174, 64859480624, 14558429272] 
Weights: [86614653288, 20056110352, 72127782300, 48168824499, 39279203522, 57532018937, 56340766693, 76150431583, 84013593658, 85353023599, 70750880980, 11162285918, 72343533044, 61983113536, 56941751974, 86845594169, 24316378214, 71687468557, 57097218963, 64592028540, 47257309543, 53018833758, 48717106523, 54144067402, 45511742260, 63800352350, 50949572166, 69984591584, 37228620151, 51569404030, 55367947959, 64669762078, 47043400476, 75891551009, 18395966536, 44518451063, 30342322457, 78546834720, 29800435540, 47823454784] 
Capacity: 86878581497 
Capacity ratio [capacity/sum(weights)]: 0.04 
Maximum value for profits & weights: 100000000000.0 
