Number of qubits: 30 
Profits: [699, 537, 663, 371, 856, 388, 310, 946, 380, 568, 326, 200, 553, 651, 191, 899, 957, 670, 424, 658] 
Weights: [724, 176, 356, 410, 405, 666, 580, 313, 481, 298, 248, 551, 299, 637, 159, 670, 568, 584, 362, 401] 
Capacity: 850 
Capacity ratio [capacity/sum(weights)]: 0.1 
Maximum value for profits & weights: 1000.0 
------------------------------------------------------------
Number of qubits: 30 
Profits: [425, 622, 853, 191, 486, 321, 604, 615, 59, 48, 783, 517, 93, 509, 99, 538, 151, 958, 19, 1] 
Weights: [811, 556, 87, 720, 588, 512, 38, 703, 110, 952, 1006, 407, 106, 935, 1006, 249, 456, 753, 119, 169] 
Capacity: 1011 
Capacity ratio [capacity/sum(weights)]: 0.1 
Maximum value for profits & weights: 1000.0 
------------------------------------------------------------
Number of qubits: 30 
Profits: [505, 516, 153, 462, 469, 428, 600, 302, 623, 84, 809, 462, 457, 278, 843, 609, 878, 98, 181, 536] 
Weights: [733, 505, 816, 102, 735, 451, 405, 566, 515, 247, 740, 506, 351, 239, 227, 386, 328, 645, 207, 675] 
Capacity: 873 
Capacity ratio [capacity/sum(weights)]: 0.1 
Maximum value for profits & weights: 1000.0 
------------------------------------------------------------
Number of qubits: 30 
Profits: [952, 79, 326, 793, 673, 334, 139, 509, 399, 257, 199, 643, 976, 821, 231, 596, 587, 842, 640, 276] 
Weights: [687, 714, 467, 842, 160, 510, 844, 282, 666, 207, 146, 244, 245, 255, 452, 391, 837, 545, 705, 161] 
Capacity: 919 
Capacity ratio [capacity/sum(weights)]: 0.1 
Maximum value for profits & weights: 1000.0 
------------------------------------------------------------
Number of qubits: 30 
Profits: [671, 638, 335, 945, 353, 74, 598, 609, 541, 161, 235, 184, 742, 232, 67, 392, 927, 513, 827, 153] 
Weights: [624, 974, 214, 953, 103, 710, 520, 505, 856, 758, 185, 336, 320, 51, 931, 715, 196, 272, 790, 573] 
Capacity: 1003 
Capacity ratio [capacity/sum(weights)]: 0.1 
Maximum value for profits & weights: 1000.0 
------------------------------------------------------------
Number of qubits: 30 
Profits: [641, 882, 56, 160, 59, 874, 227, 195, 177, 397, 207, 174, 280, 621, 545, 200, 867, 75, 43, 54] 
Weights: [504, 716, 129, 552, 320, 780, 474, 184, 426, 467, 446, 261, 123, 602, 430, 641, 248, 808, 414, 637] 
Capacity: 853 
Capacity ratio [capacity/sum(weights)]: 0.1 
Maximum value for profits & weights: 1000.0 
------------------------------------------------------------
Number of qubits: 30 
Profits: [310, 679, 217, 29, 238, 677, 670, 596, 243, 775, 204, 883, 384, 443, 988, 928, 864, 373, 207, 333] 
Weights: [167, 915, 700, 279, 743, 570, 826, 308, 311, 108, 704, 310, 326, 919, 178, 828, 196, 580, 701, 754] 
Capacity: 968 
Capacity ratio [capacity/sum(weights)]: 0.1 
Maximum value for profits & weights: 1000.0 
------------------------------------------------------------
Number of qubits: 30 
Profits: [893, 55, 230, 205, 926, 239, 345, 47, 681, 981, 874, 688, 103, 61, 461, 477, 916, 249, 362, 345] 
Weights: [340, 377, 152, 711, 403, 404, 931, 907, 726, 530, 813, 360, 391, 335, 454, 173, 698, 259, 518, 628] 
Capacity: 952 
Capacity ratio [capacity/sum(weights)]: 0.1 
Maximum value for profits & weights: 1000.0 
------------------------------------------------------------
Number of qubits: 30 
Profits: [48, 202, 783, 182, 494, 352, 63, 114, 59, 537, 294, 654, 430, 83, 440, 681, 227, 138, 624, 570] 
Weights: [500, 841, 534, 402, 472, 283, 44, 619, 308, 384, 512, 712, 925, 952, 637, 289, 524, 153, 490, 195] 
Capacity: 958 
Capacity ratio [capacity/sum(weights)]: 0.1 
Maximum value for profits & weights: 1000.0 
------------------------------------------------------------
Number of qubits: 30 
Profits: [884, 473, 443, 443, 539, 359, 82, 927, 451, 898, 278, 72, 352, 370, 817, 41, 668, 494, 375, 941] 
Weights: [598, 86, 882, 196, 566, 264, 265, 739, 642, 402, 581, 910, 585, 55, 765, 136, 492, 207, 849, 94] 
Capacity: 922 
Capacity ratio [capacity/sum(weights)]: 0.1 
Maximum value for profits & weights: 1000.0 
--------------------------------------------------------------------------------
--------------------------------------------------------------------------------
Number of qubits: 50 
Profits: [537225440, 318605248, 729139764, 706799120, 601357810, 653932761, 151860063, 167211077, 878252123, 77609638, 395364472, 802801512, 493455852, 22538174, 649044607, 56822958, 127344641, 19086406, 582160691, 458126833] 
Weights: [243020447, 174272494, 1035365619, 777460710, 165470098, 124245192, 902651028, 646739691, 527101845, 438350827, 931345290, 126973175, 111612962, 950067683, 369321937, 949830383, 960099209, 371569541, 878281929, 920157765] 
Capacity: 1072759709 
Capacity ratio [capacity/sum(weights)]: 0.1 
Maximum value for profits & weights: 1000000000.0 
------------------------------------------------------------
Number of qubits: 50 
Profits: [809273109, 386705970, 353350628, 151619072, 703343150, 209919261, 311401926, 858609647, 296612525, 59887774, 870547143, 310026435, 671639011, 573353341, 764240555, 467956486, 532010185, 738849962, 163813890, 76751796] 
Weights: [297422424, 345998751, 831186049, 613973923, 692556169, 334765950, 80831676, 73892533, 897935874, 262240766, 705202391, 557965955, 88454427, 592832010, 801798070, 971287757, 782040818, 282755975, 988079892, 723839477] 
Capacity: 1021312853 
Capacity ratio [capacity/sum(weights)]: 0.1 
Maximum value for profits & weights: 1000000000.0 
------------------------------------------------------------
Number of qubits: 50 
Profits: [663302703, 914482270, 866646680, 807977640, 415451041, 709805333, 504779280, 556953238, 920399093, 23925356, 903622130, 232596478, 31010711, 910485697, 562432980, 348335829, 853214122, 987956663, 185876068, 710074076] 
Weights: [342489248, 225983702, 480336719, 245379897, 201907867, 275293081, 173981317, 252862017, 207618586, 672898503, 594817764, 437590965, 334469824, 486157312, 683614056, 111985219, 226020281, 653268386, 512534284, 210901080] 
Capacity: 721715612 
Capacity ratio [capacity/sum(weights)]: 0.1 
Maximum value for profits & weights: 1000000000.0 
------------------------------------------------------------
Number of qubits: 50 
Profits: [4927866, 921816080, 367549517, 644039246, 795745026, 534719743, 362271931, 182822735, 840846530, 533911813, 545206407, 255357116, 399502709, 769082243, 603753826, 108297537, 670521702, 703511303, 925314040, 966569862] 
Weights: [392275055, 436717112, 366431349, 914872872, 389232355, 804647745, 297238287, 330970859, 379875116, 430377542, 907783946, 752305382, 522022400, 698937727, 366968072, 109225636, 671425012, 219839349, 292926536, 827465953] 
Capacity: 929056682 
Capacity ratio [capacity/sum(weights)]: 0.1 
Maximum value for profits & weights: 1000000000.0 
------------------------------------------------------------
Number of qubits: 50 
Profits: [472280186, 802929767, 84341632, 341535165, 968917641, 655311629, 858181641, 110886429, 677596542, 497440697, 908252312, 38781769, 665388681, 60434127, 486386463, 526060165, 120704539, 949470335, 931272393, 640008616] 
Weights: [600685015, 300313734, 777284221, 490563303, 253756830, 274164464, 306097272, 413764453, 353915670, 773928528, 838680219, 645713354, 214152124, 533637841, 903261856, 865046982, 342488680, 521534610, 236115288, 572806157] 
Capacity: 974482308 
Capacity ratio [capacity/sum(weights)]: 0.1 
Maximum value for profits & weights: 1000000000.0 
------------------------------------------------------------
Number of qubits: 50 
Profits: [434949105, 459710334, 306171218, 273138243, 230202439, 371965657, 824171726, 714174448, 620515372, 250034468, 362326597, 732531444, 181342402, 545686068, 42429727, 123389717, 652701071, 761014733, 638642525, 459942531] 
Weights: [537246977, 841446348, 366061229, 679221692, 863413674, 201744889, 318722000, 860280082, 787244525, 778652424, 231347377, 332978115, 214311698, 754066174, 301278209, 126708483, 355702789, 140854049, 440835450, 259826030] 
Capacity: 915330801 
Capacity ratio [capacity/sum(weights)]: 0.1 
Maximum value for profits & weights: 1000000000.0 
------------------------------------------------------------
Number of qubits: 50 
Profits: [568886024, 219906366, 776864611, 714704, 586333880, 513438346, 218355704, 893781905, 909081142, 629363841, 320104228, 130415457, 323705163, 252765850, 636788181, 836745191, 294257176, 730274384, 254441747, 963733215] 
Weights: [612204596, 681042277, 329806047, 999368448, 483860003, 242624172, 1002719941, 716986370, 328139398, 533553050, 283873899, 856368631, 317323479, 414637686, 696503901, 68833496, 978028542, 314497592, 333365541, 679445790] 
Capacity: 1022609162 
Capacity ratio [capacity/sum(weights)]: 0.1 
Maximum value for profits & weights: 1000000000.0 
------------------------------------------------------------
Number of qubits: 50 
Profits: [689365948, 322610451, 981715124, 118955590, 69233831, 927278002, 891589844, 883984460, 765045910, 293299016, 70273896, 754857090, 724167622, 619977779, 418475055, 28931746, 630119843, 400489446, 988709863, 881684154] 
Weights: [940583717, 556949044, 115246281, 658586631, 746867763, 356843301, 760148520, 126197147, 841079227, 809300415, 15029262, 782705630, 775192131, 364203585, 70691861, 636692791, 540614887, 986917453, 644219317, 52762080] 
Capacity: 1073058143 
Capacity ratio [capacity/sum(weights)]: 0.1 
Maximum value for profits & weights: 1000000000.0 
------------------------------------------------------------
Number of qubits: 50 
Profits: [751794221, 543821079, 940116607, 393912878, 801683770, 470698840, 882031106, 741773877, 464532681, 901533132, 367529599, 164339149, 569766727, 873488421, 882353809, 783740453, 553488434, 417893311, 577781486, 47659210] 
Weights: [601854020, 298314434, 831236902, 549513009, 150073120, 393416868, 530655241, 827741981, 540700627, 795898265, 123150761, 127552340, 245394648, 174652208, 234239985, 755604220, 469550722, 338083786, 415047023, 746402713] 
Capacity: 843510968 
Capacity ratio [capacity/sum(weights)]: 0.1 
Maximum value for profits & weights: 1000000000.0 
------------------------------------------------------------
Number of qubits: 50 
Profits: [967109428, 11966742, 877435406, 163477229, 101430348, 884986002, 470199394, 285383979, 314667828, 269318804, 332015825, 238163534, 713988985, 68630134, 537147051, 338243637, 918815275, 195481864, 274375913, 605719035] 
Weights: [855326776, 515684772, 528050788, 774659347, 658248880, 170665554, 370308647, 692982674, 870125113, 864486430, 680705762, 232087296, 380552230, 226603123, 191954217, 130837749, 700679538, 369031559, 458901522, 546861049] 
Capacity: 971051713 
Capacity ratio [capacity/sum(weights)]: 0.1 
Maximum value for profits & weights: 1000000000.0 
