Number of qubits: 70 
Profits: [410946249, 413659930, 672652057, 226734179, 388950715, 542158290, 314975377, 985826392, 620297068, 200393907, 242367901, 940945677, 923902893, 90264362, 246827425, 524834805, 632550301, 610969220, 329669553, 514855538, 720120634, 855158415, 133033215, 97675820, 6365771, 175397543, 517101519, 152320861, 980180354, 735265281, 171001060, 710362794, 621619221, 336639038, 991795555, 519676799, 586327037, 75632054, 333626608, 395479735] 
Weights: [847834793, 671478213, 724048344, 508002180, 513775544, 585870535, 339823102, 859258726, 844542289, 801112015, 929002622, 574112708, 362826260, 531864529, 458632857, 527224480, 456892479, 961160267, 851812342, 688751550, 748110291, 334667771, 421220382, 478975680, 737326224, 583399241, 871983111, 649549989, 509490367, 273828241, 520702157, 756252470, 690368139, 820823422, 652409572, 305693603, 693578005, 879910468, 334483769, 872372591] 
Capacity: 972225964 
Capacity ratio [capacity/sum(weights)]: 0.04 
Maximum value for profits & weights: 1000000000.0 
----------------------------------------------------------------------------------------------------
Number of qubits: 70 
Profits: [720195507, 737893761, 295952153, 837692327, 930666389, 727217406, 7115080, 281875162, 367397534, 52845417, 828347905, 88158963, 468395388, 98091423, 126814650, 967216761, 75608420, 450606772, 853771534, 572465540, 202643257, 475484867, 143030199, 977725838, 266158826, 516250807, 124484331, 520735792, 397316119, 350908573, 190842406, 157492130, 449083398, 200829176, 138616698, 723607457, 908662277, 100975095, 194930343, 486185438] 
Weights: [700222801, 746364307, 592632456, 626077683, 412454787, 581396266, 789026031, 336529413, 756754134, 695236223, 251425746, 589863873, 680610460, 562691545, 682658641, 437535588, 256204695, 624334531, 815029191, 221528213, 502807650, 398307272, 142362388, 665452996, 208055526, 663526403, 158585662, 191379482, 695726498, 460981116, 709784189, 687975834, 756305455, 705210469, 178549029, 691347387, 397676241, 385864065, 689968085, 486025179] 
Capacity: 826096371 
Capacity ratio [capacity/sum(weights)]: 0.04 
Maximum value for profits & weights: 1000000000.0 
----------------------------------------------------------------------------------------------------
Number of qubits: 70 
Profits: [87559105, 185673652, 894416543, 817115734, 240244869, 980439726, 545061852, 327231772, 549076084, 82773846, 445836694, 41971396, 236897013, 590330754, 974920005, 231022301, 976010373, 416652208, 7050899, 458203495, 634922198, 169002453, 425634680, 206252279, 265149001, 1926910, 313562029, 442946724, 593751541, 743498900, 361419018, 970810451, 224708049, 641605817, 582836033, 392997642, 869332289, 852131856, 572133450, 718885192] 
Weights: [355394070, 623662216, 485102927, 417977602, 324354985, 467056411, 502822264, 444935428, 694647918, 588785125, 677071642, 323485791, 436304127, 471616013, 427054875, 96733579, 331637822, 405076868, 312400922, 534386043, 437308060, 720110775, 679222546, 336591834, 675588868, 594229219, 707663271, 732592998, 375213732, 421212606, 478430872, 176321426, 407490942, 714535922, 652067473, 99310165, 297848712, 296937545, 652704141, 625491299] 
Capacity: 735792409 
Capacity ratio [capacity/sum(weights)]: 0.04 
Maximum value for profits & weights: 1000000000.0 
----------------------------------------------------------------------------------------------------
Number of qubits: 70 
Profits: [205448553, 183510799, 253979449, 339893973, 167936992, 766945601, 101781440, 652259053, 903606052, 767174198, 486343872, 527842126, 426696104, 893398451, 349761026, 681566068, 179649308, 696563956, 408524725, 381068285, 523920727, 916514174, 308229627, 817165037, 296723403, 554171600, 978337941, 239090644, 918530771, 209970418, 710594913, 678276711, 157991929, 475154889, 364913784, 204941993, 269897507, 48863763, 39245522, 192988995] 
Weights: [803970449, 840073646, 348271517, 654519358, 740874040, 803616397, 163641198, 637373985, 857575442, 439879276, 677846959, 538985413, 330378312, 715170465, 155217410, 852430229, 366240693, 211997430, 715162810, 743080847, 457203305, 203601634, 656464849, 797576272, 384050631, 470666833, 294346397, 799144781, 712529529, 266847225, 605140379, 701942838, 411405273, 810011633, 534363241, 457201994, 739472070, 273066161, 500997378, 437420013] 
Capacity: 867099220 
Capacity ratio [capacity/sum(weights)]: 0.04 
Maximum value for profits & weights: 1000000000.0 
----------------------------------------------------------------------------------------------------
Number of qubits: 70 
Profits: [129912011, 777410709, 296435746, 746801731, 706111771, 697160767, 932985810, 558179317, 530818029, 796678054, 320636866, 641419283, 908503572, 874225126, 834160504, 283713854, 469472025, 363856090, 222251510, 579783914, 263332553, 733333395, 372518309, 150279708, 376769659, 340370661, 530141283, 12794568, 779691145, 730573684, 211564429, 329062785, 159568544, 818600036, 228003653, 848841012, 325218280, 778458909, 840860754, 658875027] 
Weights: [366784721, 268865676, 501787959, 279955189, 396030257, 763941201, 716455335, 722597964, 663563677, 427907213, 376011084, 300332576, 758671905, 541798917, 632865063, 135083227, 676735729, 329245631, 750786410, 753879979, 654742787, 586578857, 724341474, 571690022, 392671301, 639116167, 464598468, 317756607, 253491954, 320691473, 459898942, 267403032, 777747862, 704450901, 597409056, 565292033, 451430467, 737169406, 303771467, 96814629] 
Capacity: 806712367 
Capacity ratio [capacity/sum(weights)]: 0.04 
Maximum value for profits & weights: 1000000000.0 
----------------------------------------------------------------------------------------------------
Number of qubits: 70 
Profits: [567930227, 17337179, 739260280, 70182260, 16209623, 564880125, 924759486, 996633875, 251489946, 753030054, 741216068, 581647353, 858297246, 903128377, 518439158, 469053503, 895633822, 582796119, 648691605, 193357159, 551158844, 220169182, 155646272, 278280926, 672133853, 308552538, 844375484, 991299118, 423795665, 570698513, 783962701, 952976739, 596234095, 770765164, 988885530, 554099637, 879783979, 516327828, 532874735, 349077804] 
Weights: [433751205, 730113819, 521860244, 613070944, 611728843, 396636299, 464252031, 737246630, 380880239, 187083343, 281658904, 530796938, 235854750, 552767351, 562887298, 196472890, 533807834, 627834188, 302660007, 165898371, 691792810, 443586683, 523248805, 585968928, 652153438, 790429837, 733990533, 713987353, 699113336, 621813590, 413578307, 421061225, 720376406, 476837696, 502079503, 225370080, 707627391, 412526695, 369257380, 173976091] 
Capacity: 791629067 
Capacity ratio [capacity/sum(weights)]: 0.04 
Maximum value for profits & weights: 1000000000.0 
----------------------------------------------------------------------------------------------------
Number of qubits: 70 
Profits: [983991216, 455475826, 549884237, 518067973, 296130542, 935427508, 539828015, 379146071, 10464014, 241234097, 39790805, 371572050, 350599843, 952327215, 983785108, 204839462, 718942750, 539125483, 289532879, 865002511, 948253691, 14709063, 503142113, 642951047, 60089076, 360749779, 247489086, 6959610, 929242761, 213128470, 669391278, 259108333, 892819375, 302487010, 64109634, 3147941, 217082951, 557378463, 890246104, 911602471] 
Weights: [749928135, 458665639, 568470800, 423795120, 352754845, 461462796, 261592531, 729374086, 226609693, 618790748, 491890238, 675752815, 562056101, 576411812, 842076728, 333697485, 284625801, 571631391, 263148466, 660918226, 605669833, 594992340, 543439840, 869782280, 218157009, 523903664, 110587605, 880005617, 789399682, 710751752, 812655499, 670455192, 808175678, 720485983, 359690234, 819977123, 566735968, 501317048, 831072135, 559313564] 
Capacity: 882646843 
Capacity ratio [capacity/sum(weights)]: 0.04 
Maximum value for profits & weights: 1000000000.0 
----------------------------------------------------------------------------------------------------
Number of qubits: 70 
Profits: [538933243, 996131705, 79176409, 914081923, 18358562, 832332437, 321656930, 186710, 893178840, 933310873, 435252283, 927082339, 284229860, 617026645, 264594187, 738790172, 311259383, 125455353, 89543961, 314196569, 10256760, 973242319, 432350071, 142728847, 799279558, 649167649, 327477779, 330092, 334333142, 899030714, 382491996, 799485849, 838702028, 603102748, 120340094, 972854288, 803678046, 337432023, 950121657, 813579877] 
Weights: [490909004, 700038085, 714889454, 463521738, 505434795, 496764364, 459992611, 668863876, 600464099, 81282764, 499556664, 521975971, 601989582, 451646555, 361783656, 540598212, 554195711, 219055005, 167019414, 642277598, 249939967, 423113186, 618007560, 528831048, 274043486, 354880252, 525469374, 229244739, 691254452, 489730003, 383892259, 646024007, 369027230, 485173752, 650883985, 727975527, 436853130, 296238062, 549850433, 315640137] 
Capacity: 747610216 
Capacity ratio [capacity/sum(weights)]: 0.04 
Maximum value for profits & weights: 1000000000.0 
----------------------------------------------------------------------------------------------------
Number of qubits: 70 
Profits: [944872661, 549977866, 980964969, 494623280, 476699587, 798351360, 717916660, 570599192, 893222122, 300216643, 141785400, 400514753, 37375876, 845356122, 50934976, 11097596, 579657348, 289560354, 928771889, 254754405, 890376844, 505569766, 853626820, 522620911, 780548434, 83605761, 82171018, 331708260, 412717362, 726519551, 426052500, 862024107, 536449730, 240194212, 394617243, 198407238, 919036053, 132362954, 111251098, 749489122] 
Weights: [532496745, 758316532, 561362766, 210207910, 666647259, 739107004, 323584294, 532237414, 270100093, 411182339, 413298717, 408517726, 644281608, 477926640, 523341055, 753551453, 752606546, 530770910, 295009041, 654614133, 238480871, 367000760, 652873566, 579688765, 135248705, 485664194, 523661157, 401247868, 286279811, 683959556, 676619255, 470081420, 584693618, 389680411, 637673629, 585873082, 519611832, 521295507, 312016867, 733817404] 
Capacity: 782711370 
Capacity ratio [capacity/sum(weights)]: 0.04 
Maximum value for profits & weights: 1000000000.0 
----------------------------------------------------------------------------------------------------
Number of qubits: 70 
Profits: [105579063, 953831405, 943343750, 828073570, 47356148, 212991610, 261667473, 834959398, 776375734, 259119328, 255243109, 571014480, 652670051, 37637132, 775684785, 772945159, 764474125, 408729384, 45996094, 926213653, 193316466, 427794779, 25011590, 351017735, 661622522, 600692633, 647935627, 847657396, 303392207, 181331273, 541079692, 674636627, 992079461, 248752831, 133392255, 238020689, 610854405, 48338970, 9838300, 439072497] 
Weights: [738444598, 419820107, 476958311, 723651094, 469421739, 549728716, 619998500, 751838685, 624871325, 441844909, 556109200, 416289380, 591876693, 529176205, 553403187, 530610377, 195701932, 565855598, 524132421, 496642975, 294409417, 645412576, 401756950, 399226471, 545922273, 256929762, 151504659, 430036659, 307643365, 645687053, 521087250, 655785884, 388769356, 536735239, 64432450, 708264257, 508612182, 562810416, 301869022, 700653546] 
Capacity: 764147869 
Capacity ratio [capacity/sum(weights)]: 0.04 
Maximum value for profits & weights: 1000000000.0 
------------------------------------------------------------------------------------------------------------------------
------------------------------------------------------------------------------------------------------------------------
Number of qubits: 86 
Profits: [13347664398110, 93706953000453, 83925672834303, 63525462564353, 47454050743955, 15197756942908, 72443371260753, 90285680300804, 44337657523515, 15461209968518, 65266521558663, 18477476076415, 71200584651689, 9364478430741, 55656230027102, 68989447749147, 43872756287528, 70146887916979, 21050667671311, 60395564240784, 97387738035093, 29875186848420, 36179736592717, 85456551993797, 19436122314421, 49200476820770, 1940150384734, 47855472925809, 37930302672652, 33175179218145, 42130177357615, 75841432415924, 77119057185246, 1804272888960, 66255438022459, 78813551850150, 10853759544074, 25500496765330, 8509154929811, 42932746164816] 
Weights: [38652476496763, 34784257867491, 16619102451161, 50603249253832, 23871192359161, 43341883473695, 35988695438849, 62219128231092, 44732610984354, 38035026974086, 50284793102082, 31446923365213, 35426074448573, 30977892763233, 45767048617439, 44741921140925, 55183308057274, 56956307665637, 8863433569941, 54365920949982, 40517573220095, 58005242922011, 51176481161097, 40939854853209, 27481047444873, 61696868272228, 46939666924521, 51435741341741, 29508823886931, 40638078128958, 64064773110761, 35921435318446, 52389416892893, 54900815353667, 56699191587583, 67615561047562, 49830663883087, 30763365173274, 37891835991352, 54987574171778] 
Capacity: 68112791993401 
Capacity ratio [capacity/sum(weights)]: 0.04 
Maximum value for profits & weights: 100000000000000.0 
----------------------------------------------------------------------------------------------------
Number of qubits: 86 
Profits: [55891209384227, 88556675767270, 37106032108916, 35034987946970, 71026665440955, 7854339369868, 44904817565757, 37499460718640, 85784016546156, 42461523129342, 89216167952659, 19195226765942, 70013295994674, 27483240051400, 31654850214441, 61585818986254, 3126768711546, 85805803832348, 62043134642639, 52535206828473, 12830813131926, 67914925557919, 80963524585860, 22496753435270, 62821656624206, 82679529239446, 34478162674091, 90506185630952, 559983627525, 20243248539436, 63530564945811, 72577940312040, 49159608409770, 62820645618302, 98983535657189, 88422752876123, 10949599381511, 36992087951837, 32892951657833, 27331285462434] 
Weights: [33316828637601, 51945920198663, 27801462038931, 60096939492244, 60284650087682, 60221546347079, 39298691263216, 20165856229940, 13655843488922, 38664505607961, 6412259817288, 58910890431698, 23758782198513, 27359453202639, 54667632388317, 13126172179880, 48911200330628, 52894994108448, 57151443238450, 17489211913922, 55610879174950, 21268700006764, 36858706726274, 45317183576087, 40040035358507, 55678846557418, 24860486854864, 43029811426527, 52226743365511, 53023950358468, 46938119607251, 33657548424992, 44094611400829, 38927883561268, 52406433004659, 17337169158384, 17764974515676, 14759567636799, 51095665895385, 28530827380959] 
Capacity: 60452923165900 
Capacity ratio [capacity/sum(weights)]: 0.04 
Maximum value for profits & weights: 100000000000000.0 
----------------------------------------------------------------------------------------------------
Number of qubits: 86 
Profits: [34505299729732, 68546078071634, 63321237979946, 56125011961856, 25679420501178, 12914462251896, 90712262138271, 50983411879509, 51712888182815, 11088589955704, 27074632586655, 9757719563213, 862211080310, 24503306071513, 37719007631041, 45217848323410, 27862470894250, 54245274814967, 54477416329268, 79720854053229, 29758848645626, 7958628982288, 61377469570403, 69233149600448, 44381194367539, 23215399408542, 51880813925880, 54214869429575, 84595214958802, 21951201253532, 80149897382617, 27178190017784, 19175934028559, 95512761997626, 40191248670402, 69339344925271, 12575226805156, 172516083388, 43225571250545, 9701331192295] 
Weights: [46880540496123, 26158350919764, 20645414530267, 53381717399542, 28526582707394, 26100278621459, 33060937321844, 32437199076297, 36045314401650, 63157365398330, 31936500483067, 18256468354476, 66814398774417, 56270702884584, 30899182398772, 56199716169760, 27844622066587, 63399051994636, 50457034144885, 56345590573674, 50370328837937, 46532029179861, 46740975889574, 28119408296391, 42014108212381, 54895957474413, 45322185919835, 35301261137817, 62339135004559, 49050034271047, 30399302485623, 50962385513558, 51174642817876, 50221485174137, 48508594238087, 48366201675491, 31179404717306, 51798853794832, 52252988730284, 60489446290251] 
Capacity: 68015670206893 
Capacity ratio [capacity/sum(weights)]: 0.04 
Maximum value for profits & weights: 100000000000000.0 
----------------------------------------------------------------------------------------------------
Number of qubits: 86 
Profits: [40716673121357, 55853871414043, 87803830431560, 35561748347558, 10328314711546, 77164123251491, 51215588617983, 13466163761220, 72172017870763, 85812797359322, 76238939089984, 23884866843550, 60685989799170, 76241791140047, 6732961616905, 99710086349788, 17022523891595, 6032754589596, 33267151132711, 17411726599960, 65064005355391, 18084626319743, 3771536791656, 98290732489465, 2766988648923, 61920413900568, 93061095088000, 24625334045272, 94551558725274, 6570833783838, 95551233362457, 58547860458010, 31588131399483, 98784063179149, 83723823101831, 78822295042258, 52760557103757, 81454200891549, 23021402547328, 7911746092094] 
Weights: [40332177333196, 62221365472607, 66980611257007, 61651807936557, 51928873489882, 33600940410624, 36768838210050, 50965257178639, 35941101212672, 32680424814513, 65556590052518, 44712683730470, 13296414413452, 54618788790996, 57278954409163, 30704832179179, 51686269919112, 34294015399187, 54505325106327, 34500904345040, 39573576739988, 55792781586653, 61905762383040, 36598903039543, 47253667204206, 37123263682580, 20074902600372, 35143489518457, 43623397326947, 53387413464140, 56758166925298, 54328246542787, 17500734115249, 17953311387471, 47344225940346, 38577537412972, 55097203919351, 24255352929041, 63075925121193, 65232475950517] 
Capacity: 68886466800182 
Capacity ratio [capacity/sum(weights)]: 0.04 
Maximum value for profits & weights: 100000000000000.0 
----------------------------------------------------------------------------------------------------
Number of qubits: 86 
Profits: [94241705799619, 81184653383635, 22701010252895, 84840317715941, 79966398384806, 38492747836988, 12945878074048, 43140663563733, 80750378400970, 3635703495605, 41828662922159, 21909855344841, 86094955834807, 11341902175074, 81116410229245, 11323401362856, 10288033313777, 44276618025320, 58687745973389, 54307202048770, 30377159686753, 38428190125780, 16324717197267, 53594399506224, 38172341840387, 28745606051118, 83056781973635, 176184793159, 76128230298969, 16849238214355, 47566061545919, 19269637445526, 92634530216873, 93367829132398, 79904574078249, 4926307167628, 58417341834304, 93480553429051, 97666459077470, 21606422470964] 
Weights: [54999791569161, 49635509987189, 55577464495783, 25397412259879, 48544304748013, 30865478165539, 32439792731832, 37502050251498, 37696840657086, 56438136739470, 43939357085176, 40794077987230, 33120928448284, 37386708932513, 54332595688696, 54094442741472, 9260510505369, 37681799283156, 48476507225298, 12008814877894, 45684038805192, 39511764732852, 24040010418307, 41797708264861, 20756622803620, 50898674947020, 55952554973426, 47137627000792, 37366613046245, 32630619903567, 37129001401249, 47548571296502, 42478596873028, 36494884491879, 51242772571170, 45326495271201, 19092834146995, 15887110111044, 13529332247774, 55421411067855] 
Capacity: 60239304753980 
Capacity ratio [capacity/sum(weights)]: 0.04 
Maximum value for profits & weights: 100000000000000.0 
----------------------------------------------------------------------------------------------------
Number of qubits: 86 
Profits: [41764947341386, 42523796362389, 50161241355270, 99414255324464, 21813596363367, 75961346835214, 12557781420453, 61075790667880, 2363328253960, 18918646998845, 45548790471404, 6984106880235, 77440346856200, 24004355588328, 61671675860735, 93347383809536, 39083349643581, 35522283861829, 34730257769344, 71860129694580, 25096966640964, 63678945639339, 41288395526987, 73892647241286, 12676846431896, 96486281204959, 20326575673312, 38440689836192, 84684159135521, 39246167132751, 826924412102, 5633005597326, 1869486485875, 44522344260281, 59901938510135, 54596776681365, 46485015789622, 30107478091933, 32261828287366, 79168938696711] 
Weights: [47518573767881, 32325890378067, 24625000895708, 25842991450322, 12806545061286, 48940263348519, 64603079092161, 58669742083188, 25247297392491, 34525582681217, 66950164463669, 61561526720296, 55343867931258, 61947534631121, 60221045934477, 19477445173867, 44778663237530, 63543115317126, 48058794305994, 37068357364948, 48522963437662, 64644369225121, 34087709198317, 41128930471659, 14052944801152, 53507615839956, 48188285627164, 35417315920220, 60967247694546, 31540948692585, 54679851670337, 47471381960459, 40878860877642, 54861437652046, 43548774023218, 15393018143609, 44151147960941, 52715590892951, 67330739483724, 28239279977026] 
Capacity: 69971204936959 
Capacity ratio [capacity/sum(weights)]: 0.04 
Maximum value for profits & weights: 100000000000000.0 
----------------------------------------------------------------------------------------------------
Number of qubits: 86 
Profits: [25696552277660, 70185612993546, 47610400760822, 63679301536191, 80893740306678, 52152064388862, 75384202225397, 82558745128143, 52441651409672, 40805903054625, 82459310105300, 20281899733609, 83629145293376, 81445354527063, 51972939013980, 27264564830313, 56265550675451, 29507690439877, 98072317387092, 52326545725079, 38813169923757, 38104841690775, 78393550418589, 91666450515491, 27713209474084, 23994484820132, 95392105883177, 32748357886107, 85826361722626, 58291633069193, 19579988327997, 13613315368313, 41060819735741, 21611193057565, 68809483398055, 43180145499420, 32722422621782, 54976798920483, 11494706367685, 81608065848888] 
Weights: [56254816457273, 56330900240066, 46546909487852, 54149224469782, 47172216240740, 20831896663505, 49352830109401, 29952259550339, 30185898097057, 37834104368371, 27995869430481, 42864009899659, 25407383967093, 32855305165281, 39198758759222, 57453407632474, 31703569534732, 44795362287797, 53975228957312, 59225781687301, 54743097533219, 39328399398321, 36516521569270, 30324815259242, 39141866027821, 33485877234739, 32721649302549, 32472402398086, 37516088946776, 19821324724371, 39033542135371, 36176793571070, 41008622520826, 56993775260523, 58439855073024, 46683051729296, 43326883016141, 53396080437547, 38829161548108, 46174810040140] 
Capacity: 64659768621153 
Capacity ratio [capacity/sum(weights)]: 0.04 
Maximum value for profits & weights: 100000000000000.0 
----------------------------------------------------------------------------------------------------
Number of qubits: 86 
Profits: [29531895265250, 47431226572277, 3682640937439, 82533389675092, 12800912756670, 30521100520639, 67517484985967, 60117105985687, 871238319537, 88480596354027, 35812324470726, 91942756135676, 13726874455590, 28613943677243, 3940825191054, 68080566482773, 10979131996680, 9526359126704, 57143756210030, 78745730447870, 845392428197, 74050640044944, 1528821106433, 85579421130518, 20927160624652, 66582427427902, 61315621549338, 53670380015814, 32046678149178, 8169772914617, 4399444463194, 9805610298267, 68067236287281, 57914154566745, 9164377017530, 96570271852141, 85207434467401, 71560549841574, 4311834292906, 2118696428966] 
Weights: [48586071149381, 42794301679087, 48861377907601, 47658201819409, 41366500571717, 42020754856884, 54811231898335, 49590176341931, 52599694066783, 52015594038490, 52369568189378, 12978841475886, 53952008041395, 20977631262857, 62452829755150, 67610708625950, 9723295052532, 36309720402487, 64561739455439, 41485162622660, 46110530339141, 43704600020041, 14986298003515, 50282505344607, 36450091466624, 62004232135123, 19665785626091, 57136847597293, 38981562025509, 24648130153519, 45691624766790, 19654109482247, 67623530065217, 65182812360634, 57337031100872, 53972563917854, 52066722442479, 29124516291349, 41236106860947, 42633313681106] 
Capacity: 69207160313257 
Capacity ratio [capacity/sum(weights)]: 0.04 
Maximum value for profits & weights: 100000000000000.0 
----------------------------------------------------------------------------------------------------
Number of qubits: 86 
Profits: [48223890937808, 11946802488775, 10559744688649, 4958294903985, 85023740316139, 70674911314820, 69099434268652, 17222028846319, 43480498701384, 8841414662594, 66801895074406, 18419462382972, 84799943919698, 45931743438877, 93500785070715, 6453322390716, 51074157368794, 57958303916438, 21147374792491, 30475812350812, 3305753298368, 3785636109043, 59624158863630, 66800556199898, 69115197146752, 57938345078727, 89116546837184, 42729555595813, 17005690324379, 27478992863901, 86095068254829, 89634964468474, 92771539087176, 81041053329072, 80681478949457, 89643151956522, 5299168375245, 22708279817324, 4100413028593, 93119413081128] 
Weights: [39687023229510, 35780354751354, 51269763810907, 23773599409016, 53993631632858, 67417475350794, 50710259682100, 63234429036922, 63269379373218, 37102222333471, 54799968795760, 68327183750956, 49399884520274, 31351897877841, 55449110690727, 26729541291506, 29764117583708, 30453948208600, 51217045383549, 49352766071076, 28248585295174, 53520023111357, 50582892408623, 63743067832083, 63438339367139, 48458283752992, 7254170322842, 53361872878856, 27502138551913, 32764685688519, 26114938345881, 38296916489719, 49363313788200, 21998569103722, 34513282189907, 44283410854895, 41710286548547, 36974790411848, 58315467670905, 30331040925820] 
Capacity: 68771028222127 
Capacity ratio [capacity/sum(weights)]: 0.04 
Maximum value for profits & weights: 100000000000000.0 
----------------------------------------------------------------------------------------------------
Number of qubits: 86 
Profits: [63315850051024, 32145339948817, 99608420416299, 36083698978117, 21601788772002, 61186815303934, 35864354851361, 25703018945815, 34483863290880, 86979581007328, 37502985365771, 34532020919061, 28715449232738, 77766945342218, 76967500003585, 18492909770806, 60665169532058, 68848686988518, 52505820624279, 81791212228418, 68508807849388, 5066012671593, 32773718618780, 60772192510790, 89927773448239, 13098633554877, 60562204904136, 64504902558263, 36129212516295, 65430673781714, 54144083963900, 91884872548842, 98653380099500, 87267479250331, 32225926660503, 54117099144323, 31824024297057, 14565136572684, 63418827763747, 9210604460029] 
Weights: [48715893860520, 31557450441592, 32373699816615, 47113946608810, 61227184735266, 39483414746165, 55188390060603, 28074014859517, 67331431948606, 67764002567271, 39161279094325, 41959172592688, 42336037227146, 36133271883847, 58425521166587, 35438821130600, 27743221641271, 52139303662444, 53086126422937, 64683007690132, 36314937626469, 61861309539182, 46339704653613, 50772973086694, 39170328201528, 32592290657710, 61449736571530, 46618041656309, 39293887390112, 44706430908983, 38216195992569, 37184048917553, 26927911165892, 44360385214470, 62036264113246, 5668231064440, 41135565671176, 68134837648350, 23863044721311, 44685508921728] 
Capacity: 69494093704753 
Capacity ratio [capacity/sum(weights)]: 0.04 
Maximum value for profits & weights: 100000000000000.0 
