Number of qubits: 48 
Profits: [7377186, 153794, 2509548, 8345630, 9302520, 862639, 4530294, 3339008, 4527402, 9279396, 1827620, 5493147, 6625940, 5777963, 8819928, 6281739, 4061376, 4826365, 593800, 4568898, 822562, 80045, 6436124, 2054797, 2827272] 
Weights: [3146147, 4973079, 4469103, 1561956, 3496123, 3998935, 4538164, 5959468, 3348983, 3361053, 2525324, 5709404, 3150842, 4582308, 6189734, 6052629, 7112627, 2134399, 1877628, 5442161, 2206316, 4869279, 7298859, 6373691, 4150948] 
Capacity: 7319491 
Capacity ratio [capacity/sum(weights)]: 0.07 
Maximum value for profits & weights: 10000000.0 
----------------------------------------------------------------------
Number of qubits: 49 
Profits: [5117725, 6869990, 8045049, 388439, 2216899, 4492136, 4089895, 2634023, 8737613, 6559375, 6777797, 9902532, 2383093, 9341468, 6954185, 2751055, 1124112, 1201042, 7909137, 9334515, 1974470, 4475960, 4551674, 6640403, 8775587] 
Weights: [6236974, 8729478, 7512997, 1748133, 8501009, 4356182, 6883651, 8598380, 7015507, 6070182, 8554756, 2999364, 5326404, 7093425, 5546132, 2314613, 959722, 4006185, 4137249, 8014455, 8906879, 3035063, 2391521, 1732653, 7447610] 
Capacity: 9167015 
Capacity ratio [capacity/sum(weights)]: 0.07 
Maximum value for profits & weights: 10000000.0 
----------------------------------------------------------------------
Number of qubits: 49 
Profits: [5918851, 9437359, 8116170, 4348244, 2540843, 3040416, 4038638, 218229, 8712270, 5419559, 1822943, 6105360, 4469646, 6874161, 9008838, 6150264, 2085267, 3008643, 9709115, 8620161, 8535344, 1692967, 8875397, 5683607, 5794502] 
Weights: [1529549, 2296311, 7257740, 7612686, 4356555, 3968935, 4061096, 6625853, 8513450, 1915776, 2989475, 3214660, 2178445, 5708597, 5699784, 7971772, 6944316, 3927589, 6062427, 6697274, 7609182, 5553429, 8638020, 4013493, 1747121] 
Capacity: 8784097 
Capacity ratio [capacity/sum(weights)]: 0.07 
Maximum value for profits & weights: 10000000.0 
----------------------------------------------------------------------
Number of qubits: 49 
Profits: [7240386, 8345289, 7165270, 82825, 4760363, 6434130, 2671547, 5973389, 5122176, 9896754, 338969, 2417828, 5096256, 2197051, 1177618, 8857904, 9202075, 5214074, 404254, 7862129, 8854877, 5271877, 561875, 2483613, 2644024] 
Weights: [8051410, 1855994, 6336958, 7736306, 4705337, 5827881, 5407394, 8589973, 3525881, 2291168, 6315406, 7672698, 8544954, 2259050, 2877504, 3216638, 2435050, 7254654, 7514428, 7067348, 1465941, 8751727, 8714378, 9288171, 2694649] 
Capacity: 9654460 
Capacity ratio [capacity/sum(weights)]: 0.07 
Maximum value for profits & weights: 10000000.0 
----------------------------------------------------------------------
Number of qubits: 48 
Profits: [8945086, 731246, 1016052, 266101, 2189387, 6438330, 3213351, 3507058, 4238707, 3793027, 6560972, 1141144, 3958088, 2197424, 9718699, 4863952, 2882687, 6716496, 9210621, 7169838, 5599269, 8265757, 2157742, 1232683, 8987540] 
Weights: [4755990, 4034236, 4914016, 3198491, 4517192, 3662107, 3906881, 5159919, 1460755, 4442650, 3898715, 2895938, 2473427, 2559317, 6240702, 5365654, 3438876, 6536979, 5642450, 3724846, 4626373, 6811397, 1936680, 3814990, 3352400] 
Capacity: 7003904 
Capacity ratio [capacity/sum(weights)]: 0.07 
Maximum value for profits & weights: 10000000.0 
----------------------------------------------------------------------
Number of qubits: 49 
Profits: [4647704, 5502770, 3802618, 2921456, 9994519, 4500531, 8891929, 9618769, 5777752, 5104311, 5706230, 741836, 6211313, 7209355, 1417864, 6890880, 5542502, 9148196, 5173991, 7377853, 7542758, 2860447, 8043594, 450414, 9255962] 
Weights: [1125152, 7688175, 6173165, 1425296, 9529013, 7011861, 9477705, 4933568, 10011868, 6684792, 1118257, 7793459, 8455113, 1916125, 10017421, 7838891, 6334075, 8474221, 5371714, 4086422, 3775674, 9507116, 9470375, 7454419, 8775214] 
Capacity: 10920796 
Capacity ratio [capacity/sum(weights)]: 0.07 
Maximum value for profits & weights: 10000000.0 
----------------------------------------------------------------------
Number of qubits: 49 
Profits: [5654636, 775145, 6859371, 4202975, 808974, 4433927, 484101, 6572237, 5000782, 3010543, 6337788, 1802032, 6840371, 762882, 7648289, 597813, 8617818, 9394455, 3916010, 8000892, 5054976, 366580, 8507749, 8907572, 1987690] 
Weights: [4157590, 6502472, 7290014, 8413434, 4586189, 1424169, 6140421, 8645487, 4270626, 7750403, 8684167, 1135492, 5326305, 9855091, 3469409, 8509989, 9450721, 7024164, 10152230, 5917405, 3396613, 4740274, 9110371, 3957911, 7635750] 
Capacity: 10514324 
Capacity ratio [capacity/sum(weights)]: 0.07 
Maximum value for profits & weights: 10000000.0 
----------------------------------------------------------------------
Number of qubits: 48 
Profits: [5156950, 8542240, 1109877, 3727490, 6226516, 233659, 4976364, 8873063, 547035, 3740550, 8124866, 4229589, 3848493, 6138858, 8478949, 3711686, 3108698, 3016455, 841272, 8617165, 9094946, 6742476, 8399456, 9668347, 3087404] 
Weights: [3483637, 6845309, 4990036, 4526618, 5913220, 3529535, 4286299, 3841933, 6127143, 4611596, 4718246, 4852605, 4758657, 6461696, 6985813, 1818324, 6327544, 2383987, 2586606, 3257908, 5491842, 5917965, 2037444, 2096576, 3890027] 
Capacity: 7557983 
Capacity ratio [capacity/sum(weights)]: 0.07 
Maximum value for profits & weights: 10000000.0 
----------------------------------------------------------------------
Number of qubits: 49 
Profits: [8017984, 6430569, 8033154, 5859955, 7936706, 9982797, 9618578, 1709624, 8232829, 5344702, 9873412, 176769, 4039519, 1691421, 4139498, 1144264, 6204808, 9190956, 926944, 7283400, 2611308, 5570830, 9399134, 5051827, 1251374] 
Weights: [9133991, 6741666, 4789446, 5872606, 3841543, 3610902, 6974560, 3849836, 4073923, 8309371, 7243788, 6800090, 6983364, 4749496, 2402011, 7929349, 2867680, 3728239, 7323633, 3825010, 8055933, 9115124, 4377371, 3155632, 7715638] 
Capacity: 9520517 
Capacity ratio [capacity/sum(weights)]: 0.07 
Maximum value for profits & weights: 10000000.0 
----------------------------------------------------------------------
Number of qubits: 48 
Profits: [9409515, 221276, 1905849, 8887107, 2933023, 6022529, 2221073, 5192957, 4869282, 7789323, 4621332, 7439857, 2728434, 1017628, 1262945, 9813828, 5882116, 4798632, 6024080, 7413213, 6953791, 3401986, 6167880, 5610614, 3764861] 
Weights: [6988107, 3532994, 3652512, 4086275, 7632928, 3682805, 6711518, 3077322, 4596349, 5100382, 7110778, 4923668, 5845744, 6956583, 4784602, 1804008, 4255044, 2769944, 6459489, 7727707, 3354366, 806771, 3553950, 1274536, 4071605] 
Capacity: 7787839 
Capacity ratio [capacity/sum(weights)]: 0.07 
Maximum value for profits & weights: 10000000.0 
