Number of qubits: 100 
Profits: [568692228092, 880571428343, 499729794770, 904137966978, 879769742464, 138892375256, 823452802842, 987809933809, 138001824514, 702222765240, 226970717013, 486509155187, 737156960984, 447539249650, 928912444764, 736625820048, 567603500533, 645918076817, 651675001480, 402504023392, 589135553255, 463404480874, 509905431413, 374007854253, 154317159726, 736690120826, 653502120746, 906733218395, 678823687591, 948683360383, 668692641722, 525024356978, 870670156648, 995283074998, 415573128823, 914255083625, 152907475911, 364741694162, 859928007957, 233031454827, 47424268264, 116522791412, 649083872933, 567787497956, 356449018522, 12643533116, 451361616832, 758318417349, 89116549094, 197001324790, 769761544964, 697381476612, 918177037633, 682147343293, 870710445717, 482534660486, 363752331913, 498603534146, 814186635077, 12708831624] 
Weights: [309435421322, 583615392355, 84898666962, 402326565831, 678102265207, 362044206999, 261154085637, 218728758819, 600041418115, 658978422686, 302686054132, 702225673958, 696125068814, 262086487515, 668718371893, 299046676121, 212660833964, 353742448057, 361657452303, 635627614032, 398072251433, 485124780047, 453910596385, 660820017290, 279911566120, 653868666942, 623982517732, 522239610950, 515926105928, 505922852539, 634924257707, 607337562164, 387541002386, 711762191126, 205979181054, 646902715981, 466924094211, 575329393204, 645765962052, 636456088012, 612356626568, 496719959766, 635426892648, 386711013963, 437041057422, 677479328871, 367125623632, 132646760927, 536226486441, 486539578544, 388077336851, 516594886884, 621868584342, 506647447708, 356471824431, 719856210963, 599284744913, 670740838548, 685906512947, 511731982784] 
Capacity: 727688328120 
Capacity ratio [capacity/sum(weights)]: 0.025 
Maximum value for profits & weights: 1000000000000.0 
--------------------------------------------------------------------------------------------------------------------------------------------
Number of qubits: 100 
Profits: [393986464964, 409035985144, 957230335104, 99338295837, 174576976300, 177020699633, 815587686007, 17612016929, 972313239403, 977801243116, 950317786685, 335425654142, 793904170420, 607558144575, 175528729776, 255216373470, 959032633344, 752334884604, 220699389689, 317997051775, 90211850327, 324195059850, 117975960961, 18124632975, 64531348734, 652513491118, 404894942407, 216678580736, 311156826612, 392550694207, 508464149842, 904377104032, 768739024300, 237290792793, 938164466758, 649546737350, 755423841378, 282314862670, 405328001457, 776032002953, 419309103223, 157341927558, 978524206434, 761984601852, 710152263102, 656969234482, 712094791871, 109626147700, 692362564131, 602897733000, 272001156303, 265904300075, 280651648171, 264124579231, 329483847688, 873357698917, 574588262407, 627456165734, 696261744662, 996120128584] 
Weights: [348919086887, 657445842165, 335948378180, 441364028890, 448394820564, 667427492126, 328536683240, 351177875144, 792158858193, 684521379122, 779900881474, 451974895643, 304245054089, 208412156397, 644185581330, 218677518717, 664654752503, 678677975824, 445435095946, 228654719929, 717087264655, 514652553814, 607721126896, 356701312377, 384970288636, 564075166530, 779625001831, 480777673594, 234822557916, 670996486814, 659222501351, 547065287087, 750442925383, 784657696488, 479088385122, 528070301607, 598011759348, 570859593011, 477062393657, 329707081682, 521228601187, 566132997145, 706352273256, 772800489253, 545626395881, 573240405993, 780889458443, 346301148786, 616119770623, 637433420897, 700533678592, 627646680307, 659312593355, 526430307820, 434374242220, 797125332534, 738619551484, 660395155122, 768865308677, 336597342274] 
Capacity: 817803919133 
Capacity ratio [capacity/sum(weights)]: 0.025 
Maximum value for profits & weights: 1000000000000.0 
--------------------------------------------------------------------------------------------------------------------------------------------
Number of qubits: 100 
Profits: [511228083475, 550190658897, 35868201000, 159751623890, 729827172738, 748803068150, 92595565678, 26306913289, 448488246093, 925809608269, 402362933187, 361394139042, 846148104354, 296214132435, 850604110259, 558226625718, 262208840644, 864704547442, 585383514798, 972380222839, 423002220307, 935171655687, 923138095248, 959380898175, 811291800230, 173278792756, 216888224500, 388291259379, 1191207528, 607741191324, 154635054485, 25391640721, 194527433492, 40406449706, 528009672442, 578489517088, 89069130492, 64648197150, 189163997743, 70669295800, 577309347557, 388314913940, 694100175513, 992070093960, 241567834932, 12408797521, 579563647482, 358558336615, 174153123380, 44456728725, 968368429166, 751947594180, 409054234759, 868658428314, 547672088934, 329046314700, 8271904258, 820849266893, 616582302117, 805884385065] 
Weights: [681969074631, 631570428163, 446959173768, 161984330042, 460686434168, 678117885320, 639628769270, 404565931879, 398792993425, 354369848440, 404975265533, 420797633803, 318465154303, 548739653078, 669636670072, 325731987037, 533287089002, 402317426982, 651602204089, 737289806820, 362678105332, 413826968249, 660170909676, 544653383943, 397989693195, 635629350402, 508474007519, 677674099810, 474507192083, 622157811658, 252743617622, 536894394298, 357274781231, 726476796365, 566229336481, 443838151598, 693368156096, 691127274936, 743570777415, 625154477912, 611843699529, 301393263088, 734250929519, 366923182359, 559211173788, 614283995851, 448153010145, 507638817909, 440780231821, 493120035945, 476879241278, 570013571040, 500374657444, 165605254452, 473184365885, 414209066436, 653605795155, 437622067655, 625806899254, 491728975544] 
Capacity: 755205487524 
Capacity ratio [capacity/sum(weights)]: 0.025 
Maximum value for profits & weights: 1000000000000.0 
--------------------------------------------------------------------------------------------------------------------------------------------
Number of qubits: 100 
Profits: [200944532833, 611175618000, 79675893769, 815461493578, 194565684772, 900930264565, 488714226937, 758569890442, 613882188369, 881340563210, 668081677220, 796778215944, 923362806935, 567794177270, 755237687442, 358033342553, 691178394162, 373207570267, 156399568215, 943187801845, 49051693578, 754748019999, 834163754918, 607151260818, 398110090726, 62522920518, 938393653565, 341439821793, 304266933224, 787700076776, 592521758123, 576056805594, 349293726022, 927909981972, 292464481761, 202045945401, 608619202962, 344722492493, 742385998700, 838102953163, 963582342287, 338397688870, 2255613252, 115872075500, 460210191399, 888142681548, 513128230101, 291792846664, 730388444952, 379866925306, 446247781497, 372918146614, 676616365196, 633786243005, 854867841600, 621484636345, 690324998195, 884513203277, 871584496926, 728628129219] 
Weights: [381628592379, 653889811493, 671919820202, 597117926663, 614648467994, 767002359053, 438104448806, 500649385266, 500178720311, 585673509619, 663749543579, 357101299270, 308753716152, 763380727490, 681109672479, 730960310698, 586394607684, 746624827810, 155880230653, 714746582130, 576571827775, 723393669027, 403254685665, 106185548666, 296336466076, 680504081652, 526495000226, 651866828020, 651299499779, 316937405446, 325893458844, 686606388731, 569175785427, 221654677252, 489616137094, 122204922312, 748156235548, 288342814309, 278338542092, 672300977862, 402885400869, 626145660473, 655633024419, 440239475511, 645496378196, 222618371688, 619673662365, 611352674498, 693216461818, 507291547494, 331584005779, 596609404867, 296788110824, 620650932938, 369787985639, 648428448333, 584002796112, 726613380444, 764944517084, 45667383991] 
Capacity: 778054020406 
Capacity ratio [capacity/sum(weights)]: 0.025 
Maximum value for profits & weights: 1000000000000.0 
--------------------------------------------------------------------------------------------------------------------------------------------
Number of qubits: 100 
Profits: [588185165054, 498461457825, 628386277698, 39423389940, 974415476337, 308070688290, 655756680241, 630084912464, 777187553701, 257489477089, 646946179588, 464115470841, 73523607808, 517663263423, 507671020077, 628073238922, 55140031352, 839383573553, 3598220101, 504269746363, 551001112423, 606538357329, 513316354634, 196091980037, 955535718928, 980219220651, 168976661147, 89233705965, 20964557444, 807336836293, 443290328616, 358792671914, 406170611027, 516757362558, 388607508134, 286421004636, 854785696368, 856753453692, 772838345209, 73524696925, 841105834368, 575004946909, 342762466903, 420075386419, 921014828582, 520945284120, 586016015547, 369766254122, 760889868391, 804203073036, 935919150757, 327647792520, 620161253575, 737788571056, 679372071636, 909095728471, 521514863537, 409559132929, 476588340945, 338663230711] 
Weights: [620133700485, 612499788332, 658129059677, 391720383467, 467072655628, 567231353335, 540101675276, 266777885300, 668439918819, 689798347798, 629648406809, 628106827442, 752924178230, 335471420826, 263710709085, 582517184491, 762502471521, 450474481516, 617663679598, 370908141613, 667349894890, 673033864255, 644657605998, 499804348233, 301573622895, 434507678102, 629058043700, 530519107096, 212327980937, 427049525194, 617294209983, 271761161705, 383646851101, 558925590269, 493697027543, 687955074445, 673489304773, 601941770404, 564836058283, 435491475424, 574143305170, 584409100423, 373114750843, 525844117738, 609047297777, 351391134190, 496587977832, 751068370196, 718520588876, 189784765498, 700632566101, 187010172730, 484820574370, 532465990189, 493235930323, 510048853634, 498116298877, 223278581313, 657939990876, 479722471553] 
Capacity: 766413856525 
Capacity ratio [capacity/sum(weights)]: 0.025 
Maximum value for profits & weights: 1000000000000.0 
--------------------------------------------------------------------------------------------------------------------------------------------
Number of qubits: 100 
Profits: [498479282080, 162965015366, 630901669349, 976581893566, 766168660815, 538099146174, 564520844632, 780044289999, 69350672707, 400596468602, 360454295119, 805062838998, 302724487464, 918108866123, 560205396729, 846099946814, 435182112858, 401057015568, 450963938229, 637807769986, 359916607747, 611416064826, 405893020715, 556998697432, 957220301822, 516320713683, 580472932541, 526579956740, 295650498285, 988294374929, 481282080887, 576562712358, 769522464647, 955768131243, 840470787642, 420864487263, 53354089287, 620601136415, 718711394548, 943013417804, 733637381324, 74355557542, 543411058870, 403785713899, 342598499744, 33620635214, 317456112649, 69383280052, 879022114284, 466601803380, 230473624154, 440805501966, 194845984589, 664604482617, 453945847782, 49118827221, 380531365637, 692829235372, 10416457342, 74973370190] 
Weights: [440465840672, 495262881339, 326986732770, 541183547293, 666620528544, 508616989975, 589826902374, 534578876572, 556951590834, 409851162784, 635609377494, 298490973895, 317545267032, 202717738843, 415450226945, 713967777593, 490804903366, 350399549611, 414182647642, 418954608198, 632978459989, 626837841134, 358629780812, 385064042866, 584510282438, 692420758966, 503704759584, 391673692401, 498490970284, 359924699982, 692458373674, 693172928540, 237583095638, 463925917288, 366494894083, 662673521080, 352886190563, 328947947614, 488245908925, 401211966722, 223667184836, 554220765772, 574146687690, 612542882205, 585074443418, 625340678030, 616719719623, 576730316184, 442606609543, 628105486737, 648238417708, 373710148046, 554987087258, 581361416313, 705132247792, 285582143644, 497468877067, 464843887850, 362438085370, 17683737081] 
Capacity: 724473261605 
Capacity ratio [capacity/sum(weights)]: 0.025 
Maximum value for profits & weights: 1000000000000.0 
--------------------------------------------------------------------------------------------------------------------------------------------
Number of qubits: 100 
Profits: [295233490671, 419565882238, 789847104356, 774352301018, 534492990069, 880135775456, 24499643281, 425206005222, 875961956917, 781554148753, 271613239059, 717843753228, 407478403541, 447350545544, 922128320689, 19078737930, 967518873419, 867632815989, 452793699653, 240195592092, 714731578572, 93032003451, 29861473183, 185335424450, 54590247671, 834364228939, 216535184063, 43821507498, 22773831174, 794577626231, 201363122839, 712800215169, 617498358517, 684691752213, 428822471743, 209640386500, 198716386123, 266641222527, 185774897780, 462286857770, 228861282484, 735885876403, 14486371565, 493332804407, 766146973683, 24719238907, 458164000675, 312428100752, 59184475794, 48071514710, 894552931598, 199721309563, 343578634695, 326816065090, 288075838053, 287744203962, 135276796886, 783988767948, 570165181252, 942286282220] 
Weights: [347826787929, 206226195422, 555623052592, 339015860552, 595225818521, 657877873246, 718687288809, 324533394733, 380267560341, 707052903857, 650883456011, 714124544977, 349136584523, 434150536040, 347881308072, 587145130890, 713409263958, 708354227030, 327505510536, 598197084460, 62092136539, 536943165171, 730304235765, 349608292458, 374905073979, 535417104718, 572702195135, 502320920309, 321462194097, 372619039396, 620205728468, 598995451622, 235258018638, 620257577057, 587724725456, 180820401959, 601872663646, 111554055662, 566212733434, 728492615841, 712017965493, 504931226466, 439416625658, 700243722400, 466967229597, 557045474092, 702599155379, 636486040310, 104941889384, 693075500499, 544930921633, 436283920649, 279577442669, 589648540206, 590853272561, 734261132711, 445221866822, 641297067266, 519463841967, 649190761266] 
Capacity: 744429313791 
Capacity ratio [capacity/sum(weights)]: 0.025 
Maximum value for profits & weights: 1000000000000.0 
--------------------------------------------------------------------------------------------------------------------------------------------
Number of qubits: 100 
Profits: [622629407795, 200248860650, 575076099879, 850582956083, 381530545913, 939331737339, 698824861234, 225727703244, 849859265199, 994344947265, 680356078135, 806608787874, 617759052922, 225178445720, 521759121214, 882289502197, 671159679142, 27934985613, 427307675312, 321070800990, 131242149303, 734613650289, 869810850158, 451226716694, 182762602747, 304676852162, 597976663930, 188878749671, 671304074955, 753734350696, 299204474451, 310848383377, 484300724976, 617549215242, 108333422189, 761363999419, 882232136713, 35892369397, 223509896160, 807696583248, 859705455007, 279353990789, 6744282663, 76126775648, 850729764277, 60037343644, 465470679039, 873756734596, 209645523262, 982667246878, 861121364161, 174723958722, 372825200477, 185704100469, 429228243439, 571951154552, 675582887670, 815565835668, 565308548229, 858191483744] 
Weights: [357556590852, 431539271535, 686645126615, 302793695475, 517840534878, 552544256962, 453605531964, 263570475318, 539171061299, 690671938287, 317285582485, 511821114348, 517740864265, 404226242265, 327506669109, 591425871704, 412489854381, 515371204543, 639907095581, 367452655076, 411928388152, 151428158255, 62044679863, 663561595117, 532724173286, 439905420970, 631100616030, 372488248572, 306058586666, 681077243187, 438454644877, 236943343667, 514150582474, 434313620978, 617825396318, 543883118825, 435585981586, 609581686397, 536305838311, 393434120865, 538860655026, 530181714242, 262436273037, 520306094546, 500277460213, 543703936384, 664421802097, 194813662057, 575986468187, 418465077649, 673686930438, 463816753632, 345846470505, 525221242165, 327687748105, 663213771861, 607068447399, 628012435742, 339000053680, 479049490539] 
Capacity: 693478941688 
Capacity ratio [capacity/sum(weights)]: 0.025 
Maximum value for profits & weights: 1000000000000.0 
--------------------------------------------------------------------------------------------------------------------------------------------
Number of qubits: 100 
Profits: [636690151720, 687831460493, 721110824239, 242730948314, 340020074840, 768720810699, 647055114821, 168173896995, 102568557445, 106183012147, 285876674143, 766722374925, 684784039134, 814648163239, 351584615916, 907619680934, 180258859109, 431103306446, 132846528119, 358187784958, 248013891312, 143949102690, 973587105257, 641266715844, 208558264746, 306358691835, 241435970548, 727175557720, 383760089629, 461173046075, 500346301074, 85687610664, 626723192210, 428299856034, 129771968810, 844637872956, 842065834700, 438671501417, 53919929385, 628720151472, 874167933336, 809078938823, 285982317024, 749698061509, 766465345369, 602296336763, 766374670896, 558223310597, 801239489223, 207759543259, 597040079615, 506606292810, 734402062179, 27602226833, 898555387098, 80510044971, 544575592225, 282481260976, 672348225204, 432835307310] 
Weights: [727753473149, 463154254235, 348172173721, 527083149205, 684731165148, 674941366130, 546216468709, 445152056499, 699051857483, 768649931727, 601615052987, 683413747192, 702400844542, 357568131656, 742234314933, 513892708032, 337324220383, 677143960875, 238844504083, 630162959694, 626586269779, 505329504830, 437306726690, 605386842367, 589314853307, 642651595091, 332195527986, 739223004812, 409422474558, 331614954320, 687183349858, 439479303674, 285840526214, 335991757216, 494931571273, 224951253578, 347908774251, 553661816605, 489809948056, 556701918783, 743516564276, 717674485805, 506488274601, 628032556317, 304175912468, 440188177006, 335879211986, 376877267221, 291752647394, 240510931005, 613463081322, 533264084326, 489145758256, 471952657478, 729206302354, 452734295026, 731591050951, 437573720522, 769425036448, 426099790513] 
Capacity: 770503675938 
Capacity ratio [capacity/sum(weights)]: 0.025 
Maximum value for profits & weights: 1000000000000.0 
--------------------------------------------------------------------------------------------------------------------------------------------
Number of qubits: 100 
Profits: [896248342768, 619839120687, 909853693505, 516009331351, 159610347252, 936046845487, 622822968788, 441845585525, 466997665402, 877556196309, 713912567401, 378806538367, 862270242312, 26407330270, 905697814023, 551877054606, 510441833807, 34253343975, 31002184459, 193282469604, 318492151297, 390779821339, 950546971079, 185294165761, 690548744631, 585914308321, 532223959230, 794665519275, 417045999272, 223576750791, 84669769279, 795481369329, 997073441641, 809253749817, 635449534407, 847794912209, 874891743909, 123968284609, 892773547498, 415860019999, 749354159198, 63937327977, 439058875459, 635547139530, 51265216338, 744602493068, 359917423480, 657669920020, 14762420906, 764208302571, 764098016627, 773746438060, 489709409251, 684342394207, 299731775255, 955335793962, 197555974556, 18344849880, 962799498164, 742017595135] 
Weights: [402675454975, 576265864277, 182243387403, 714321682286, 563982413997, 568236632642, 542643102150, 351204477822, 204587796334, 394647956480, 225398288967, 243621242069, 713129513565, 453788404817, 570850676654, 323255426034, 404969265119, 358663610148, 504307610048, 615699890440, 537992905947, 623277140530, 579137305927, 539970775508, 671621653289, 223394291173, 386118209774, 689884883091, 442345916122, 575511902073, 394257127907, 520157252842, 691732232559, 524745874787, 384716295042, 592956640505, 450365274021, 593138017287, 359981439939, 640421615224, 362898730601, 548305657994, 515706568344, 533934020990, 475291034132, 391316729298, 335025377569, 637788309565, 715566092733, 445384642394, 451814957082, 212604677121, 522168703666, 615778517020, 668176613547, 603271938346, 488902853747, 545280831662, 539642190064, 574236643383] 
Capacity: 723712812511 
Capacity ratio [capacity/sum(weights)]: 0.025 
Maximum value for profits & weights: 1000000000000.0 
----------------------------------------------------------------------------------------------------------------------------------------------------------------
----------------------------------------------------------------------------------------------------------------------------------------------------------------
Number of qubits: 120 
Profits: [816187401271579076, 884459854950827678, 725314707799870680, 208592047697787864, 780091047084515361, 264508802584299380, 480539443052991832, 223572702959574259, 938627525745628272, 626252130953588611, 955368490501864041, 384767314696113350, 196981586126936298, 862022417651066264, 818162492585658778, 180272400526891093, 347232061986907167, 420728124546973728, 467968578769062788, 760167291397649295, 230663843703580072, 484073849382823984, 757485202758064194, 371098595813245466, 440800783987877815, 615070269953065365, 77447723168204182, 998826301754426577, 188750295561714772, 227434869934990013, 288473516097879765, 437123542913617692, 882836265376893531, 332599851290012249, 218557320608809284, 40791062822001635, 748751666663501841, 959614768417525854, 233361244438471120, 365882668529432931, 770803109819001125, 213029669092529599, 457416334121005144, 776295104368456443, 263602656702553054, 567735100062161158, 853250391682331729, 941676621770783252, 609317533999240728, 562238167812069767, 564337037256368198, 235543247652200466, 742046789077762977, 493752398723125215, 79951212982549678, 830274783765595436, 99904029226591779, 655816933794740609, 570464801686369818, 315469311251333160] 
Weights: [171015919751015457, 703161153307018392, 761199635332588446, 464327302142453809, 224016045297576141, 547789645218156671, 627131596610538915, 332553682194062095, 723308726818729508, 709060862022526830, 619252371443962802, 732407520142634737, 625374551148241393, 703054889423234803, 733996420198227177, 556397425791805693, 541609494759383043, 611280657899507873, 559282991742154973, 461938709009443294, 353990715949673052, 718555192451753973, 148577554173629955, 692961473267700915, 734851173239013109, 491244107472889069, 649069103755617616, 406352507608995772, 713808547579068798, 710253936287140898, 442658886982479436, 663449369041939522, 595109860861160930, 195044685071998812, 687303043246443687, 573163454785682694, 485357218068534006, 494842031224273545, 286586945921106673, 565992238108753669, 458103506304850324, 420531237121273514, 652578575538272383, 193827316357897226, 351035406304029438, 604719782827759858, 552762814198904247, 297358062217052020, 479610051356818831, 610143054295585757, 419714422654349567, 724911936003104684, 369481154038679512, 454008682495861670, 340552192435466076, 596145184586148210, 432888449826201418, 287750255475094356, 564982822366916891, 673766650153390879] 
Capacity: 770742052192557568 
Capacity ratio [capacity/sum(weights)]: 0.025 
Maximum value for profits & weights: 1e+18 
--------------------------------------------------------------------------------------------------------------------------------------------
Number of qubits: 120 
Profits: [255040171057634933, 685445344589646350, 239495063082488465, 336830985619567395, 357719171415803891, 906683152746597803, 770906327393877310, 798817859960518355, 984676604757214538, 242066481156695847, 921842653066549233, 505461313574370882, 703070764413804471, 445367065548258539, 558124681219913436, 917795338607668494, 124960438756091715, 674872175591666368, 545793325283933319, 132037608297002288, 281648848865821533, 614261255190525238, 909754013196158219, 99491682962505039, 969733899783390633, 258345716605911249, 406535440917525929, 354669553888429646, 322892019265047485, 72153966274261787, 543076458766401198, 721735019371898815, 167672496983272806, 785215961720545582, 641530337763071881, 593251725465476537, 222534191875379735, 994007812903694669, 90340896802843069, 75306602417237543, 652627754758394725, 742715444327984219, 620998909304454291, 398983444717981592, 443452183694388012, 781060553799735824, 959426340826458092, 501186078190834959, 923787946448292617, 320354717090772864, 374108167403243418, 188031586999812502, 702236389650295148, 47321174757816827, 731509403293764006, 716538080018358281, 226077015816490876, 296224102521873625, 810836493779648871, 931481636949219790] 
Weights: [390104240379410302, 530322334041250397, 754275496166413152, 682836396443417287, 594442343595034865, 271976642500508908, 544726531967684899, 697811167053225878, 166987150816958008, 438750610914299231, 229978229775748168, 741839205998016972, 578874496871113720, 579771276299581480, 408557295390372096, 498584292695593783, 129310132351790416, 276104382785129167, 322799697006705319, 650438094550247372, 648405306604052146, 363347262252575573, 580765528107137807, 106400967362793752, 430259466366960278, 544252879405806459, 675688178447249975, 483980506138291183, 420367286385677871, 309047357486405434, 689513273233944088, 724466086509954182, 663192075821386999, 683983485898465413, 288590386172790391, 672624842324540204, 419041654414107202, 645154480532470034, 690518060441408506, 693665112180886521, 546569844450706365, 392126976664882649, 719997686082765825, 382635331736325402, 716105683763621386, 401517434874377023, 677031263366438401, 569133721932328655, 641215441531371058, 269632459423451841, 654836411701517297, 596690875199237470, 468817946115692847, 628189530815262914, 498791435516150709, 413385956705621650, 556150177636446468, 748836953251587334, 631927739697811867, 372654450731306570] 
Capacity: 768510428315613696 
Capacity ratio [capacity/sum(weights)]: 0.025 
Maximum value for profits & weights: 1e+18 
--------------------------------------------------------------------------------------------------------------------------------------------
Number of qubits: 120 
Profits: [57957608815688648, 265774896559168575, 144304591310949695, 603255878591679034, 772022561893097733, 521238189055781566, 477349158033725711, 925108250990222612, 609168542049985699, 150067250653184463, 703270270607608500, 446206758814285097, 471700995744746309, 251050593276217247, 649114532660314453, 633937458482942976, 889193760016429724, 856487163277536028, 430568430330075808, 128947780316941679, 268917305491337720, 400693665672178246, 739662548996653294, 359774422613214891, 933713882620053924, 124896280335938432, 87030088565653023, 319282491894302373, 926111978046111625, 3158773435729126, 381107500291828520, 862576938112248977, 295064464300149871, 924429147644529073, 416908915010252888, 499540151894031577, 252717620575554107, 761768117805163891, 801115997679276134, 405705908613897183, 646912706776950536, 319043271275676464, 298822621129497608, 103302555613982767, 23740862167625403, 212215125571574235, 60122048593171573, 912431780473071850, 816220944115429026, 361286254019649825, 127658303973294588, 561177366703645066, 132622720069830013, 443646041815739913, 366504789663608268, 623883562724425168, 392380884072245499, 928798399442654171, 219859644416671004, 900437738655412299] 
Weights: [418731985071022330, 524191593570855110, 546770660218206768, 567929893309579098, 413354086832643178, 303157216734704654, 613565405752484971, 152835481855505650, 643130837979955937, 452972225060118347, 281730915905319265, 703005927802442582, 376059505365287249, 681143762435301207, 262773176521428372, 460341263877440849, 579326680306271641, 695408640787413416, 561522983602854543, 137863033018454320, 549080475753687280, 343713438280388308, 621944861485147278, 626611494462096675, 500374720212303358, 160086563830569586, 426217680639646143, 531660262573608919, 570553295557936549, 390791950032805875, 491581485027675864, 185313323618018043, 588546796838081142, 469336004721071541, 607180788630433627, 719169368237384973, 586460304219932825, 358913752757828634, 665115194946311203, 304227199491750902, 477241987174221411, 332963200439281408, 649281956365059604, 555563756349958364, 622777414216801084, 350645022991789520, 700379438216992008, 727269820122784357, 483237749438852354, 509202878833720403, 595189398069391049, 311277183310341488, 328732918714553233, 203779821337667725, 560857799515403656, 683705966589796079, 626152974498758146, 612859796992589809, 694440299629713996, 690596406768277638] 
Capacity: 727706656062861824 
Capacity ratio [capacity/sum(weights)]: 0.025 
Maximum value for profits & weights: 1e+18 
--------------------------------------------------------------------------------------------------------------------------------------------
Number of qubits: 120 
Profits: [737497143027675694, 875723417717472675, 434012722626413180, 268245810499986599, 193447830864392596, 910749377267909557, 135193176984303515, 621448508970758341, 576465187589872200, 30629284866082174, 522010684975788957, 484267514627159869, 200384202363883674, 331967442377150713, 969110092601825691, 551895536088383592, 139811281190384671, 162167023536314279, 123724431258203802, 559235200189470881, 847697930253711536, 841221673315650794, 27798209495254855, 295096361759441016, 875025021643784084, 404390220418534171, 770597646517418271, 394863048924337740, 960552600733748648, 845046707597665843, 119947754490115311, 749234335420989178, 956214501714365726, 375634240449074945, 441933430570960554, 30062123348457666, 464912556634601601, 960253005899326075, 912496373452262401, 882380789022730103, 70948551193909807, 670021838041091019, 571777538639720094, 260653776687272477, 335375647246939410, 233602697817191374, 610035941020021286, 663565021106487540, 525094405156929151, 550785368448026948, 506827704616237796, 528195019181833996, 805148133172132049, 28680483473124331, 188647422713807562, 3871000784141750, 365735108913395678, 119776755052070141, 965953898209959932, 979287028299814157] 
Weights: [363772393199882852, 548018921661549805, 90057007032690861, 796418397721636662, 478556597321832852, 289631840482983666, 242545349087213267, 785835013712778677, 209395018139781281, 539300582227853602, 315103719798455046, 515527951046729248, 571760975538607755, 415607004609122837, 660923052011519082, 519962350761366453, 227317221919376677, 753550975522001835, 456667145543273172, 372268298845499985, 335793845736528466, 524864404854641205, 748640064371130525, 694620797504199728, 774482302932412418, 528093812038306829, 733899806243537453, 562594215356153315, 551387779675311501, 198738329987986500, 607146499321751025, 729618770595010380, 624769062367633107, 801600812388703527, 675787858487503247, 709637156016247325, 749271015081785560, 783967158993996223, 595627422703776635, 796589102697393887, 415476576789827257, 533034241853868906, 581073217524129069, 703701399752335387, 783135257597205253, 556330540323475494, 679622522672230069, 622899613722344290, 487346368060826668, 181571762983909839, 354581332570899831, 713779657901250448, 710879270375550385, 600707737534982302, 647531279941487433, 771492501823726816, 250640063684011837, 432553412080526215, 763242587865340610, 787192208440588370] 
Capacity: 816747365259875328 
Capacity ratio [capacity/sum(weights)]: 0.025 
Maximum value for profits & weights: 1e+18 
--------------------------------------------------------------------------------------------------------------------------------------------
Number of qubits: 120 
Profits: [990785262234536811, 46187343790606379, 925807256034786991, 241013168051250278, 957570493077625750, 130327779093231863, 904303829596369673, 436690633778968925, 814815060207385240, 10235032694578789, 18105900249570145, 257094272454228654, 930502451626001276, 142527660463804734, 238639508242466006, 994069650418405994, 192332568423869839, 466698429173754015, 251424385986537419, 67191435721676445, 895684408740392861, 718005857427077687, 751398054180754349, 245847090329569797, 79300430368120081, 569994760975640251, 407097126966626918, 253958156579776054, 797695702506090979, 568190036183152314, 184875762438848038, 755833141972941217, 525518958721681997, 546828867909158534, 508867537892363145, 244926188212994930, 381626419916392022, 665935647596685245, 446887800240961430, 73829264138264932, 92812682689672155, 778903978141555840, 774220369007889094, 333300793738415506, 992837079808442720, 669949195784283458, 502470800213023485, 685494816632666616, 947697127410091513, 49388143381899895, 26571393055584084, 29622112908894282, 505456665950687930, 772639619470922985, 751596373491103446, 666294101995312109, 975658508980080463, 36938505395872119, 917815886740806773, 400158014809634905] 
Weights: [78533628291462434, 395557644018028834, 601620172148192009, 291504882416908169, 163398569639161480, 453185538702846169, 475407398293757095, 545252752042318741, 675871878092194241, 616056112457213992, 636879429608721233, 676090280298365432, 635690660899453492, 600763337447592433, 406209981831674117, 147618520500752050, 655956834694034782, 238919075034309000, 556817897468836123, 410936549500868423, 619228509961788582, 475377361318710433, 477635839087068538, 459794829356406695, 178663619804905537, 649195897787374798, 286389802454169290, 356853852695810377, 335970030652440986, 497928582736541522, 445910772323409364, 450470708399022633, 506893022251518146, 449846826252961859, 675366520152201217, 577497120726840220, 468707749715270339, 542234697796904174, 560111669705036405, 525304104275483729, 528257199427229640, 521798387209854517, 539720432350685386, 359640615709179564, 475598994258782853, 596455292655260823, 576906504544584570, 629096128458707340, 258276633785441677, 680673919480573064, 123039434731863329, 203469133106970042, 346855986640210416, 185909915219860226, 453495059646416329, 339221302570605447, 594327259507457250, 614435129444814880, 593430688928005742, 620643548279152782] 
Capacity: 685634969150241792 
Capacity ratio [capacity/sum(weights)]: 0.025 
Maximum value for profits & weights: 1e+18 
--------------------------------------------------------------------------------------------------------------------------------------------
Number of qubits: 120 
Profits: [231350821623057826, 183459338159349009, 526066333422215642, 483012119877068225, 928146177291228630, 488563515424508290, 98599647430625254, 390474107566914143, 98885982170616319, 921944613743437890, 79541443599200128, 469365555473623304, 35199095667832307, 344718573805988562, 180184697051577852, 750374515306931662, 414124671731924502, 717541029234973883, 812546698350418051, 919311168681222509, 192857038358652491, 165747305994402605, 88093210042276139, 784997527411600902, 498705968452469505, 169235562554627650, 978408002199912250, 778221061815011722, 914585813805749475, 704615165368965610, 860680771732113339, 511202249570114785, 122558976266213551, 580507437995132045, 512436318514576017, 361950443008696185, 836867436188015349, 305711242622607303, 52430372320666113, 543646093497881831, 43201758211399911, 142973614844122460, 475751310188881518, 44461014842907156, 153216673107175632, 205297174412003907, 929605139604839267, 637700435094844423, 194479006461662055, 969277005948114922, 446690668989158585, 273744184410032709, 575376414889356300, 658720898758886349, 188653133813799311, 841967302627123547, 856602688288482541, 499013251656651885, 817078749348296437, 692736039457099702] 
Weights: [286551300749267548, 565771997043483577, 98224125342419027, 526306229131739939, 556924356152312148, 259952296515287652, 299908919425462994, 512651917902406776, 375706907118828513, 448667553239154292, 470663849957450028, 354278468293609767, 441194833777047570, 413702375560232523, 341610201481888411, 555468692645180528, 409454360064743118, 325997186409592328, 322851110527200614, 339938277741482414, 306888045153703430, 358327305568950104, 567232753122074993, 502615218051918245, 380645375752532562, 596314971931520299, 156446088455282032, 499921879229184900, 590280872036034870, 511655678709741178, 346688119280277615, 561150675122194704, 488788170762898700, 589825308605466173, 578992578557363564, 352656017118196077, 436766435682270921, 435326434003473201, 197705142790825412, 499353240426464122, 517309154953229025, 389828644450083323, 458139767526411306, 524924874894256405, 366589649394779712, 404438413544236842, 336592794668954530, 246892261399041521, 266937765630390718, 485420337198833677, 567669295292879579, 469216898182365517, 373724240629163449, 438508824512430335, 291643968225966327, 331068205236580410, 413949624201188065, 464058836428270588, 392258689536811393, 489534146611744827] 
Capacity: 615233204929123200 
Capacity ratio [capacity/sum(weights)]: 0.025 
Maximum value for profits & weights: 1e+18 
--------------------------------------------------------------------------------------------------------------------------------------------
Number of qubits: 120 
Profits: [734236220087248536, 95103137475636531, 700638122189538753, 510057702110941948, 902457117033420096, 708247839317763556, 758182623099772313, 118845768907693627, 150841626558778222, 301451831929472148, 666354819454185684, 426098933111028458, 325129366299471680, 553015733486046718, 202200716947722356, 90839269600522111, 32534795527094340, 340632107751356437, 142723550885062436, 988101005243242513, 975026685435216471, 663288559107924903, 354463204375533817, 16874817820695600, 594643152613098181, 68199071248674360, 30738187650788977, 937033524312074922, 417435940340836996, 793640553415930552, 465572010849875172, 15572474176683064, 218370695484862292, 656417578977785688, 794084332221393433, 372494423335112624, 229383795923336471, 875309319136806351, 850454453438849601, 100465524858730195, 777577338345929194, 809074014016745425, 403302305625160082, 469184831457753352, 622644526973454924, 335388608592403096, 852532990489878914, 977605065549179799, 955337035394593506, 857570600032300771, 809690158748104048, 213069934990247093, 42143883575617384, 253462556142947557, 13081346379659698, 307939816661659391, 476927599019589335, 592872646767995125, 981661043180814856, 619641858691316924] 
Weights: [368308563544946250, 638537338054437605, 496848802582634872, 234285042659574104, 269892931252854427, 687337671744230294, 396343741749424912, 745707890816371526, 540622597535572693, 264645543502162053, 751348372067737057, 491884910656297329, 496532831421493788, 679084351346005765, 624696698510132921, 275820718994863352, 716847767248771965, 368340869058830207, 652976982157044971, 263661295973489198, 347248079010314262, 267015641264515140, 664258615968619666, 693225754539255461, 750544360298774460, 727289650186271638, 512477359853697761, 517315305217866984, 683810093656315413, 515422266218064451, 463968521246173719, 551990646481456064, 724760054716286162, 420687730097116982, 322390975708269537, 203839265360865469, 475857073880561616, 754961714619923689, 706202273090060625, 369666804209714250, 711009829397102752, 420885683371053950, 554870729899303674, 663313792147937645, 695634155496817719, 227918833852746101, 508057188896221244, 381755017897800502, 563618697593318150, 361480167432034286, 199844991799078932, 738388357599879377, 686338771098302478, 513509224851583922, 385378718257430097, 747426525727113152, 321039583859300226, 523298857222821888, 483627620927905144, 425966866067377769] 
Capacity: 758509912140631552 
Capacity ratio [capacity/sum(weights)]: 0.025 
Maximum value for profits & weights: 1e+18 
--------------------------------------------------------------------------------------------------------------------------------------------
Number of qubits: 120 
Profits: [518469103269108473, 319229937599120670, 606915916933539895, 895912476038134386, 464959070611054557, 154785420997294805, 533789491404544099, 364903883595867384, 502279461618435980, 678043002906758432, 238218743696626042, 953206646769813342, 207246093278779229, 828707770019173219, 84859864897222262, 804608480125678594, 441007891753703061, 118048578218034420, 890427942650712157, 476317520104241055, 646135552641046720, 139994179710699026, 982393972302847202, 709696716144215740, 361290815574133817, 332756436245645339, 961645741878694915, 223471452372723317, 656029519413202910, 870047202281520847, 652343834768962861, 385126571291823898, 791946637441078661, 204725437307549748, 166495942055801901, 19797508065211316, 584557825045966121, 144104506439439674, 409405367435740595, 144862886762388597, 113822189350367306, 665016174940046391, 285010791491248170, 19241676527756444, 646455375051410227, 788481335993562230, 591983007911637100, 683153252278784855, 180300563800666647, 472684471268405163, 951958787042728681, 586544105990096751, 275971482886268558, 564406540843866728, 145927987047231535, 312101356191061055, 816980298783717182, 994801146336999636, 388344700620699523, 326711551193445036] 
Weights: [703316643328993986, 715908514606916648, 317285559994039022, 376697451908190670, 518259697557900680, 365569402769393438, 590953910478145900, 467336890260475543, 423763874629036101, 617975308276449618, 504019712612781299, 495478592425244251, 376097435321771455, 736120606944298174, 564598114193371121, 407318674208763104, 661091169900293843, 669723355227682939, 648051023309305579, 677814406342060030, 332539417708275199, 419157160536397951, 419623976907933496, 736823139150441664, 605617611320674426, 667171100835580285, 691021313052128070, 128194722009515211, 755383883700321737, 624050155329955406, 115930226251601042, 159191764383097735, 297786348007719456, 674021592368996683, 390423494220398923, 574046580467857919, 483633859038305424, 676602615143830473, 500778029503446968, 602895596124839632, 725706279114826558, 202188615307391900, 579984937141764110, 506116995734901741, 599587256893246960, 668084371650385063, 743898982146146806, 389673887108828424, 349023286579875870, 639254178683650896, 411375657818333926, 376127417838134718, 750394881938499294, 440152489674899955, 243796984491183641, 383077500415023469, 463596339061328230, 673906903591768397, 754495508186407008, 657398566466139984] 
Capacity: 765085201939405312 
Capacity ratio [capacity/sum(weights)]: 0.025 
Maximum value for profits & weights: 1e+18 
--------------------------------------------------------------------------------------------------------------------------------------------
Number of qubits: 120 
Profits: [934363450231285302, 619756856544290774, 612596712943524121, 614202085860944972, 118663545951603099, 369352526839104593, 285103568552963504, 654631885204840242, 720740257363193721, 161570046177877912, 92572756027717093, 207599264695713755, 120961150120130688, 219983903974117912, 141867885308276927, 272901808626531027, 545245411729889517, 941762951571267846, 552148286843598301, 961354773451114399, 140569902365967140, 596328171289156497, 79869264574453489, 170589620811484537, 422465175278276901, 223423614724306160, 451926292770634127, 379650050688451054, 304923189356177022, 114906371432153995, 15153948299698458, 352612553565783034, 493042839838398479, 855914706689711183, 249963431682696305, 664563271995446467, 793813189564927993, 403421339130158685, 827476691438994097, 83767782703991319, 833954860796421283, 181988138019851678, 555709777007460500, 113484331728513529, 618368712621796678, 153285003682604842, 855111237582864466, 282888469345856455, 290102083152780018, 299977366132715024, 644128448524471818, 335757501858585144, 880386194301106098, 945152022300429120, 539906522913604894, 369514904633721868, 784067312360856697, 896923666169876890, 269446603541532100, 709323966732075089] 
Weights: [410465514080467453, 762666782740775769, 236848055192992396, 670044954303737781, 787804569262189453, 613873335820039701, 407301286674431025, 695370883864499352, 740994362207111005, 616259224107827773, 257260720215529378, 108546668412422915, 475190764802326679, 291551036044543145, 738021062650070219, 674205429882021956, 624079039829280351, 725206723112976461, 512985979181500764, 728663403887572494, 551652349935874453, 378555213066897946, 666084062095006727, 677588957079752679, 583954619797613051, 623713980461645887, 696553731001368686, 802654259316419420, 683984476730721097, 290295899279209531, 594717994404680170, 184329707946612198, 732688334060490120, 688618663006906047, 296671328433305018, 709358645600300445, 561302016481160895, 357804771435557406, 523322103360244581, 539878861553000520, 217346956540258468, 579817761889779744, 701075928644551431, 554056305492764343, 747134425105960470, 535301071494815137, 554267711754900315, 715417552349648286, 662683430428419157, 639160859143953391, 241507887991840647, 728784899797021892, 548453019711475722, 529458242911026348, 377857528534315590, 532017387381603431, 375050719232202101, 487581687899673662, 325052897313632302, 520820253553639188] 
Capacity: 806902075780411776 
Capacity ratio [capacity/sum(weights)]: 0.025 
Maximum value for profits & weights: 1e+18 
--------------------------------------------------------------------------------------------------------------------------------------------
Number of qubits: 120 
Profits: [829214736788263084, 328766118811070712, 91934166888083840, 219473782084482698, 124755536524159731, 120340800260970204, 471468019390683978, 861264025512758540, 961510615838533196, 183385602892006386, 922065957411226759, 243597022716905744, 625255832370611278, 682187768074222850, 978586902186263730, 750122875049920959, 14031599101632175, 916948145495284502, 800047516934354502, 649875800679403597, 950343084547342675, 472997485529245920, 58611658813482433, 771497070744683253, 472395606730215717, 462069331436038899, 949319744831478170, 672160850465629740, 832238632544761021, 227358853944308637, 502197237315965893, 976783178989643427, 453733378067646530, 118603502572335721, 89169988534772532, 184401569632755735, 831439116946022224, 473085236249762245, 638780056118546906, 239173668879557889, 482073464694988952, 749916241104615325, 196074165088693529, 456745725964020464, 809369022452759485, 504365686569055688, 322155093745532572, 117411820520813107, 201314772483574115, 518334704406266280, 250090672642660602, 717706613256551224, 889669145524785083, 255145293199252935, 17443770711452683, 37898204236489548, 291796625561172847, 655900210249503032, 636103047333963321, 217979875485431463] 
Weights: [683242412063500404, 630294210501318549, 692514935126177064, 507603704804320606, 695040286334783912, 469774205377461440, 358570104263893739, 128068947654451741, 111082282042473578, 648065888140876135, 345334720403473253, 556972321232195357, 581969472735486760, 482400645784842979, 319406579422306405, 536522462179533607, 552621474197506208, 602524151927510631, 657561484724327984, 697341598834438438, 237565772816453486, 582662945845497637, 508268203287918734, 575510154889532304, 652676288586344502, 514721889074502408, 473556619375982759, 442778324180001546, 401501162260704561, 338561107443081740, 436096466869722420, 653136606701453423, 68741441278444866, 419861204417076778, 505442613595990675, 580273488121339905, 593540134632493957, 384857833204242713, 576847617139329809, 459151712560035798, 644828344079104069, 612667610352346542, 517946742663939717, 333967388736844298, 598904196573441031, 442249731501250872, 498853085045120605, 525750521002052676, 572176890940111010, 710093996581720560, 349094367862036045, 413378113316150974, 510017780873810949, 258511323458142490, 441183093029288885, 557314427362798933, 103321611699618409, 516455554001896190, 447083483377971788, 590113674070131542] 
Capacity: 718202588749998848 
Capacity ratio [capacity/sum(weights)]: 0.025 
Maximum value for profits & weights: 1e+18 
