Number of qubits: 43 
Profits: [648659, 280940, 539460, 189988, 254280, 139317, 368940, 80279, 408199, 712398, 977426, 864592, 375292, 934544, 641827, 602767, 425695, 789558, 443962, 377541, 383460, 94031, 693077] 
Weights: [233718, 638209, 319865, 750106, 711155, 703356, 567000, 556348, 340233, 575704, 424855, 370785, 239791, 226671, 361928, 609537, 382830, 579787, 597473, 575165, 635247, 731755, 711906] 
Capacity: 780026 
Capacity ratio [capacity/sum(weights)]: 0.07 
Maximum value for profits & weights: 1000000.0 
Number of qubits: 43 
Profits: [215575, 506995, 558837, 569400, 984161, 269277, 912271, 386076, 511446, 300448, 497464, 133621, 314151, 591200, 963048, 664638, 388355, 882219, 731685, 30197, 56471, 832617, 973058] 
Weights: [719379, 701257, 85256, 782271, 361294, 468458, 663737, 121110, 364644, 454840, 244046, 464649, 514885, 682054, 785671, 577432, 655249, 508656, 728027, 417419, 748569, 294720, 487485] 
Capacity: 796632 
Capacity ratio [capacity/sum(weights)]: 0.07 
Maximum value for profits & weights: 1000000.0 
