Number of qubits: 46 
Profits: [985705, 362326, 699127, 826097, 489107, 895251, 165502, 348850, 639460, 245897, 438811, 560711, 708526, 234193, 561778, 742369, 504833, 709103, 702117, 726907, 150640, 6906, 291185, 596500, 190854, 400978] 
Weights: [666989, 223574, 750875, 653095, 550914, 671972, 706063, 394661, 610535, 415446, 959707, 180922, 451885, 313337, 771957, 954899, 927914, 826729, 231953, 370831, 178151, 796294, 422218, 381116, 733605, 689099] 
Capacity: 991981 
Capacity ratio [capacity/sum(weights)]: 0.07 
Maximum value for profits & weights: 1000000.0 
Number of qubits: 46 
Profits: [62221, 849760, 57904, 916524, 745610, 618109, 123661, 635677, 593416, 620302, 934472, 140931, 747775, 329236, 918159, 373606, 415170, 76469, 899821, 81377, 75360, 881838, 606282, 904273, 664559, 316518] 
Weights: [514590, 540122, 338435, 278521, 853681, 880125, 588487, 487342, 542500, 279174, 549477, 620402, 759242, 547592, 268344, 578184, 578755, 749476, 288038, 361404, 651027, 507053, 962137, 489629, 619825, 832555] 
Capacity: 972760 
Capacity ratio [capacity/sum(weights)]: 0.07 
Maximum value for profits & weights: 1000000.0 
