Number of qubits: 50 
Profits: [884752, 256177, 410280, 305596, 726898, 578555, 206413, 870599, 750893, 567019, 585516, 284495, 746157, 21697, 674473, 575668, 529860, 175362, 412854, 646277, 960986, 691242, 368682, 350150, 941210, 670580, 434400, 706177, 103121, 273363] 
Weights: [32363, 35615, 935932, 283176, 447784, 170790, 496608, 956599, 500970, 351277, 762812, 652316, 725578, 418483, 229088, 166985, 119628, 601660, 182853, 665860, 116133, 808819, 923907, 387201, 855658, 788882, 738891, 598441, 29470, 751775] 
Capacity: 979038 
Capacity ratio [capacity/sum(weights)]: 0.07 
Maximum value for profits & weights: 1000000.0 
Number of qubits: 50 
Profits: [509958, 955973, 197314, 393845, 555356, 507176, 620478, 98645, 316978, 512320, 961113, 369857, 703618, 226539, 202396, 635228, 466298, 410379, 900732, 194096, 849419, 250260, 795801, 125049, 246769, 479659, 903227, 895840, 849016, 253548] 
Weights: [833679, 259552, 764716, 288322, 378195, 520251, 32703, 269739, 784547, 126238, 245228, 944898, 724891, 394815, 428242, 818548, 199205, 53293, 595684, 187567, 278433, 730419, 659592, 592843, 926108, 736324, 961382, 551450, 424317, 960056] 
Capacity: 1031950 
Capacity ratio [capacity/sum(weights)]: 0.07 
Maximum value for profits & weights: 1000000.0 
