Number of qubits: 75 
Profits: [545498842468, 930334044422, 891541768587, 77608132347, 901909568404, 765679639072, 792476640540, 721765206235, 882417361111, 199409830344, 397450829703, 209719740347, 713870481270, 524019297062, 357217158881, 353917234624, 384600166439, 799081840632, 90750535576, 549128502754, 666012956412, 299243205324, 303856249632, 661671677341, 822089331288, 376256731457, 448614818065, 883957443750, 59743846531, 942433136106, 200681886077, 760773149542, 911369907911, 483037987833, 351846503176] 
Weights: [290930094558, 595810621249, 338954377135, 631851050387, 543540978738, 368492950321, 559046937389, 548210061635, 525682312838, 383075035928, 504918917695, 415067918389, 499774234127, 513131185329, 494272036423, 495971366802, 628033309243, 538315681423, 308899991326, 430371059926, 452166167349, 512462907259, 589606426574, 623240133802, 564489062498, 496619688780, 448511856918, 578831434876, 592124864568, 603328121306, 236723341155, 512421326938, 351720205229, 550758955275, 624925770072] 
Capacity: 635980433556 
Capacity ratio [capacity/sum(weights)]: 0.038 
Maximum value for profits & weights: 1000000000000.0 
Number of qubits: 75 
Profits: [799803640631, 399515988107, 127897605356, 349970239851, 860393307864, 563415309868, 255534998566, 169202873263, 189454039633, 501186636914, 23010754288, 699411450745, 436208717476, 176619931412, 516530949259, 95282342029, 444810271151, 266500581978, 300147110235, 291349812029, 467837204262, 58697509781, 893063121790, 615951268722, 64016275944, 326351677866, 565866186967, 743789804452, 982228736793, 584043866187, 216651596734, 972456285976, 235641624230, 41604756443, 434673905606] 
Weights: [495956287048, 566397372457, 542084399868, 597473556955, 214528679889, 469779950743, 274204081135, 165456322356, 370050658002, 553779786322, 566683598800, 552255722308, 498684778203, 593078029719, 563743353440, 415030209133, 475156300221, 483278923927, 516249413573, 144600595662, 574179241922, 195473591486, 356003892256, 481958474538, 504445400819, 433688910190, 497159181158, 583185299337, 575225606031, 595360751279, 491578084924, 507051938434, 440961101772, 440355856187, 143982632708] 
Capacity: 598215494459 
Capacity ratio [capacity/sum(weights)]: 0.038 
Maximum value for profits & weights: 1000000000000.0 
