Number of qubits: 78 
Profits: [326583135672, 717420663415, 750991323871, 68743134653, 692717573013, 801896344787, 493927549246, 253308438819, 958047954290, 195214494141, 569426735229, 768854970331, 115163747148, 128031663494, 484868290492, 203192634847, 773693968547, 335045117739, 649480604557, 80249761415, 208583169353, 185231673916, 354957089731, 836345964887, 496007270987, 460482174553, 697592242091, 229793574136, 133306354998, 611854677683, 653385790436, 823302708412, 877832324157, 167183165416, 878274353207, 57670223283, 658826013099, 374569841520] 
Weights: [582898200855, 466048227130, 735050353642, 431071579293, 477139609175, 767994172824, 410068861695, 674489041182, 722330880619, 325580871036, 805355035004, 469996192887, 655794651605, 494334387373, 443873116844, 812048288815, 660753534687, 238175071470, 710892825613, 733435549570, 538572483394, 672643325580, 760527008996, 609671080256, 421357478166, 326785763893, 721405367184, 449295711922, 398246572044, 781291010735, 482097839875, 785670839529, 695479809587, 757417165068, 699960412811, 75523836193, 733785712913, 490077757683] 
Capacity: 818209338781 
Capacity ratio [capacity/sum(weights)]: 0.038 
Maximum value for profits & weights: 1000000000000.0 
Number of qubits: 78 
Profits: [710395136508, 184436741329, 424387614584, 854204541206, 49606875696, 166464587994, 880312843300, 989782415075, 979348442314, 127996144630, 25410449426, 470735583122, 852518970680, 663953508088, 785712871621, 612768197047, 302210187440, 743997727991, 680638501154, 98073942186, 425236352121, 847700058023, 637394119680, 246456871241, 607727828331, 457297534980, 402120644496, 639045512487, 548975237764, 736789295289, 946945969590, 445356618775, 898506870520, 177646431900, 449639349376, 32551456001, 996309488946, 297873612381] 
Weights: [575846840278, 253443036923, 765085317744, 767796588338, 645012071468, 178235235300, 727749523347, 196813014577, 604666109985, 751489885580, 768760288081, 411343712032, 414379875820, 364798508612, 397782109828, 493154363824, 737575241375, 399886380018, 276750378646, 285311083752, 700806911939, 514892799996, 736618279805, 525471969281, 679537579838, 704878229457, 698184439657, 547278277693, 690766498143, 540287146277, 739971771137, 473926748409, 629742777884, 541572817480, 782963817932, 768281241849, 459049939194, 445066364581] 
Capacity: 788835455271 
Capacity ratio [capacity/sum(weights)]: 0.038 
Maximum value for profits & weights: 1000000000000.0 
