Number of qubits: 80 
Profits: [932828911681, 236029194107, 442138877105, 453489155492, 67290502388, 19077623699, 267520852298, 521719783570, 205678465727, 153835837760, 448205790096, 107579422451, 41613724786, 826285029047, 815083158965, 419334531437, 889205835418, 264751699031, 639985245712, 773015463169, 874881259287, 823846165228, 205831093401, 192508677160, 746482488273, 91512812046, 306031299356, 886749215629, 621146494773, 384835177333, 947981051883, 381093136764, 57757218743, 243962383657, 121838942224, 303106266423, 81207770019, 920501038516, 501576587207, 534333392705] 
Weights: [231341166682, 498817644189, 808518864951, 569324465473, 546735774056, 667728463107, 312493840625, 455762188070, 693176418652, 555465747409, 287490971548, 265282404001, 651128093012, 379837723846, 798910122524, 359806875621, 693076657976, 617749009389, 640235364373, 615692446517, 359070062440, 754673067715, 711290721698, 575558624190, 555614679850, 533872496729, 512851604470, 502955965360, 407620273042, 405837923718, 774043176820, 657248379257, 663699519173, 566523775920, 131232527022, 470969315705, 813416522198, 706121072731, 760219197581, 451330609825] 
Capacity: 818025447527 
Capacity ratio [capacity/sum(weights)]: 0.038 
Maximum value for profits & weights: 1000000000000.0 
Number of qubits: 80 
Profits: [185514540006, 843330161069, 759423663801, 791560518103, 478874208713, 731724089052, 665070034113, 700012737055, 321529264534, 184722399317, 696308916325, 261882905402, 157063888089, 413837499580, 660538784465, 748800379770, 251289793178, 853693910905, 622882698763, 33767548497, 292742060655, 142352656446, 354820354112, 839274306233, 232399877131, 913160708338, 839823769078, 56763923702, 478098514918, 907556568105, 764400272099, 263548988010, 467121343139, 358721393508, 653684094069, 539910200815, 376132882266, 3734330303, 376451041886, 839966809725] 
Weights: [353421803681, 665066125898, 535157078350, 469714412218, 415493139297, 658863111353, 552648505521, 619726922676, 781461511017, 353395460185, 777721810254, 489052577408, 512782332966, 681775795187, 735960549225, 396650396974, 636076914652, 528411589580, 557031280551, 575402691029, 420783987366, 459896767657, 707793047113, 515976078043, 727333450856, 271479387856, 289028416209, 503882825566, 233883296206, 805236059295, 504062907587, 805916652916, 576916550848, 789234344180, 792227796841, 391409453653, 210645903657, 595435165871, 491354134753, 660010230330] 
Capacity: 813482960037 
Capacity ratio [capacity/sum(weights)]: 0.038 
Maximum value for profits & weights: 1000000000000.0 
