Number of qubits: 85 
Profits: [186672053196, 597584565242, 577621260751, 666344690509, 648672200064, 521403734457, 448329320436, 21775283115, 721728059958, 636469851474, 764799730854, 71274206790, 141583737558, 630960841846, 957902587084, 15749690344, 699342690246, 943515562123, 812843202886, 59922541634, 704143098191, 902768265744, 811355580877, 86083568904, 223611740892, 93395832062, 802925368488, 259593271651, 644211618185, 790266248351, 142768251337, 252851659835, 456304189053, 166180464134, 855988064652, 373535517025, 136962996642, 412506468365, 48170551016, 421919340212, 525908664124, 888606462916, 520495249278, 840958805584, 236618603165] 
Weights: [687354956761, 623309435294, 223533083895, 431325620916, 287926548425, 881866895350, 685546236940, 300890171530, 532281362817, 635097358572, 923579144924, 238311817224, 332054031087, 835537626747, 805972967500, 56014759024, 748894368498, 731940085793, 461489205483, 261350452382, 495644606501, 686150187578, 179891816598, 708532270533, 317165374995, 408112613254, 865929942531, 661871229395, 933230476166, 860282720023, 725687645807, 536532135886, 670739556727, 296555482441, 589243593885, 700615914149, 798968770055, 535011079729, 123788793884, 931731709559, 495250518964, 433674880427, 388511829582, 859069626344, 669866908332] 
Capacity: 945772375244 
Capacity ratio [capacity/sum(weights)]: 0.038 
Maximum value for profits & weights: 1000000000000.0 
Number of qubits: 85 
Profits: [574666684249, 721431872050, 5564034247, 606935012153, 737202291842, 505958522562, 153585887682, 275858468001, 107799113121, 735386830368, 438471567802, 316158258560, 80411138083, 347917383082, 115243609159, 234647456825, 514525800489, 828644759099, 43502334408, 39367174098, 855718681164, 219167237723, 519791712163, 427414008551, 837776165403, 868671943057, 171192459348, 248691997244, 468107940597, 850486543558, 743725512234, 862226131293, 791376496032, 5672767615, 298303632675, 692949273137, 297724377655, 152044124602, 571359564664, 276505284922, 311473559045, 181318848773, 83386286547, 853000665944, 786879360066] 
Weights: [832760971287, 274671632241, 587386084379, 491932454198, 564845430890, 653781540254, 774753120663, 661313584666, 434975727270, 265947673500, 826889595685, 492826926111, 847346407830, 469103233181, 553003035440, 534025741546, 333174834552, 634725549205, 623806371553, 530307826701, 316769770012, 194483842343, 438371688844, 779058420544, 154014272058, 760746825260, 185260192333, 765989598278, 474589738864, 847187683832, 808485792745, 779338414001, 713397060815, 699376504638, 369092504460, 304406004958, 356918717375, 502046415581, 350619122437, 254916032000, 415386036934, 211368578360, 308132332152, 516170641044, 504123414634] 
Capacity: 870154684067 
Capacity ratio [capacity/sum(weights)]: 0.038 
Maximum value for profits & weights: 1000000000000.0 
