Number of qubits: 120 
Profits: [444308077472270412, 461354542065757034, 332186789625601048, 159122888681757756, 699172716544296117, 820832539023374417, 359045231206267318, 400791885849934955, 152421641795443032, 676343260198524266, 744020451384716758, 848118407639796442, 951773832586821536, 345381113843264492, 729977835711021829, 754619070653162479, 254436020575590888, 68808986360166234, 451890564777613521, 14002218721798085, 162153944268183519, 259529443248123400, 49641848909210865, 590590988767807543, 472163229959872082, 289718170244326124, 191687602827176240, 293220284006586806, 667199259622170439, 785328183180218060, 34795178171156326, 367051060893030551, 510423701576093511, 239322934063982243, 632706168122433214, 120133583166140010, 448216676592508706, 480210050606787231, 60871069415989022, 739750156500208163, 653188818292855112, 168906880327704095, 997508244803856906, 437787133007225261, 141512138446006993, 896704004671888065, 508973345836928645, 800884088356679346, 626742406042493983, 724751754574278183, 926130322282265068, 95869552246371575, 25629149386570343, 265732262807894571, 553343985203298049, 671733238190030206, 879745906093184314, 976543968873556710, 666402108727221729, 520288078882101277] 
Weights: [256642646631947341, 191733041317879088, 360240501162994943, 658047276847212209, 535312905205872929, 680898225929987770, 503694086845148976, 616824704736063423, 648416562117207413, 410867005128772716, 491771887717623672, 111637645570359904, 717364605848685108, 688698003284649520, 359740967778173951, 548698409763962525, 561559011125691162, 529265853689755471, 496173752730966204, 369116103062266131, 544111765291388668, 599231896256885131, 669578358401530947, 504523245483588070, 698974975976094706, 743901666635346828, 231614915714767726, 627403553964006254, 220529760543688842, 458778245040335829, 378098100829088337, 206584881427877005, 288034312289435620, 310150226875518149, 287227373742130840, 703180936763636767, 675923171418759384, 660637698986151930, 359543683227164972, 587957863847725752, 258883557583660939, 667091490810693134, 101171708295612854, 638260903187441055, 587600440562264048, 656782250125621816, 341870002391696144, 248505289718537290, 618330134541813781, 284736495039081889, 741675432635246178, 391066964019897200, 729494811036298562, 625064169335032371, 296528814883485481, 540208880282341763, 536109137627874205, 729125250258215815, 227521144086312236, 621320580896309812] 
Capacity: 746781111556312320 
Capacity ratio [capacity/sum(weights)]: 0.026 
Maximum value for profits & weights: 1e+18 
Number of qubits: 120 
Profits: [301172991809600774, 905656194144935772, 186850360215294253, 387295486919292869, 155567912308363928, 598741308422959229, 548664727157280678, 683301364926864001, 161434770868325842, 929775430131487046, 225661960955783367, 991740829169936434, 628577484325632392, 411647386002002460, 139414971687272694, 676235547959966520, 79023185714570195, 866768393317448763, 712010583871708499, 541737333037749894, 962599688373381101, 680856911016701258, 444466147416872842, 958185285302802360, 851378903028876984, 681990489127481908, 328712024815346539, 320618021658160134, 837995556626994294, 788437215817622262, 382020734836162172, 86441886593542079, 469870463103151028, 241018096663718720, 66154434640908298, 472183908510521592, 65859908633788518, 837637648925033837, 305816915357552928, 730918292500472536, 573355235451949024, 20075158764094225, 836586495708067339, 66899514630776251, 199862176747461724, 934309158510845252, 93709932650924522, 335043335981733057, 359449650864611825, 427053069682052892, 725059319338392337, 669260389271955333, 305187200514020829, 996101447345064297, 582880599408879294, 439592401514864354, 742991918524649089, 880846812695464136, 539985960570203274, 636908911982970058] 
Weights: [728523223367557995, 745477639476439196, 766984146508352819, 385305826816093095, 390730061253318786, 324240397461314803, 551200734570921661, 589448456414533447, 572597554366043217, 694442102810617975, 654210149077055084, 726714845777455376, 416852224109772791, 412149986923262926, 331361776023860375, 583246722468967020, 428089910101599931, 254418611011543023, 376994529900899975, 681727351111838816, 314561176644599899, 521579070308254460, 395511458182793911, 568649446401098799, 460825846392615818, 320008363118380029, 776388557228312692, 537172447306800270, 535289458142710730, 371657445991172207, 796447207080818892, 649733902445367167, 305243882631302510, 565094506616353754, 606412059361511681, 305235187772347317, 208729313037996982, 736195282104505245, 362178604936996362, 472438415379097822, 424671965874893262, 663529591991955728, 679058942869102100, 462474952249100477, 434580309756054807, 381065401637680946, 642611708799607619, 727124147882627861, 495858730533883316, 448090381365768502, 672113014903017788, 555245842740619837, 623958950841347925, 419582429342485335, 177656201729168204, 464886460505418434, 749224673369162625, 769509234961553439, 496308694239333003, 701214979555135287] 
Capacity: 798674505544220544 
Capacity ratio [capacity/sum(weights)]: 0.026 
Maximum value for profits & weights: 1e+18 
