Number of qubits: 40 
Profits: [859930, 472836, 381440, 37285, 782240, 497472, 210359, 332224, 971990, 178970, 788727, 469257, 258312, 869832, 59568, 460919, 389758, 284350, 438003, 921864] 
Weights: [549885, 519638, 467320, 527358, 664979, 245112, 579548, 505548, 165657, 443071, 383126, 450712, 374020, 634703, 362675, 518657, 583738, 367982, 355781, 111101] 
Capacity: 696266 
Capacity ratio [capacity/sum(weights)]: 0.08 
Maximum value for profits & weights: 1000000.0 
------------------------------------------------------------
Number of qubits: 40 
Profits: [18419, 366078, 337634, 860832, 992572, 201707, 239017, 87936, 901465, 896592, 759679, 36730, 708652, 470961, 156243, 673540, 133996, 732048, 389159, 585859] 
Weights: [716886, 435653, 821653, 518725, 707786, 683680, 459485, 895029, 900303, 390959, 812474, 93114, 766282, 464517, 688997, 412454, 734323, 575390, 224946, 258434] 
Capacity: 909043 
Capacity ratio [capacity/sum(weights)]: 0.08 
Maximum value for profits & weights: 1000000.0 
------------------------------------------------------------
Number of qubits: 40 
Profits: [678080, 551033, 290767, 706318, 176679, 120656, 280927, 767459, 887827, 900733, 994529, 720014, 283820, 105417, 587891, 335645, 987282, 394667, 622774, 875823] 
Weights: [707756, 455423, 974034, 621584, 784141, 919324, 427010, 574356, 207614, 260769, 671895, 912049, 899071, 472213, 970936, 247299, 750190, 705445, 672839, 654897] 
Capacity: 982402 
Capacity ratio [capacity/sum(weights)]: 0.08 
Maximum value for profits & weights: 1000000.0 
------------------------------------------------------------
Number of qubits: 40 
Profits: [252718, 395070, 748763, 968149, 708127, 910005, 914588, 429897, 681062, 382315, 645649, 667888, 675530, 498070, 120792, 215431, 564015, 54829, 692037, 527406] 
Weights: [310588, 519412, 672223, 711673, 227416, 526078, 215686, 384675, 158454, 154754, 675556, 342071, 593422, 430030, 672822, 606721, 699238, 673681, 704222, 417240] 
Capacity: 744620 
Capacity ratio [capacity/sum(weights)]: 0.08 
Maximum value for profits & weights: 1000000.0 
------------------------------------------------------------
Number of qubits: 40 
Profits: [206055, 958891, 797447, 999587, 210948, 208052, 618453, 668445, 705453, 908277, 223270, 652527, 72028, 518265, 626473, 319209, 655441, 706790, 444178, 666318] 
Weights: [547853, 465270, 272133, 314326, 183770, 582029, 323832, 566810, 333918, 565158, 242649, 581395, 378272, 519979, 193492, 269288, 366564, 244703, 553575, 327648] 
Capacity: 601892 
Capacity ratio [capacity/sum(weights)]: 0.08 
Maximum value for profits & weights: 1000000.0 
------------------------------------------------------------
Number of qubits: 40 
Profits: [712075, 377703, 47922, 692652, 497516, 898043, 858819, 142066, 716441, 990174, 39108, 937409, 462493, 589899, 363861, 468260, 972544, 235290, 990591, 674891] 
Weights: [409265, 548669, 342977, 498130, 366008, 427808, 475248, 128949, 338861, 381746, 356159, 472453, 408276, 487580, 641476, 369044, 404214, 413395, 568439, 615713] 
Capacity: 644267 
Capacity ratio [capacity/sum(weights)]: 0.08 
Maximum value for profits & weights: 1000000.0 
------------------------------------------------------------
Number of qubits: 40 
Profits: [641430, 314881, 347886, 629907, 353296, 710457, 107810, 557263, 66567, 204985, 361769, 882093, 942543, 997895, 591982, 944296, 118728, 567444, 361867, 92165] 
Weights: [695613, 686680, 467629, 665608, 611276, 482709, 652652, 360072, 143314, 454475, 505036, 480918, 585075, 710366, 393845, 177680, 458347, 441022, 315848, 589061] 
Capacity: 743756 
Capacity ratio [capacity/sum(weights)]: 0.08 
Maximum value for profits & weights: 1000000.0 
------------------------------------------------------------
Number of qubits: 40 
Profits: [271926, 914893, 298874, 285598, 799838, 875036, 273599, 255810, 198397, 478015, 644627, 442722, 541370, 466886, 37492, 473624, 373869, 521144, 441721, 746025] 
Weights: [658710, 761779, 784674, 602092, 731411, 955131, 849272, 752214, 209044, 379271, 934929, 541393, 310600, 797040, 401051, 464567, 917412, 875421, 190559, 501242] 
Capacity: 971235 
Capacity ratio [capacity/sum(weights)]: 0.08 
Maximum value for profits & weights: 1000000.0 
------------------------------------------------------------
Number of qubits: 40 
Profits: [863483, 222457, 567925, 161782, 559452, 672693, 188059, 140416, 436559, 468423, 310948, 568537, 45410, 395595, 978363, 677036, 77532, 8907, 135104, 627528] 
Weights: [754194, 524383, 131109, 710249, 723897, 383969, 261385, 430023, 652956, 555453, 802331, 815482, 420269, 801037, 232719, 469977, 548219, 754109, 523824, 559123] 
Capacity: 840775 
Capacity ratio [capacity/sum(weights)]: 0.08 
Maximum value for profits & weights: 1000000.0 
------------------------------------------------------------
Number of qubits: 40 
Profits: [277133, 790221, 458279, 212593, 476348, 195480, 345423, 650072, 587418, 582924, 848865, 237540, 664069, 494926, 592914, 78605, 309869, 170626, 743736, 448061] 
Weights: [331340, 584775, 497199, 466899, 372445, 417134, 291128, 391568, 513878, 399731, 366382, 555486, 96389, 315616, 559378, 428718, 120929, 566213, 280733, 379648] 
Capacity: 604518 
Capacity ratio [capacity/sum(weights)]: 0.08 
Maximum value for profits & weights: 1000000.0 
Number of qubits: 40 
Profits: [313787, 949650, 215310, 236496, 927688, 658439, 973181, 56872, 773629, 22453, 586784, 921839, 335993, 257689, 829112, 203054, 879786, 783066, 527450, 331817] 
Weights: [674982, 536370, 170334, 616218, 196885, 92960, 659779, 498603, 608571, 750683, 586286, 636629, 843487, 555780, 753116, 620032, 754257, 692848, 887528, 529775] 
Capacity: 891812 
Capacity ratio [capacity/sum(weights)]: 0.08 
Maximum value for profits & weights: 1000000.0 
------------------------------------------------------------
Number of qubits: 40 
Profits: [307651, 433689, 386757, 152998, 681632, 761444, 369920, 865108, 742750, 651460, 869168, 342947, 764889, 296539, 159063, 142447, 581559, 79692, 613243, 990750] 
Weights: [477670, 488724, 223260, 459551, 238196, 295630, 505158, 491994, 520840, 519342, 327432, 535475, 257050, 562179, 288315, 248060, 450904, 311601, 133994, 331719] 
Capacity: 588538 
Capacity ratio [capacity/sum(weights)]: 0.08 
Maximum value for profits & weights: 1000000.0 
------------------------------------------------------------
Number of qubits: 40 
Profits: [590873, 905765, 587681, 431779, 293860, 23319, 464439, 943960, 517352, 138344, 654598, 966387, 856859, 330163, 911430, 988857, 75976, 104244, 835463, 820033] 
Weights: [594837, 690068, 820605, 438353, 677111, 433914, 725620, 455636, 509653, 464437, 693083, 605415, 660346, 723648, 436245, 657310, 540760, 457604, 191612, 44055] 
Capacity: 862207 
Capacity ratio [capacity/sum(weights)]: 0.08 
Maximum value for profits & weights: 1000000.0 
------------------------------------------------------------
Number of qubits: 40 
Profits: [746973, 619342, 766811, 357556, 651673, 794616, 955198, 26421, 452725, 302430, 52914, 329092, 368707, 694676, 586898, 648471, 178147, 632673, 139218, 456570] 
Weights: [753731, 473500, 886592, 636036, 610407, 495087, 216974, 691855, 692395, 835190, 383706, 761098, 805205, 746266, 313946, 667221, 665893, 586469, 242044, 44421] 
Capacity: 917395 
Capacity ratio [capacity/sum(weights)]: 0.08 
Maximum value for profits & weights: 1000000.0 
------------------------------------------------------------
Number of qubits: 40 
Profits: [868954, 224564, 728089, 969382, 368444, 228946, 707161, 22347, 521013, 658410, 537016, 789010, 38177, 399990, 963512, 694150, 310530, 671678, 500219, 13620] 
Weights: [457569, 809097, 408539, 473742, 93233, 849689, 762642, 532564, 778989, 810355, 219426, 681097, 686771, 829029, 347058, 472379, 338899, 338929, 807797, 349936] 
Capacity: 856223 
Capacity ratio [capacity/sum(weights)]: 0.08 
Maximum value for profits & weights: 1000000.0 
------------------------------------------------------------
Number of qubits: 40 
Profits: [262256, 631519, 296362, 867294, 453155, 632558, 84109, 163647, 338655, 339990, 362283, 743636, 539412, 399086, 625420, 795832, 584971, 751774, 301486, 799289] 
Weights: [527734, 809248, 952459, 557971, 541537, 339794, 792958, 544945, 525973, 941055, 365318, 900754, 593284, 404907, 673756, 848545, 588857, 261602, 714979, 644783] 
Capacity: 954568 
Capacity ratio [capacity/sum(weights)]: 0.08 
Maximum value for profits & weights: 1000000.0 
------------------------------------------------------------
Number of qubits: 40 
Profits: [85705, 683650, 825954, 117770, 104422, 16308, 508948, 675543, 799932, 385802, 120191, 915375, 445827, 97555, 898642, 126033, 662129, 232307, 810352, 767448] 
Weights: [563949, 700907, 447860, 485211, 210586, 394375, 427021, 391840, 548851, 692612, 408727, 433316, 556300, 312465, 498245, 629577, 500167, 690977, 95543, 558587] 
Capacity: 719980 
Capacity ratio [capacity/sum(weights)]: 0.08 
Maximum value for profits & weights: 1000000.0 
------------------------------------------------------------
Number of qubits: 40 
Profits: [412958, 97767, 725879, 693171, 915400, 235478, 758578, 334782, 102703, 195555, 702238, 586106, 288690, 397235, 799656, 941701, 656336, 314713, 874279, 855069] 
Weights: [479866, 795269, 544803, 263435, 781196, 247459, 782424, 790834, 807026, 867532, 830748, 620376, 225108, 586858, 410309, 558444, 799111, 412133, 179767, 315681] 
Capacity: 880120 
Capacity ratio [capacity/sum(weights)]: 0.08 
Maximum value for profits & weights: 1000000.0 
------------------------------------------------------------
Number of qubits: 40 
Profits: [772030, 468520, 371336, 837434, 254587, 884470, 650732, 978050, 713389, 438954, 308173, 608807, 890426, 386260, 497374, 470093, 765443, 71449, 979710, 116305] 
Weights: [633895, 406711, 519227, 980200, 681053, 538490, 251965, 923767, 926475, 390634, 917432, 627008, 855858, 829542, 976236, 912956, 136654, 332425, 523490, 599414] 
Capacity: 991405 
Capacity ratio [capacity/sum(weights)]: 0.08 
Maximum value for profits & weights: 1000000.0 
------------------------------------------------------------
Number of qubits: 40 
Profits: [556081, 694591, 936337, 225869, 746329, 840368, 640413, 247954, 95758, 348131, 337556, 898638, 808181, 978994, 471698, 433846, 188075, 100850, 274448, 886741] 
Weights: [447608, 292841, 846121, 708872, 269631, 936024, 959343, 370648, 844823, 787878, 331486, 766247, 654943, 211839, 994752, 948140, 484119, 953432, 980928, 954871] 
Capacity: 1026811 
Capacity ratio [capacity/sum(weights)]: 0.08 
Maximum value for profits & weights: 1000000.0 
