Number of qubits: 48 
Profits: [2897654, 2943899, 3961275, 6078934, 9289339, 872721, 1904988, 2011502, 263620, 4982600, 8254752, 4241809, 7448472, 1947349, 1284042, 6760906, 8555900, 9372167, 2633021, 2855869, 7155113, 661279, 2258548, 6128920, 9588985] 
Weights: [5469760, 7274112, 7605492, 4936195, 2939835, 7105313, 2529258, 8262588, 3375827, 7560732, 1106706, 3131389, 4175103, 5771848, 3921510, 4832294, 7270776, 2815146, 5863526, 3362959, 7022568, 3596543, 3563223, 5840237, 3344882] 
Capacity: 8377408 
Capacity ratio [capacity/sum(weights)]: 0.07 
Maximum value for profits & weights: 10000000.0 
----------------------------------------------------------------------
Number of qubits: 48 
Profits: [6364531, 6044144, 786914, 1293554, 89501, 392811, 2035981, 2939929, 5830672, 4205888, 885758, 8899535, 988157, 1649771, 5274940, 6797737, 5931415, 1880382, 1709970, 3316101, 2968981, 3250663, 2487539, 972613, 1870903] 
Weights: [5642170, 1055069, 1852128, 3297047, 2570474, 6596314, 6534950, 4032080, 5799031, 2807883, 6262210, 5683187, 5381143, 5488857, 3644772, 5877402, 3637203, 3364346, 5464854, 6888316, 5522249, 3668987, 7495789, 4269190, 2180017] 
Capacity: 7911810 
Capacity ratio [capacity/sum(weights)]: 0.07 
Maximum value for profits & weights: 10000000.0 
----------------------------------------------------------------------
Number of qubits: 48 
Profits: [7190258, 22862, 9466826, 4792739, 9229479, 3464929, 7300460, 8292332, 686826, 5693126, 6510832, 6875320, 9567744, 1244410, 5542609, 1365459, 5387602, 16312, 2072317, 3904374, 634852, 385496, 5845915, 697295, 344211] 
Weights: [5541249, 2825950, 7331453, 4131442, 3700813, 3119958, 2569212, 5426265, 6604002, 3368306, 6111444, 2542407, 4924724, 7711890, 5272279, 6863400, 7664219, 2114065, 3125003, 7172875, 5308600, 5703955, 5676336, 3908335, 2658575] 
Capacity: 8331670 
Capacity ratio [capacity/sum(weights)]: 0.07 
Maximum value for profits & weights: 10000000.0 
----------------------------------------------------------------------
Number of qubits: 48 
Profits: [5310600, 8241719, 7501821, 6909801, 4836533, 1857800, 2067691, 3749320, 4849422, 6355005, 5847340, 9277097, 3329514, 1720899, 1233898, 7261126, 4854126, 1910620, 6289006, 4877917, 3725350, 9917807, 1831979, 1860013, 9141603] 
Weights: [3755662, 2128029, 5693138, 5681709, 3283256, 5610227, 3610678, 3530469, 6831610, 2422744, 2573610, 3747799, 2142631, 5482405, 3445488, 6163781, 4918202, 3861710, 4968288, 4509248, 4555786, 2947117, 2173135, 7012762, 5497772] 
Capacity: 7078456 
Capacity ratio [capacity/sum(weights)]: 0.07 
Maximum value for profits & weights: 10000000.0 
----------------------------------------------------------------------
Number of qubits: 49 
Profits: [8512245, 926853, 7299975, 4799060, 4723304, 3581573, 6697519, 239026, 6838, 5840839, 4110641, 5259152, 4609910, 3080805, 2070100, 9500788, 6024293, 1298624, 2932440, 2285186, 2950430, 3464521, 5252469, 6599621, 3802514] 
Weights: [3539826, 6962034, 6004140, 4661216, 7950804, 7974942, 3867397, 5739860, 5253696, 6346745, 6998320, 4857266, 4002318, 6856726, 1967165, 1708645, 3095142, 7133424, 5055166, 2066034, 8007378, 4834378, 7072993, 1691855, 8290844] 
Capacity: 8685076 
Capacity ratio [capacity/sum(weights)]: 0.07 
Maximum value for profits & weights: 10000000.0 
----------------------------------------------------------------------
Number of qubits: 48 
Profits: [6365795, 2178772, 8560906, 8839338, 9669676, 7510721, 6560587, 6323246, 2977757, 716997, 6578136, 6569577, 2427979, 8812380, 9604566, 7703088, 2512174, 5077421, 3080532, 3262109, 5587524, 9034219, 3024818, 8438849, 3606851] 
Weights: [7063475, 2705114, 4948295, 4665789, 2582557, 5776553, 7496071, 2624493, 2348138, 7659753, 4343198, 4330268, 2370179, 2991802, 5750453, 7320483, 4570634, 6807636, 4373182, 4686005, 7681313, 5570658, 2665086, 5358953, 6311435] 
Capacity: 8170470 
Capacity ratio [capacity/sum(weights)]: 0.07 
Maximum value for profits & weights: 10000000.0 
----------------------------------------------------------------------
Number of qubits: 49 
Profits: [7071640, 2381095, 2605362, 9236015, 3971358, 7703098, 508946, 6570894, 1051216, 8639795, 5022140, 2315009, 6591770, 6940685, 4804714, 1270658, 2120102, 3583684, 4694116, 6062649, 8838213, 6976210, 6038757, 421923, 16274] 
Weights: [5319435, 6695501, 9561842, 6173395, 9488567, 10058572, 3311689, 6305297, 1896637, 9655622, 7019691, 7119990, 9253377, 1472768, 8355149, 9810697, 9187824, 4994933, 7655952, 2770786, 7505459, 6571736, 7679905, 6864347, 5463879] 
Capacity: 11545752 
Capacity ratio [capacity/sum(weights)]: 0.07 
Maximum value for profits & weights: 10000000.0 
----------------------------------------------------------------------
Number of qubits: 49 
Profits: [523399, 4618376, 2673839, 2260152, 9398500, 1214463, 9179179, 3102, 3006844, 4131895, 7287107, 4166273, 5488396, 2251342, 4753515, 9890302, 9732322, 5017895, 5867676, 8527790, 4359916, 9249314, 8635579, 1957247, 7214812] 
Weights: [4186226, 4008174, 4657651, 7828587, 5002522, 7736104, 5051380, 3691740, 6314844, 5105428, 1218884, 7352899, 8646524, 8472673, 2576800, 9264493, 4127907, 8964843, 3734286, 1296460, 5043602, 6466536, 3117586, 9111887, 1727100] 
Capacity: 9324141 
Capacity ratio [capacity/sum(weights)]: 0.07 
Maximum value for profits & weights: 10000000.0 
----------------------------------------------------------------------
Number of qubits: 49 
Profits: [5844552, 7574749, 9607376, 1590675, 742843, 2382764, 5503878, 1147796, 2541891, 7640010, 4155697, 665199, 6161462, 3079231, 5262379, 7780351, 9438004, 9291161, 5200946, 9679833, 9242724, 7089977, 2797649, 819401, 6979126] 
Weights: [4902831, 6556070, 5683720, 3011398, 2855830, 8086324, 2481139, 5114893, 8208059, 3396160, 6849812, 2459750, 8163725, 4894048, 3410449, 8314533, 2451152, 9098164, 2520736, 8382498, 5306415, 6742884, 5345035, 5917144, 2339862] 
Capacity: 9131195 
Capacity ratio [capacity/sum(weights)]: 0.07 
Maximum value for profits & weights: 10000000.0 
----------------------------------------------------------------------
Number of qubits: 48 
Profits: [9145043, 8918628, 7413302, 6540373, 2818688, 1358739, 8204659, 1580503, 8669276, 6236124, 7019048, 6059031, 8023083, 3512654, 7705098, 5385082, 3892247, 7535161, 714518, 365579, 9455614, 3666060, 6954176, 5620342, 9198235] 
Weights: [2540989, 6807141, 5088876, 6856993, 4646293, 2440008, 7375496, 3963198, 2865280, 4717298, 4041170, 3233900, 2617127, 7722972, 3811703, 6676933, 3875436, 4258213, 2372681, 7586466, 4672779, 7299363, 4937583, 6253940, 6526815] 
Capacity: 8187891 
Capacity ratio [capacity/sum(weights)]: 0.07 
Maximum value for profits & weights: 10000000.0 
Number of qubits: 49 
Profits: [6922317, 8024593, 2988948, 8178623, 4253398, 7826377, 2985026, 5252088, 7061727, 5012144, 5013489, 4958752, 6115063, 4134012, 8736096, 9153136, 2523510, 5857751, 2771070, 9013462, 5652495, 3416684, 2523699, 4554741, 8979149] 
Weights: [5039799, 7406192, 6448761, 6806068, 3306139, 2986641, 5169966, 3107319, 5903478, 3858430, 4101230, 6534156, 4116761, 1373202, 3219535, 2146805, 5878550, 5849800, 5066460, 8489172, 6835915, 5900282, 7462689, 7373453, 7997608] 
Capacity: 8727661 
Capacity ratio [capacity/sum(weights)]: 0.07 
Maximum value for profits & weights: 10000000.0 
----------------------------------------------------------------------
Number of qubits: 49 
Profits: [1163525, 3861686, 4363735, 2833462, 740224, 8810593, 8978917, 8712756, 5929592, 525602, 9491691, 888699, 9142242, 8732416, 5645330, 8394193, 1402896, 1270270, 4628758, 4335710, 3903877, 7671589, 8729385, 5777930, 1972171] 
Weights: [4718274, 8368469, 4313212, 5506549, 7135497, 1208604, 8424978, 3049250, 5870366, 5933876, 6589705, 445477, 2876489, 8513781, 5181757, 7362192, 4837095, 473636, 4244365, 6724206, 437016, 8202412, 5937744, 8740828, 1928017] 
Capacity: 8773988 
Capacity ratio [capacity/sum(weights)]: 0.07 
Maximum value for profits & weights: 10000000.0 
----------------------------------------------------------------------
Number of qubits: 49 
Profits: [813456, 1342065, 8377335, 2611887, 8913184, 9139634, 5711070, 742931, 7029544, 119059, 4797114, 2016415, 6622583, 2161461, 1934295, 6225220, 278562, 3609433, 2673621, 6734090, 4500305, 5765992, 176968, 4863834, 7516341] 
Weights: [2338774, 4067701, 8366076, 8349589, 8119977, 7128788, 4464684, 4152384, 3331835, 7370087, 7617219, 3296584, 2902964, 8346336, 7083168, 6334817, 5443693, 7345198, 8855075, 3542282, 2925484, 8701906, 1647359, 3393683, 4602579] 
Capacity: 9502834 
Capacity ratio [capacity/sum(weights)]: 0.07 
Maximum value for profits & weights: 10000000.0 
----------------------------------------------------------------------
Number of qubits: 49 
Profits: [490721, 732195, 6259669, 70746, 8638806, 2875601, 6679242, 771281, 1147159, 741554, 3674064, 8466412, 2582364, 8307360, 3986055, 1346326, 6227212, 4009742, 9446002, 6604269, 4218989, 8346292, 7242557, 6142371, 3820803] 
Weights: [4362090, 6404051, 10108070, 3932333, 432319, 1273434, 3205787, 6288305, 9450123, 8649389, 4357908, 7125963, 3576762, 7456860, 4775735, 9352236, 8460898, 7537546, 2865879, 5370409, 7455259, 9944438, 10166387, 8327926, 8809326] 
Capacity: 10585324 
Capacity ratio [capacity/sum(weights)]: 0.07 
Maximum value for profits & weights: 10000000.0 
----------------------------------------------------------------------
Number of qubits: 48 
Profits: [5760449, 6432562, 8852506, 3270363, 1526535, 8547186, 2834669, 4079379, 3944230, 9882847, 861746, 3585835, 8492700, 5213904, 3794133, 875501, 5103645, 2154789, 5848356, 2029031, 1395972, 9434208, 9494018, 3936045, 7866255] 
Weights: [2181139, 4850513, 3102596, 5474714, 1367221, 2953811, 6805422, 2621511, 4046521, 6720395, 7428066, 4434971, 5289119, 5336151, 3168077, 7193540, 6005325, 5700932, 3476748, 6072130, 2399221, 3238259, 4956564, 5928628, 5265479] 
Capacity: 7756521 
Capacity ratio [capacity/sum(weights)]: 0.07 
Maximum value for profits & weights: 10000000.0 
----------------------------------------------------------------------
Number of qubits: 48 
Profits: [2332708, 9350633, 8295687, 4171567, 3609522, 2945532, 8015880, 6822154, 9325338, 764662, 262763, 320779, 7111080, 5330182, 2262023, 3403101, 521959, 1477356, 6721160, 7984245, 7229773, 9103510, 5789792, 8003337, 4247194] 
Weights: [2991774, 2731472, 5707617, 6372477, 7811444, 3152214, 6226098, 7656723, 3225330, 6004979, 5997375, 8274374, 2437557, 3132820, 7531484, 3544564, 5306290, 2215147, 3080295, 3610896, 4088766, 6994095, 2630345, 8243224, 4288117] 
Capacity: 8330557 
Capacity ratio [capacity/sum(weights)]: 0.07 
Maximum value for profits & weights: 10000000.0 
----------------------------------------------------------------------
Number of qubits: 48 
Profits: [6018808, 6716197, 3284636, 8161964, 1504014, 4684832, 9668372, 9497391, 4695990, 7373792, 5786036, 8341718, 2026247, 8075479, 4165447, 2163689, 2435668, 4934029, 6251500, 9982741, 3726553, 3508701, 8697981, 3283162, 4584365] 
Weights: [5042319, 2408744, 3470016, 1831712, 2133612, 2246798, 3123502, 3751501, 3278276, 3741308, 2395024, 5882580, 2209143, 5096419, 1526029, 3768149, 5822538, 4591519, 5217399, 3869216, 4390847, 4220995, 1456972, 2341057, 2238590] 
Capacity: 5888054 
Capacity ratio [capacity/sum(weights)]: 0.07 
Maximum value for profits & weights: 10000000.0 
----------------------------------------------------------------------
Number of qubits: 49 
Profits: [6667687, 9030205, 3381922, 956222, 2837629, 498708, 5953368, 3503350, 2140295, 7539305, 1218720, 7567838, 4888166, 1075310, 7907290, 7849692, 2621655, 154931, 556208, 6205579, 18096, 4559598, 3367580, 4364776, 6923732] 
Weights: [2060323, 6442616, 6565900, 8627194, 7003657, 5640008, 4954135, 7887664, 2918582, 786804, 7421341, 7681799, 3400213, 4000665, 7689420, 7143480, 2269320, 4587079, 9171145, 5525805, 1987970, 6644627, 3568068, 7517864, 8583502] 
Capacity: 9259549 
Capacity ratio [capacity/sum(weights)]: 0.07 
Maximum value for profits & weights: 10000000.0 
----------------------------------------------------------------------
Number of qubits: 48 
Profits: [9727207, 1519999, 6817127, 9034552, 4500375, 6282218, 4977959, 7409989, 7551800, 2649349, 8741184, 3361302, 3714123, 1048229, 2226461, 2319797, 9442313, 7263898, 1182940, 41311, 4834060, 4185040, 2917929, 6516044, 1639386] 
Weights: [5184038, 3400359, 3229050, 5936533, 2340292, 4037949, 6121190, 3911512, 4395842, 4737552, 4135339, 4280790, 5149154, 2835552, 2257000, 2856004, 2850842, 6570720, 2603547, 4814938, 3613071, 6801493, 3330452, 3130427, 4249678] 
Capacity: 6909827 
Capacity ratio [capacity/sum(weights)]: 0.07 
Maximum value for profits & weights: 10000000.0 
----------------------------------------------------------------------
Number of qubits: 49 
Profits: [2131919, 3078660, 9880006, 1573443, 8448605, 7239045, 3195639, 2910492, 3722341, 9595112, 273109, 3850622, 4210073, 9087374, 5377953, 7902145, 3052445, 1324510, 7140615, 9721228, 2554485, 5456426, 1378215, 4443069, 4417441] 
Weights: [7202959, 1475763, 3783851, 4040356, 4850810, 6730759, 4379676, 4836088, 8818496, 4226406, 7583327, 6747498, 2095364, 7845892, 5346735, 1761869, 6859764, 8651270, 7081419, 6964314, 7233410, 7141744, 5659027, 2340053, 2204030] 
Capacity: 9364394 
Capacity ratio [capacity/sum(weights)]: 0.07 
Maximum value for profits & weights: 10000000.0 
