Number of qubits: 100 
Profits: [646419011730, 691121324425316, 148650568552854, 255016273222980, 444118501164213, 736472602426740, 247780994853140, 203865864725849, 361031297709959, 568569119298334, 768741013937675, 111295606501101, 962766748182025, 221586939147459, 75693156431655, 238024175944960, 970041120728830, 110008718060091, 302579183841398, 26822268282496, 792841534380586, 37862032683150, 756534616883841, 446298597828065, 343403935008686, 669719748754617, 716310635765483, 326377993909135, 856361919322458, 554805007343921, 191408538609381, 342328351077130, 46732055967704, 111025978178809, 794244385924569, 500656371841031, 592094144052296, 609984661526496, 772528976363423, 537089080841972, 112010946031819, 955586391506530, 726056756965508, 631196237390370, 711941377627437, 528131179842289, 5082932401275, 921717495397252, 137119994422460, 453333450245543] 
Weights: [340788646786162, 292878847721811, 483829671818174, 136627524671729, 265990449127275, 584794758557126, 407453589452951, 444580105043663, 674543126284436, 355872181679130, 341586329493516, 331116615932967, 786607538703853, 515988953133000, 472431979496737, 762064400527901, 568797897358396, 285990869579497, 710146222629980, 198883978183968, 385462648627551, 448189411023956, 677045204588994, 725180513508836, 704280884261075, 753140459950229, 531068382797168, 477261422458901, 526022925399225, 629509313289319, 746013923912191, 390282801992388, 282244631562536, 424012849069311, 683428039413076, 417577266513950, 690853459867310, 707864455894206, 321040782730462, 351303601477026, 619316774462761, 697432871039664, 772064436320724, 752510233625199, 752420730526880, 750397609857327, 437977122186885, 374984002510639, 724840992912070, 163109798931702] 
Capacity: 835736767893768 
Capacity ratio [capacity/sum(weights)]: 0.0325 
Maximum value for profits & weights: 1000000000000000.0 
------------------------------------------------------------------------------------------------------------------------
Number of qubits: 100 
Profits: [37517257222233, 936736522144692, 404660202506759, 79324623507982, 885906457483350, 513687728323563, 422277583768512, 286362261887616, 628698893455208, 617644088373187, 276517181042437, 787213968874071, 621960088139815, 592128684511060, 104294364501240, 628997290806647, 430382340895798, 249123289463192, 529433898417943, 800387601883858, 917079018523798, 495860643311359, 831866482441628, 692587738541333, 843491856896460, 875211035752040, 732890696673662, 159873965318197, 101660244717410, 562634247857392, 183287278253466, 545958369025205, 960100088193456, 386285435203703, 976647049955126, 551323348182938, 541250633153169, 108697875597749, 699353546561984, 881349315559372, 377379605859249, 627551214732242, 771312567105275, 137096159840226, 424532829359288, 520492067073140, 763376199276617, 593515282818572, 215123443630600, 446383464061432] 
Weights: [198096490281061, 334407549828088, 699264074020179, 728015942016710, 256275956377666, 640866918679241, 214085574287436, 561062557973107, 238533902161311, 654835120421269, 595349511831316, 760513453415777, 740679157291683, 719038760735161, 281606460682256, 254035921744334, 628373097224777, 516880547670729, 660624843082199, 764780984925460, 370087758608077, 728556143344282, 547432964740234, 298302081303708, 418633868477247, 247147703058229, 759320551146083, 691300455991899, 228229637177724, 518197478419013, 508121929323122, 711918721627558, 760361171342923, 298791016827407, 359127870514707, 539115638259945, 89278454321249, 732839467391536, 510811490513900, 628304399112868, 768556331087103, 444977361290140, 398572497172698, 296585945880065, 303810083344405, 185461244728682, 488130473720410, 580609010846594, 305693381714285, 330722064285475] 
Capacity: 785486284221477 
Capacity ratio [capacity/sum(weights)]: 0.0325 
Maximum value for profits & weights: 1000000000000000.0 
------------------------------------------------------------------------------------------------------------------------
Number of qubits: 100 
Profits: [221806430765188, 77698767222862, 133142633515216, 6043972651870, 555164460708762, 734520493906719, 257043697869671, 173055888128047, 229455444716775, 747247001871870, 550997994132185, 874748449994815, 48101757860279, 59893153238253, 614957425160395, 143878073840843, 678516826670879, 786016382024800, 860809798584704, 180604238336445, 810069740566066, 461655268242508, 305740427743144, 281652460885092, 957640419278914, 101633015666523, 711615634603134, 981927476987617, 34810096787240, 452232525405222, 380748788156430, 425928720874247, 63943017043303, 633695255971397, 453878531201319, 691074007217900, 933081855078561, 11233825977024, 463877513475519, 873388035864198, 95025134957123, 864625182921640, 698908590866064, 184265027742246, 567258006178001, 60671786349992, 198799914842751, 398220180658643, 738732945167744, 182856582743713] 
Weights: [540431288347087, 713256276616018, 337531377345314, 308003666883663, 697493041671759, 699075171145895, 399852985747346, 615761757549378, 589173963419037, 550155552863481, 649771121975752, 349713173604513, 547580650438423, 75771317428246, 737077151080403, 529178500542081, 731161865504390, 527461987480652, 384821818001815, 258135804606261, 741286535607377, 450017295504962, 317445597409382, 721294577051590, 195442183867556, 371871607386281, 308339093599049, 442213005172784, 559366682461194, 417190230099998, 533878458834673, 397408587814152, 420070892479049, 686841122029406, 551555211083557, 327319343649056, 639167782237687, 449477228091565, 556776268267277, 556209730034387, 556303069847195, 482462340471339, 467614308670778, 702515104617119, 586260425839799, 626445764827429, 769916111886319, 118894553356744, 510889368036740, 557603912985315] 
Capacity: 803318233719128 
Capacity ratio [capacity/sum(weights)]: 0.0325 
Maximum value for profits & weights: 1000000000000000.0 
------------------------------------------------------------------------------------------------------------------------
Number of qubits: 100 
Profits: [234173903618646, 214279575803808, 222017646789001, 997219450131483, 572526603865975, 353394142308843, 884421326847685, 970310725404684, 50348152115370, 568970200647942, 133709577777719, 760120472838373, 253518295409079, 196081067915138, 840762346631898, 637361558119225, 222923728969667, 962207994922752, 307930783334412, 324259071062061, 999616877768974, 885070989554388, 790780746617308, 79415937719809, 565367616289630, 288534626525479, 45208502574029, 515382904053398, 764175804580275, 474134572831724, 12855369810101, 238797847914594, 335847127728088, 685427614621573, 423413690267918, 787084779496198, 898012496458225, 775367619139276, 181002038653136, 608251021068544, 305644677749309, 428384865917462, 871512150895890, 792362605870293, 663366574880427, 684441846826068, 654138487381793, 34761432087942, 59591094615619, 438523229460522] 
Weights: [291579787623922, 725834206804567, 700392695264648, 328891217398357, 418006273910620, 100451664872940, 329920191401202, 667845572660487, 773267748662466, 303737008283895, 682948195752883, 332695279053676, 571735615398716, 237669869061572, 835612637333343, 361516608001523, 801273064467405, 782678581725993, 715080353269073, 803964167769704, 879714473313404, 745446322576445, 560531347121615, 310575323819535, 319609976680327, 866799627153390, 480990118259838, 848759006839241, 377392783369495, 547541752478018, 198511308692123, 314116349149767, 808041237676322, 499863217759827, 729655858175097, 858256981721338, 612810371214699, 539648339527654, 253633737996718, 317556798557914, 564579931184834, 684340412193051, 816506993034578, 617827067706086, 672754242041996, 475879702094402, 152912512533417, 463909199488827, 812927533992187, 193608485172901] 
Capacity: 880636929961419 
Capacity ratio [capacity/sum(weights)]: 0.0325 
Maximum value for profits & weights: 1000000000000000.0 
------------------------------------------------------------------------------------------------------------------------
Number of qubits: 100 
Profits: [129726791034366, 194587770469337, 579725240109269, 825867233459720, 977605258014421, 15573746184572, 388512229438869, 43134036741879, 970887714067789, 184606972471627, 736402912442667, 792760635200015, 537373023336334, 899603671238311, 276607488352695, 794566100445704, 147698805546828, 241584055592694, 249002830507052, 999318999952958, 461983981938930, 356151630733528, 172682476125417, 762201187612783, 582633882944764, 160192702493566, 712471489125152, 18129331790233, 711204121518598, 177134217246855, 848176490528156, 860354586871549, 643558627387157, 323908352101186, 929924254638920, 132586621869495, 389640546319281, 717491935685626, 651857841906918, 427329506472767, 351164473468543, 980453255124149, 216880254261170, 908731977800207, 239097679283753, 50666609073551, 32893345912350, 671295824910204, 525736583841778, 531383662945061] 
Weights: [538343541768836, 729383623826109, 774008673477270, 705020700447974, 435802734247854, 637082396706138, 311008443680088, 261756922697529, 290763396809930, 562120448820127, 464835527669862, 700093265624518, 406773610200508, 383264293765421, 269941388000555, 822705330004450, 242618021897485, 776431398074496, 536812447612593, 512834900422047, 723649497280148, 474416534168756, 630504779330665, 430907918469824, 285526917473072, 319289298272486, 654196618833058, 223797484398179, 302121175102674, 285048729675786, 706934196696838, 293432042686183, 747670364430716, 810901595914203, 517437474993093, 427518241294791, 256878830186393, 588829421868997, 633966216477788, 229211047307967, 739884364024803, 838445922515076, 654865250593721, 739317016823706, 768377137469043, 602494474156265, 417684870924736, 614990472136317, 801518515901930, 796602613443254] 
Capacity: 847654151804475 
Capacity ratio [capacity/sum(weights)]: 0.0325 
Maximum value for profits & weights: 1000000000000000.0 
------------------------------------------------------------------------------------------------------------------------
Number of qubits: 100 
Profits: [768418961039995, 501043389710685, 901411157614683, 411866033951456, 49324405658285, 404602013308381, 282735647980609, 691284397877154, 841818198534180, 649657735014795, 11313662998894, 39852973016496, 776337082344769, 247014993002206, 376593803025544, 710357839498456, 508374955523661, 679401831361665, 400258076807516, 920776176450182, 698326696417309, 868243772261656, 342127903815932, 765826576945002, 107999134178763, 50391164137834, 424539238511750, 840558032477827, 750461203008495, 861151760943741, 824775241834990, 759895064384326, 715934740782828, 241928951021673, 678802117395468, 116258300045035, 325278926013352, 595436005112687, 677353735424367, 735145117744646, 447867777904370, 472466133491679, 732653285600195, 668469119254411, 334993239539674, 677049273147273, 467776902441985, 768229485116046, 681115722053703, 61971249975719] 
Weights: [525186590927034, 668159367079588, 475647713169116, 485076183152296, 306222251310592, 379116499353996, 435781735413761, 439958055912868, 204692148302719, 71603100406160, 567649286774081, 325896559954079, 700431782086177, 518646600340595, 477834919786352, 594262571564059, 299635002987440, 678176691820978, 384140325755743, 526939979105046, 438182637903111, 309821523741223, 573374981777459, 337284645238943, 638264246661263, 358867015081655, 676603775768301, 539690072532864, 93860379356213, 341250999456044, 304756341982115, 137529598295741, 337520060221820, 698461360535959, 107729421665259, 364523424643486, 624512199200123, 600726851036470, 563454028728407, 533620674414903, 377560591747663, 488742039530385, 439758553990015, 608849236119163, 435629560876244, 182519401926725, 655843201284840, 646403392786847, 302510824815264, 436415283623108] 
Capacity: 708796394411283 
Capacity ratio [capacity/sum(weights)]: 0.0325 
Maximum value for profits & weights: 1000000000000000.0 
------------------------------------------------------------------------------------------------------------------------
Number of qubits: 100 
Profits: [969835125559750, 542189975958305, 252654521500671, 346693102939485, 740231058433082, 928341924999438, 224187385321624, 273077872822566, 967361717209355, 121062156522460, 352997057915252, 407899191379115, 848007786172369, 273291294235335, 182281026987979, 969946990194429, 287055040980360, 221601230684266, 780566471267755, 153690598600051, 143794304898738, 164646427374676, 354038153592688, 153818321630334, 663867153129676, 490252673772224, 557259776200403, 397668824307398, 934162616705081, 463422360957132, 463549152908889, 926329634960224, 861041768646874, 390754821727791, 93886584195477, 544460133858804, 457073828481928, 821712685920928, 921601087830243, 729619065195843, 957042893638341, 546704870432989, 835218987171979, 816369949167629, 486783644838499, 665564268326401, 72132416103951, 743367080927253, 941441987395538, 713671207288697] 
Weights: [446418482810610, 774062315294285, 422549877787453, 596763093387786, 424168382463855, 653406293671258, 748800540850019, 194304300444544, 615443733857040, 471290236803368, 709617614729993, 271739514855575, 103083195107542, 766026205532509, 570478129366786, 483849066469360, 363686884560369, 437119453455538, 432881482836600, 522657548485291, 730919476870966, 586442056104515, 524886644025714, 525785844382932, 328229662203817, 469440831510423, 467887275101845, 570541755192097, 214946182377064, 460742107604558, 215959422495642, 533593845049128, 440394639452617, 361103537566025, 568469880806711, 464685923605943, 488385925253111, 621901204118950, 317313318569855, 437242480174264, 492965907571720, 469020978623131, 392263676718105, 565366600949510, 268707933962219, 465895068456219, 765814153208152, 723078784625415, 581555961832360, 467410088439438] 
Capacity: 782404570364314 
Capacity ratio [capacity/sum(weights)]: 0.0325 
Maximum value for profits & weights: 1000000000000000.0 
------------------------------------------------------------------------------------------------------------------------
Number of qubits: 100 
Profits: [498724670013602, 931449935626506, 362849416670671, 233871495854785, 60441126499638, 678081992832118, 64173043480803, 298132484565927, 71104043332930, 292404974337879, 385303802720212, 250662075743867, 891652267901822, 704819772406576, 708558682067520, 531007756636613, 456482030218623, 701996884524677, 401157811557662, 833642167488945, 93527375238434, 328241438208120, 824180209369541, 673892593117799, 941396029402020, 505117635552585, 869429845047766, 219069016982945, 149435233723730, 606540685698374, 956579562001448, 903364251822991, 622953089204769, 834474982983529, 945980875162015, 432427892231849, 493386430428141, 522351688070610, 375701286535931, 722598269092934, 596222136302855, 519774351447752, 371907929066921, 403239583656295, 77155928792627, 15679007285814, 836494198087824, 647231043710583, 13354411062625, 372728618063729] 
Weights: [424279633824911, 382966022074966, 364584518796031, 643564081973448, 728044421320211, 202332546343175, 619833118642472, 699712789795810, 232303992393547, 311352220126745, 825002239805796, 349395085273142, 236187186395073, 808763867570510, 659052384823585, 551754248127454, 503043679694030, 573425704570924, 280301697650784, 549327232541789, 707306038349003, 692367815415360, 744990588065259, 236720934755768, 660046772221747, 369674359904914, 595050285111922, 560119703014669, 730330411044829, 286806630570762, 329603056339023, 411305064920014, 810152556250934, 327729910931018, 305263416931844, 620101604567229, 823189431602459, 470444305688032, 480482749727731, 735457512175598, 775173106091783, 344688783384853, 280171254437965, 582684830144862, 429603636296738, 679652513873912, 192464596351581, 819357351650779, 632758072806911, 682567681959332] 
Capacity: 833468391881047 
Capacity ratio [capacity/sum(weights)]: 0.0325 
Maximum value for profits & weights: 1000000000000000.0 
------------------------------------------------------------------------------------------------------------------------
Number of qubits: 100 
Profits: [501184095770837, 734505173070666, 806375352039233, 598506776037652, 480681765077568, 132156324855730, 36193318284290, 19118302647735, 635405779718975, 280816405230817, 270744721371631, 466453411595605, 470504044911778, 428725433373976, 706510272652172, 946668460962142, 891088133217366, 874610175549827, 925428002544478, 335629352399479, 748056196582026, 800424223469624, 375348801069215, 201757262102251, 293872260451426, 820874711601266, 493551725709124, 338782127558630, 206906716151142, 22865384543514, 417869767088101, 774199781672597, 297423874906421, 599128802947357, 861938844446469, 582641065257789, 383417230546246, 644039649328085, 324658870426803, 62445838421863, 95547680078684, 821979386390272, 121117614022353, 176955647373575, 398157590907883, 461782357785419, 720167302597550, 413376257796285, 393503451070118, 207965860185864] 
Weights: [487426641422154, 384679458011717, 562241679889351, 707873864038166, 490728205234050, 581519800903753, 229479651331115, 207873081362745, 479537274341592, 460248970112226, 458509073015121, 356499570606890, 671019270961032, 698804958591600, 479223579106313, 221565728658957, 707051462002695, 575819115989078, 404945060501937, 419477426504341, 488228663842930, 561129202557534, 221487178308643, 217962361547043, 686008223294611, 539218583350044, 378639332397064, 469475189596559, 647663337301600, 655786442412755, 572836645490665, 440886685700500, 296012777735267, 535667929527582, 301825340492921, 225944614241867, 608779892653615, 656645337125501, 575759484195506, 254418240510500, 318932061800374, 337016823084202, 725532913411067, 324390636544952, 531423488621871, 612211618631646, 535751640388039, 341714816800458, 458561442968533, 574475330548071] 
Capacity: 751391451290481 
Capacity ratio [capacity/sum(weights)]: 0.0325 
Maximum value for profits & weights: 1000000000000000.0 
------------------------------------------------------------------------------------------------------------------------
Number of qubits: 100 
Profits: [947477918109021, 497796079072281, 153428929770335, 397744258477123, 314463412756421, 289707736139450, 661176383465528, 978012329416882, 2969777305909, 780744246348265, 560653563009724, 347473278017356, 70406568746821, 239556825533687, 195755759770284, 568262266511369, 558247826168968, 33139456537947, 544284348932356, 779894966229126, 970473268380055, 766570725492986, 743361856429506, 932449777391456, 741109068490239, 592066891399928, 514620055080785, 110105812431414, 286130377694778, 580107703003809, 910017833608088, 821380134757709, 720362926374493, 647263744766935, 841123880524317, 364570906480291, 888814514813423, 660636275446858, 492014906463487, 809732729196792, 305862361660424, 387226440835469, 656465225051931, 451673478646349, 439427998912909, 265377911228621, 837656701893563, 843530643738507, 482916566556967, 998563202056219] 
Weights: [195770463125099, 497932869480961, 419581828351796, 561888564673093, 39452030118536, 199904619250609, 579521062573838, 783677924240816, 440697467133674, 711819899520773, 469762222341460, 372238003464603, 316786983333619, 616496786874622, 642944122175237, 534717804198431, 652600459111859, 586586562463081, 565132438395222, 293192551472382, 578041858133127, 442797584835015, 666805490177716, 566666025714017, 622967850015018, 465349141342099, 764969493154692, 662166726536084, 379741073848801, 627005425764641, 276543456953002, 106523461192540, 418912824085672, 760715871571715, 348786536597776, 624303441450329, 456412730515591, 752148649176887, 249804117411157, 447986914521341, 424915625942580, 186014753414004, 477101610070795, 606133031739462, 779015871686580, 403627118429271, 392251953821785, 559941930358185, 619189130446565, 194054656333505] 
Capacity: 785373613734901 
Capacity ratio [capacity/sum(weights)]: 0.0325 
Maximum value for profits & weights: 1000000000000000.0 
Number of qubits: 100 
Profits: [322882923657190, 208950852688637, 157377245678441, 520484545564379, 392323779398339, 763707435882758, 650129913019225, 137730525643924, 468192062898865, 171571213800266, 709388941945534, 81024037940534, 249916436398024, 662578731047922, 173503186862338, 451082174110264, 835290920510703, 619089035421825, 963782775405614, 251978541330584, 517462419174437, 103782757683666, 554767196928156, 867837773129604, 937689106659594, 712579702862123, 923800100008350, 557338238889239, 76432997210345, 237714575606073, 881490602715528, 738783668405546, 415122418985923, 570101973226814, 125970057789489, 674207656751471, 43611244865034, 97554736110695, 271215439753023, 646901624192697, 751312938624076, 250313543769855, 974805922764056, 156947485441871, 502214041367705, 64204462907953, 538749737954798, 411866182357172, 45742101034467, 295423543280980] 
Weights: [640841845876021, 212976986091189, 510550151245306, 581485505146776, 595955352846548, 488878161754207, 518816781476343, 680571954258655, 494107286154814, 394905913537993, 477366552675869, 142430297228655, 196742454064758, 355004153066636, 550612434869866, 630765563440563, 482842187081391, 201097228982323, 330539312886613, 472886114197865, 530824167600334, 357447188634378, 765180763011777, 435355953185886, 643535918690915, 629483364679812, 511328667117639, 50314086245376, 519614831782551, 497626926066650, 321244233486884, 317243572026201, 393444314516624, 525001482463917, 401908704896823, 478359698310696, 654991916572562, 736847792952577, 788229950352243, 320999292921647, 772593912151020, 749273723640347, 669819771454709, 685502597118181, 631720608108037, 124314872206159, 704584479420389, 667719527632727, 426686894850318, 309985127340289] 
Capacity: 788860778088446 
Capacity ratio [capacity/sum(weights)]: 0.0325 
Maximum value for profits & weights: 1000000000000000.0 
------------------------------------------------------------------------------------------------------------------------
Number of qubits: 100 
Profits: [300784811243877, 734156673417298, 63605383031919, 581389196095194, 533690713426880, 998216424026537, 656201264435312, 914745847172592, 333679950889996, 341730408161794, 250847364966415, 155433806516236, 299239551335758, 214226404568668, 893092918717257, 857210760620688, 543061048209500, 162396718298357, 5933086890173, 855299131033163, 257565530610368, 888328572384549, 944771740193145, 654303001895765, 296707826070743, 134254829920507, 75221969995021, 617257066925441, 188217131763428, 495786034716343, 743734672262315, 501012480862465, 403470947657263, 803907870579485, 843475564569830, 424338631955792, 268721726511847, 730129131194928, 878705767462726, 15101449714329, 557208032758809, 660237520118444, 104459184332067, 523842130122048, 385380495178419, 204986666328621, 110818369141020, 839589908303574, 37544920922949, 174545208993453] 
Weights: [420646155560257, 789378446251292, 713340019978770, 518763926792728, 747324394128641, 254522552793048, 257986345371017, 791815810107159, 762092725212280, 707720848840955, 780521848256353, 576286851342636, 680580531667656, 294406973321025, 679527375873515, 372292958539038, 425104771343748, 181406754327554, 516069067597296, 222899174311709, 672711872220418, 589398092554921, 210131475435415, 457213529572061, 217778329064535, 382517218991552, 620029777781081, 366011738330947, 242980798376232, 468370961986031, 548963297799609, 635661501873305, 305747135325148, 195163368320328, 690441454012737, 678635809569428, 767966111168815, 681405285666411, 291153782168826, 533852204567407, 277410959447283, 270718178866643, 762500166566197, 192135741067308, 679634306493089, 511441706435055, 677002766062861, 811920419337734, 699247255795759, 200961663669956] 
Capacity: 816778440561908 
Capacity ratio [capacity/sum(weights)]: 0.0325 
Maximum value for profits & weights: 1000000000000000.0 
------------------------------------------------------------------------------------------------------------------------
Number of qubits: 100 
Profits: [404613153660807, 954064031329523, 770446148090080, 749885366920339, 292905656646809, 333839292692721, 78029407478840, 550112105607362, 676675047710094, 955991789335851, 314314099326558, 392170192638735, 124381731411526, 973081160752570, 776494456365878, 565472755222760, 941281708503031, 399539350685979, 296188439150944, 16062131394969, 551288612281736, 554553885898737, 473107390416050, 148619278303525, 918573320913956, 244303852583438, 731151158755302, 219703904194470, 337343620905940, 729722695772338, 64106975999917, 77019495276949, 942638853510742, 760809597109795, 676432751275578, 624291767798954, 383887248197375, 109260170248578, 623896279603611, 22391906271788, 140800915687392, 605231314447049, 559390554719766, 48557520037538, 186068146251836, 848422248608652, 734404829400183, 111938637452576, 703757989227065, 833808847186785] 
Weights: [173193163438456, 379750785143833, 644501864507505, 762495040936313, 740398832829943, 510985327553513, 467467223133826, 405438836452321, 319758106943390, 359438041989079, 520467873340944, 701864316313292, 193390766118042, 626411070731721, 703081264992093, 249547569320751, 684135190541229, 233722204147442, 535117807700013, 500992807333983, 601654151662616, 151498309906326, 697349837820942, 528002731078212, 493258429025686, 759557180623780, 595417493965321, 432500765926201, 551862623949651, 715961724888166, 260276158176332, 368920843991564, 598862815136419, 313635785645894, 488714797113285, 574951058428775, 488889406498529, 182143193792170, 354330101048983, 419681197402103, 667278591389120, 556535789778569, 675118855177655, 429515100315082, 357846615897263, 384435942915737, 563643624179883, 347517509583088, 469547558448442, 279361823659719] 
Capacity: 772028088058860 
Capacity ratio [capacity/sum(weights)]: 0.0325 
Maximum value for profits & weights: 1000000000000000.0 
------------------------------------------------------------------------------------------------------------------------
Number of qubits: 100 
Profits: [776887850837533, 502604607754897, 926646988802923, 520405379655122, 495812217651273, 817302619750619, 76848204882212, 634605173793959, 534199994157070, 891928338226695, 443913775291457, 235978070678117, 19412014234561, 515364500273676, 597553919270765, 378255996816083, 896855538281551, 228028158839161, 592828011085188, 143130684482541, 744594949642859, 25643289451791, 254751563202599, 516219804972629, 447684717549796, 753378567468619, 27923541626737, 88891404163260, 274899391431757, 197265458381008, 906343188210880, 827511099495273, 40244924997414, 681364064333995, 94263716454823, 768703841750338, 728767685054948, 592287944681502, 383001266187856, 899236597869585, 625636085103875, 724697153045862, 769112464551601, 120029449212850, 558229584882083, 56184426523946, 839294903254357, 421531338203572, 123045823756894, 658264694538695] 
Weights: [173282759810676, 559475844303151, 438063103284463, 840619816646182, 766954733979971, 698093408171054, 203824018819565, 354029307011718, 660021912538328, 203935568828745, 478232674460044, 813206688306227, 722059473514166, 563226222206787, 781132755434063, 774488468483272, 550747880135265, 632945759731817, 520538135873182, 401691822929282, 478232379743605, 579471647845327, 386134405996044, 830454329793270, 295804851096918, 679359416107968, 726883806285702, 614454821024570, 301095650877228, 446923108567331, 680092686354798, 132514118660169, 785438345677910, 706286639837449, 418561895706442, 692135724242693, 566512207381965, 800173875408782, 524098097741900, 503816001863794, 289158536860078, 662364767644357, 703191506592876, 505459592000490, 556038214746375, 162976605281872, 216540013203941, 223849501617977, 369418893166060, 224431894770946] 
Capacity: 844359025706496 
Capacity ratio [capacity/sum(weights)]: 0.0325 
Maximum value for profits & weights: 1000000000000000.0 
------------------------------------------------------------------------------------------------------------------------
Number of qubits: 100 
Profits: [822198108017806, 565547606018678, 320268515066373, 565843355783330, 283776599690760, 890763763116568, 165720641579379, 600655974165734, 439911422685135, 513922892722315, 243951330431718, 478438478152894, 278837157883073, 406086176920380, 216591785374661, 759664523548933, 61747451046977, 168492442473777, 815705470611482, 885508791716752, 612110889977618, 211500648076487, 953802385336082, 127415806144509, 825051364330181, 626114653532973, 589272607515513, 716482723397493, 441981881914658, 913915747280516, 146444152309033, 178470836036795, 961459158665183, 690894165305069, 727371450280144, 608906486016804, 943274712929821, 181005944552463, 502417550888703, 557226415681245, 282199484763028, 636856520524498, 465055121707917, 314873536891077, 116279915260605, 745693038768537, 336802898239193, 667872450853922, 971252177897931, 996123108502125] 
Weights: [607197218846622, 38865917110835, 746757275634274, 461623729686362, 241629708570755, 447252950170221, 547004202369703, 466510958162904, 662999544878471, 436903839638823, 633194693126780, 682816989235619, 498421127966644, 193332615522163, 761379637437508, 348295152082741, 338140742157921, 264048897178757, 672482776462446, 350606324357594, 308608362229155, 510494459326985, 401885523360802, 536474387634407, 232400735016434, 702340305846732, 611939616388975, 283192914852931, 764736028826934, 742939039916412, 332887550099297, 755991464813226, 312208070655425, 693171621722567, 408721195321136, 759659976029927, 735790638698736, 499382886259630, 775980904140638, 95415624228232, 711271771141296, 228412759939336, 704940698849685, 383949661737806, 553492078577316, 249248310081774, 466717538424097, 320506972348006, 393964379416779, 770695477886575] 
Capacity: 776962586883739 
Capacity ratio [capacity/sum(weights)]: 0.0325 
Maximum value for profits & weights: 1000000000000000.0 
------------------------------------------------------------------------------------------------------------------------
Number of qubits: 100 
Profits: [74583689553062, 261447152250108, 426705447345516, 448860468670537, 27109040705986, 374336105541174, 955999025713969, 509779471013529, 507115897345538, 812397859624936, 592661701943847, 893556552802287, 631483981387710, 191549831511116, 976488863266985, 16562424061098, 933227957587170, 479872066857249, 675768677164559, 969658411501326, 956317306169074, 6797273899067, 957826698909657, 629523277169675, 592682096023668, 412681882276491, 485372776330058, 202210041327678, 78669713993835, 470414848652592, 593852623507932, 519054720944129, 381538851575311, 798749547297109, 188634378694665, 791428458289804, 748148302682907, 577247240095398, 315069528768777, 10948761525450, 642646512064688, 678186837773401, 847241281690656, 166557135818835, 408474661114719, 133050672860068, 767933039985093, 335136848805834, 879353720312997, 953070456846826] 
Weights: [679183540212998, 624100727772425, 321414724170019, 636816544611333, 257734485029384, 576883355556744, 529040325685336, 368544761838460, 783610765424128, 759221952981787, 275192194669731, 502015988460295, 434629998163720, 731872640487390, 665929652598057, 624338204913349, 480810025840694, 751332161499476, 750158271665743, 778275737254574, 568834379394945, 334094870192727, 671382938695400, 243434630911298, 777170227770039, 775094593406364, 333013953884434, 713355837301706, 455430601058668, 432715588015250, 876880521387595, 431651879049636, 773751589827103, 546063680715656, 258472191725703, 778699322946789, 815672600238448, 291698190438757, 394812830460906, 496179565165889, 507891716700632, 249061506191330, 368718234612275, 242345020115083, 826961522023608, 705493067742317, 822516967815545, 659499575220776, 558530136644097, 715398442772117] 
Capacity: 892463328589512 
Capacity ratio [capacity/sum(weights)]: 0.0325 
Maximum value for profits & weights: 1000000000000000.0 
------------------------------------------------------------------------------------------------------------------------
Number of qubits: 100 
Profits: [399970366429513, 934849697833510, 252647029837175, 104502221523492, 737333232113447, 384465584871034, 496876998336011, 285719560471258, 685217830288047, 698575195440586, 22742096969381, 763087939540587, 789203313357578, 78498184699348, 639852919172013, 486477369757886, 20098886812243, 298816020420095, 650395343937959, 686557658865868, 719979098893040, 718700302965686, 41216676297264, 286424473742711, 318921683201698, 975284661100947, 515842989456045, 857736003152108, 891768337497662, 279202221673737, 664113544055511, 127664584035599, 633363047123576, 856893194397594, 757376216214864, 218020887019150, 661927698860615, 452130534979173, 298621182300454, 271659649093147, 153621308279729, 616998017080573, 984165564833514, 289184026280820, 792622194907941, 360613566769503, 82076365525117, 339150177625255, 375416292513294, 104902914746504] 
Weights: [572634299857112, 282207683527256, 337864497961111, 543649336183061, 758520537761507, 558414925858484, 296481279554270, 436067342839633, 630794068545285, 260684122919441, 643648217914341, 652734499458628, 531362410389662, 188073581938401, 310283400922748, 498615040975480, 163546018910279, 277534454900220, 664254513131192, 391877609311769, 683353377813441, 711633126143131, 393358297197879, 627641341412066, 388795519256032, 587588288712664, 554680799598145, 271714292373926, 311867148680963, 365257838234777, 29907259750051, 686579240326264, 755298415195391, 333846008681436, 537074354765012, 291160646892566, 412174396824287, 628628085592238, 603340736200768, 733937134823248, 282602297155356, 696350463466391, 548726386687446, 591207005668628, 746367271615653, 280843677785828, 371109552663465, 323981729249054, 620114256254693, 444434709238825] 
Capacity: 759728770075383 
Capacity ratio [capacity/sum(weights)]: 0.0325 
Maximum value for profits & weights: 1000000000000000.0 
------------------------------------------------------------------------------------------------------------------------
Number of qubits: 100 
Profits: [984601636880974, 140720516115946, 882703347095430, 707813554267872, 630664906742782, 985847490235317, 442094375447011, 548515436680310, 669022696821071, 342969459848780, 611026102662075, 835541177176405, 841119839265592, 892715514270489, 577790347073535, 833706012422740, 26407883488061, 190022152535460, 571448491439748, 328873850497397, 599834630574067, 493551477871700, 356877087345590, 669174160201304, 388162046652733, 471488864074008, 941079749624596, 16773158648192, 908814615059734, 303642451131505, 825103994613707, 837585057895082, 832530400202030, 425521320964017, 94246803090565, 772537755203718, 82545037819934, 534245841957994, 199647448101418, 212825838664097, 734657120340084, 573513162356004, 670877038854688, 330840263161304, 668740107310686, 489031801492794, 483608344417594, 742021272468569, 496651082862261, 330852003053813] 
Weights: [307172507180650, 693024204711453, 727146073210939, 678162124367670, 780751606565696, 396085853137119, 496091227060802, 326734246412657, 234666049672332, 368892999894653, 440926727555609, 722886800255191, 805074536661679, 434209231291271, 481695029920323, 471574737298050, 404880658591695, 673219595604246, 678140672905185, 355106565723462, 665452949903548, 664555528071946, 592467267056719, 771937457294567, 437591649845296, 528782738846791, 284512021287727, 313886956644195, 116989191685752, 235607020425378, 369315084935759, 631640583676326, 529809190749610, 409012952550671, 352851037292929, 453081451869258, 666515497957960, 719954640680849, 787255577618928, 459962100365256, 141333757842161, 282695760413932, 419751240882822, 487872816903475, 770593723784844, 748951185134546, 595637947133176, 776354815935692, 226466817471352, 288041545698911] 
Capacity: 810194199933721 
Capacity ratio [capacity/sum(weights)]: 0.0325 
Maximum value for profits & weights: 1000000000000000.0 
------------------------------------------------------------------------------------------------------------------------
Number of qubits: 100 
Profits: [306218182866941, 555975707792387, 952090391953260, 435584966933202, 585387929774078, 437050978659302, 390996190714653, 175638753500004, 881971701221183, 55142741635072, 214952175418054, 26921611334936, 186745007708658, 433510089908897, 64874441580059, 205851540656801, 630941384304060, 450112662843934, 465494448990640, 696243441760937, 24958934952917, 559881093899436, 785599811892547, 167418553647582, 548319033782822, 80673453354897, 126487577404111, 611745326845322, 648519393304039, 950181078422727, 797470171687325, 575846998833108, 608957264028373, 715784856008799, 177839329449799, 383929314375643, 506950071604322, 647538039685809, 493331053559281, 762739859556212, 492051098453487, 690151887577306, 431759774289754, 864947740946089, 526476078087323, 765130907554192, 261414410015322, 422445543599316, 692407537546059, 532674697956396] 
Weights: [403576267419541, 590886802387094, 642658138636875, 555523378732557, 352089354545458, 507235829054112, 777047331495289, 525283162332342, 588788508353842, 765633646350532, 311011836513045, 801515593234904, 313261377419107, 761285454725283, 789357065441169, 819115237760157, 173351451774345, 593166312527706, 315122167715908, 103352507721761, 148441521343722, 249698936309000, 471819007397202, 355697102352218, 762707833242346, 523928616530497, 595949199107678, 416750884950268, 775395963764104, 271670473829718, 740918326352207, 658496189736918, 372305399221141, 486958900799550, 669406671860875, 816474428769702, 396017788688976, 510269706655719, 615427215163972, 273890615844806, 694784672278633, 552605888347148, 433823126889806, 745555944993541, 464127671344320, 349947871949849, 418591104289272, 560701054533074, 211994115388325, 492272229149278] 
Capacity: 820155498750889 
Capacity ratio [capacity/sum(weights)]: 0.0325 
Maximum value for profits & weights: 1000000000000000.0 
------------------------------------------------------------------------------------------------------------------------
Number of qubits: 100 
Profits: [576812475995729, 367630256471120, 897774257647136, 462525717665963, 533133963848077, 763811602507371, 938758596825941, 597431217228802, 693582369269956, 757338327726312, 840281337989944, 305703201312723, 380191550699520, 514096870497328, 316303174919525, 507199990528091, 866370279717809, 966939003777073, 725102059293961, 632584900240209, 948748062201034, 99197940781576, 38350520192885, 778021997177753, 115377841228842, 774831075672408, 452452124483276, 831900969376808, 607213841742749, 545967525353777, 72894663904797, 893056508784587, 177934805078267, 617774651650727, 635195065121351, 559391146942038, 320754287939712, 630023855672002, 666232814857885, 339900261302210, 433456650882620, 909725933455120, 658323887032474, 561637016849801, 929244164112262, 294495960752911, 960718754514417, 936180012573553, 954321124624763, 610208978754032] 
Weights: [451062275185136, 773375552009216, 380475025722393, 414368169128641, 432112673971420, 200757655166665, 563819162395995, 454797393801637, 505664724298255, 782428857387093, 728241301448429, 310586400908928, 652363278687557, 755275144020377, 586618016187019, 393479392717843, 730267864039923, 135423976272156, 397873322503050, 657335569527014, 507151196985020, 384844835030547, 388525301997235, 461732682642163, 291808321390558, 498899534027760, 166762715156889, 647936465595285, 550234959627452, 505891260162138, 486098009364696, 384227228145333, 580084292238895, 623968708235792, 407384676915620, 436797365165766, 549195386790323, 414625915916010, 628759740278631, 469319391532587, 646813337063941, 533400900382623, 479737271308170, 429743740480434, 544857589442085, 597020043338391, 414590343242766, 552840111350189, 546292310022480, 20108223724083] 
Capacity: 794176574917344 
Capacity ratio [capacity/sum(weights)]: 0.0325 
Maximum value for profits & weights: 1000000000000000.0 
