Number of qubits: 120 
Profits: [901681504466197835, 854938277084200245, 356611191343084197, 914429750777298678, 896793682635351021, 73282260350259145, 470781738629012610, 903315608657551879, 153422990352298389, 537957467261964127, 501434038376876212, 899142126244947477, 86520963237356827, 760261364189928285, 458067499301075085, 988503090941988139, 51059463517031057, 975296232549401235, 819397356809231247, 41707336495251540, 71663341620901527, 394122163559294115, 56854669258366908, 705840434628702284, 268116772835547232, 334332315525582952, 261121687417738341, 144567555578199848, 88243900039938008, 598893083935506528, 124684177477289540, 719993682684587221, 468235598954343500, 476349886622101238, 720319164343034499, 503873671020620265, 893270713920433947, 350534971325557970, 406107915904879882, 559810690339761024, 904266666144964130, 100052033362930582, 187433383722096886, 656966664210539205, 990458241956133201, 273789192842196089, 921745132733826914, 415285424970047713, 201359097830157732, 421437361626837892, 709770250116865184, 82394914912966028, 541832591116853096, 897447991181035428, 133639946282488797, 575252112579246050, 955911804789463800, 15888019555186023, 116209267267208688, 603255443022863626] 
Weights: [330568864193438526, 537671885529306503, 373580983553591805, 387507373768597142, 435293184512792290, 760063632500908933, 461608993833304989, 436912437774602192, 411353344926531111, 550832684161784607, 539647375511838849, 467340129844168285, 536146704012874895, 574270413758429052, 802157897492167186, 518289459416954763, 288780750575426017, 740382426051890050, 684320701298893486, 506294430455195794, 691245031184705276, 740488582564752861, 549281867172157053, 815391707567674369, 746782080448353945, 309067015539140256, 301367421537017016, 616205175199309459, 634560505790320748, 655988229921328800, 665891796534689031, 705260721599913148, 680160720342443766, 513708487411484716, 591325470627178607, 781304146587884594, 601759775580964611, 737640235297072844, 412148203849739945, 725003243409762113, 453022523452556074, 783922596264300470, 531174018237396681, 654040774868472165, 176752479077561512, 511838755977062971, 702248021381851064, 480525001720182503, 610452553704575527, 676663911047046569, 356679336706208746, 653061291878326796, 650714672736481303, 746479389618505691, 661267647432001357, 416781124233033603, 314327578843463524, 414928585742541832, 635635640090996480, 564391389354498193] 
Capacity: 831461617059658240 
Capacity ratio [capacity/sum(weights)]: 0.025 
Maximum value for profits & weights: 1e+18 
--------------------------------------------------------------------------------------------------------------------------------------------
Number of qubits: 120 
Profits: [42491521068441004, 73483816014479359, 412203694273289895, 497608563345608795, 190598407258045963, 496640503312749448, 689948202093874332, 144580304210995557, 823083663711163021, 992022828678780185, 408636108713601574, 713543865710121468, 653845517862789694, 522967358028214095, 903441787007369936, 310697254029042415, 936518376926616614, 172653485208353363, 583843987841938719, 683412471223886887, 694128788630774798, 265618053827718650, 514010330144234408, 869110673378176728, 812250255922094369, 122489886751514325, 468124680497988162, 615313610642709400, 534827122099150554, 189583438043909433, 922508988253624880, 41256593584155813, 348025643994026110, 684905176099440333, 987748347432145614, 303138011184521254, 417213113047272901, 197665291066519305, 376804816792813698, 212454902540236880, 155761648682894118, 953826644303994033, 100932683833264710, 571145398943461899, 805883904871633852, 17550935658797017, 456289176327727097, 285742206772253625, 868104733925483464, 200193304362621303, 362627316714550722, 504882622949234033, 344479747758123355, 534646902858820989, 246312706036660516, 269991409226602451, 457823879063952004, 340398667627472541, 750841916968857327, 163761864534814238] 
Weights: [547783458638044711, 271344721968600537, 431626915303675889, 211645122534443574, 608544156918566978, 403792516501952072, 584844006471259856, 629397908643044296, 584398112532750326, 485933093270398094, 606030016300571328, 399454088278486586, 511996159648327344, 641851726982319279, 591387440901405885, 664285128372542872, 505710564168047614, 151029253202182726, 508564493146888230, 157807752036734881, 675433087224390636, 619197321467527473, 514297147159488756, 215523822088072361, 607768734805145893, 277315194658208663, 692694658306911512, 591385913297887281, 482357742802558123, 732749409501199432, 518316907294354209, 553168523851830081, 423383102477141972, 530990581351523011, 461327466475224280, 684980872243831203, 308452784384269024, 528781962465827505, 588173240993149247, 432834671506373172, 604046871152119135, 594505015932251166, 553214995098645508, 161831827988790461, 731246641982454198, 695744992879365148, 641738063487016122, 299488048995968546, 186702235914711606, 594020302626272918, 421260473975799179, 510990478109593566, 734440785202774898, 718409650906756622, 572398342787576356, 643455030827231575, 170536797417076470, 120725372069759754, 619377535388402761, 445295858594263193] 
Capacity: 737793792036550016 
Capacity ratio [capacity/sum(weights)]: 0.025 
Maximum value for profits & weights: 1e+18 
--------------------------------------------------------------------------------------------------------------------------------------------
Number of qubits: 120 
Profits: [441416596648138507, 449320802336974987, 459877407203109159, 394561074417650200, 170417135325750460, 771241605647937200, 891570074766569392, 416169417354042890, 817608805655627065, 330441929919876676, 198611176784208203, 965875463642439340, 815275231425830144, 708264687922770698, 392733851783503569, 23465690320913014, 895851609448057475, 713439017106501632, 376616963248088302, 647023744987287142, 769332255005415781, 63427614097707343, 397459677539192227, 74459389665847408, 498211638321860676, 527476792144360944, 201285292612157430, 412926007606579469, 709729450251284458, 4875137896238813, 329015136587917219, 472954007363335230, 736763093110440779, 330838230839060056, 169974507111497510, 476519632376321629, 509104928948019710, 891515368509210775, 912567985844248812, 9263215575959166, 136090166465036043, 414243983899718761, 136513565203912258, 800366462435345715, 523551604927075485, 950214772543127628, 927893737417002826, 321747914418873393, 37552335016611125, 743040819041431412, 540063354643612008, 977856396521283201, 881540135661802808, 670852146951333240, 935092411528745386, 172358374108902575, 262966424135782023, 315934315513979341, 158978594434188452, 930862387190642895] 
Weights: [623808713555199599, 447726537075992878, 444203969010130955, 590053235365174262, 624634943780619131, 518288931344820765, 69604999288281686, 561317374685942906, 480076891911811973, 263021936373499638, 636013865951880879, 674220127349414290, 542463774734837592, 755231380063990210, 606829212014741626, 498895448471721912, 313680961466529091, 349536028011246778, 638436916680348110, 632834754629842864, 438022887058957656, 638971411293500481, 322240562149686389, 663491713321148185, 512459849263076059, 692352467797468403, 377846429473253281, 523331790326161376, 201575035316485033, 463185710477710481, 409610524935227326, 306291164733724056, 686218761672022456, 766299815168594617, 752998322702238589, 458535026766101766, 728949991674920715, 521981220878392699, 462905186790915633, 672520612309809722, 307134076297055117, 541165444222374663, 457726306718030331, 333525636211586170, 224605279281160543, 516100160736128728, 477412499385454156, 628670159885259836, 694829920291177387, 517174910089479765, 362085531879402450, 541650416138147491, 635871325286944188, 482478173630336189, 652404174674692840, 562253591432653246, 755766396351976399, 458613811258571194, 628000075999131617, 341989988919675366] 
Capacity: 766385244741958912 
Capacity ratio [capacity/sum(weights)]: 0.025 
Maximum value for profits & weights: 1e+18 
--------------------------------------------------------------------------------------------------------------------------------------------
Number of qubits: 120 
Profits: [316202027661889429, 452893305878363754, 428352277212357807, 520758495111855570, 778548525661441589, 508067867709790180, 671640871507668482, 654528103499739659, 220467269638554639, 45281882240300604, 256836789427978637, 962708276322401521, 448379415832019427, 677597727295391829, 96446935792490938, 151715071572755581, 974835552657693029, 902023409656974539, 837600187136621021, 550395866228008774, 765282997861041221, 757738176288872416, 596863839539771413, 952760056747076744, 847139717292841531, 952409298382588568, 204226117815353830, 684586392293726309, 371612054562532680, 907412174924861254, 503347863402183677, 462851433802389513, 436508568337631998, 965046385562225190, 937581495219316208, 477565774618090833, 5497048724073214, 882322552475565095, 855692265683047702, 155193412403603761, 92521311423320711, 116948343738879893, 754954538048423952, 959023545889145111, 361810553407101095, 982565626526888293, 806506250067643964, 629235235312508625, 590655338453609519, 722261676503903695, 871329979130017810, 28573237059411329, 25499349274117676, 728455780868782424, 417559844176337451, 623997132175814340, 688914298378461939, 160418845623173920, 647306532748824400, 519937262589441711] 
Weights: [607725605745706109, 364241343349278104, 436989711197385285, 417182624437130796, 376110215171293173, 780975403191867288, 759436608997022907, 628611348807909472, 624052974762193428, 634015429563087538, 694150613076585795, 637179267132974382, 747675735065267664, 753638224075354137, 570854327569383550, 623359562648178977, 556741486696635936, 511917379288579905, 438060307227457916, 642302024903370716, 614982454615053894, 439168339023428931, 571294211016162800, 451131733050009720, 438075218859446994, 283804364641006048, 671930324576605662, 459896482816240416, 541122510419473796, 390397397895722446, 142426293998130187, 632518386178053206, 727806645558787002, 665592458539334752, 435786992691959032, 442481828203235134, 488026677083264197, 609365690500760913, 130104516192021342, 527604425348755118, 650976234160752062, 354953271934550751, 657231637950241481, 625256280583501229, 645355812600335642, 602952070968618459, 457708816435396175, 426132724137992051, 641448850107066362, 319715705608188357, 466093886591801808, 531443640407114365, 452717893272313955, 598733539223107217, 487782246493102794, 631205521687058906, 513854117473832316, 647223597083463823, 680291575870177226, 730472881015340886] 
Capacity: 796660221842039552 
Capacity ratio [capacity/sum(weights)]: 0.025 
Maximum value for profits & weights: 1e+18 
--------------------------------------------------------------------------------------------------------------------------------------------
Number of qubits: 120 
Profits: [225587784833399790, 484972642549538456, 641987245688959207, 773875896120645813, 889365041025527761, 752639181346254369, 988224016374610682, 927135944489378540, 67908402045663926, 959683367849512557, 309921913797620789, 908130940373910881, 509835986242913686, 816894642631247591, 980691051678024398, 289790179976576427, 604488004154590467, 66542444022018708, 726452701261263627, 29693255337160771, 832021162296204020, 590151351628242331, 542505772665590481, 146647357627266478, 19798268221898998, 621773179210661942, 165326933935197922, 961979821769051268, 584189666586944013, 20839802611261936, 39407257341318568, 18306804915699969, 843613066045815105, 326879133178237082, 169180321531745213, 416382178215490300, 19881427819690571, 689647276482532540, 933370695620313810, 805207495316116089, 448217885570134137, 332246820112665617, 408705139738844423, 251538897486730228, 636638946345616474, 230658794535365494, 508952928567330297, 344223632688688293, 525752739808376314, 941711643308447915, 324403416241268845, 217331777695543779, 159344607364501963, 331196502696198852, 29084028953281114, 525139125626184118, 356633090867356027, 811037184110426381, 239372702982980778, 380834837578560394] 
Weights: [587386796611002631, 295772170303914784, 527392484954519771, 756321539344135919, 629592013807868983, 728215375822460932, 762724440726711544, 331456910440470795, 325782098823767381, 687200972425615066, 117002431890867900, 156672122821945456, 486544284867173620, 496984369329654639, 714062787119122055, 658208716330466811, 647178397552230536, 399738590456472684, 630383477789255017, 239925708035707154, 615919489990735764, 730012488906583913, 698679256639348313, 390967167816212835, 735530928918240592, 673182611785924569, 568710764355806961, 747843201123352943, 131538849863668376, 200451487394497099, 602145044196805384, 506900851988523551, 770835813484277788, 300258014601255034, 640124937771962170, 560917847949422497, 459540427891805350, 563284175222363555, 768386943810801586, 689332827383678359, 585578265471379045, 628556366271997713, 589546563201930558, 162659586443838317, 510323723848376194, 644525241421808057, 582155688362477546, 651647134224062650, 198688289480731429, 733072756924011312, 499216826518184432, 768026987306205405, 381460753114161097, 514212261909718081, 527030794999173950, 540026978807560287, 370912181058057393, 382088061501659116, 254285982217631158, 464379866444884494] 
Capacity: 776792010386788736 
Capacity ratio [capacity/sum(weights)]: 0.025 
Maximum value for profits & weights: 1e+18 
--------------------------------------------------------------------------------------------------------------------------------------------
Number of qubits: 120 
Profits: [95160889148099429, 335319452944160828, 341063052032026245, 950454824224034465, 297833179728154821, 375116175621041057, 52920211153877985, 114274557240752949, 396686596639285514, 282175789135434521, 304347538168124412, 627477275514733938, 99813096120306849, 637714924698140504, 983575755721726381, 487837671255912267, 737892383695335466, 709557116691090345, 814192212819789616, 290496686331477367, 545470521616552321, 838515271643508065, 361720148950958368, 691864340962383855, 223693862535784854, 997622602961272186, 276208811202653292, 622107913327379491, 14619763055367085, 569996466620347912, 593126270151536239, 370587632080481649, 323886635877035878, 444199163512406188, 763153319404664285, 85861777618628269, 296771854403136814, 377408748817691198, 875720494253856378, 540260944601125318, 219166564867671908, 53603226355083598, 738308381179858206, 516270223261502160, 910627415521763400, 645253974630663130, 187143353629660016, 578297429606464345, 672278152268848821, 995429185780914198, 542726745239151972, 772136969040398445, 987360146600940073, 280739273943103567, 600046585933956674, 763259114218644089, 914656623285183531, 992854455377193257, 201853108850651704, 88729762079742914] 
Weights: [688572409298878746, 386996698299265814, 313226076368942755, 663222915852636719, 674315553278111577, 508654647510105536, 617304885769731752, 556333687616454323, 564414833332587807, 646918989837368175, 225041686025561029, 452719280143818138, 608568139474964665, 196007464973530905, 544449157562699992, 524986628256508626, 618248992017640096, 434393814648597251, 622677912871080023, 508779221112643139, 497955509586460576, 580615188768378507, 329594470281181119, 653428276905129629, 148892597169304708, 513233846003990648, 403261990993804868, 302286971203602074, 612927840127244096, 601377187298222415, 526002418127668223, 199897561113985341, 421916155605693800, 644434280524826010, 492721571933964755, 701252279441981146, 444186567591863160, 479406696370652359, 278759548034706695, 487971753770357327, 430355647767082994, 724270016094773766, 481174313832954468, 500131727969083786, 655979140865437743, 534735685358319474, 425106946820542212, 492420254115618974, 180459309437657026, 446575640099278625, 517319387372057134, 389186565904540076, 637539544896482545, 598578833309239824, 373282188242706731, 576828343031264967, 446542549447579883, 277144792148553728, 699276349772124466, 608398376151419074] 
Capacity: 727156233651763840 
Capacity ratio [capacity/sum(weights)]: 0.025 
Maximum value for profits & weights: 1e+18 
--------------------------------------------------------------------------------------------------------------------------------------------
Number of qubits: 120 
Profits: [233375383051331620, 873574058017515193, 741677464537323161, 163960863352332260, 855744088285194962, 974362575556682441, 921651305636237970, 688452009138588813, 609081441336761782, 724315868203617146, 653768822971582810, 825050267917943758, 160216475853935988, 325041549038743602, 138160523044176209, 547362190558945002, 794829157399294848, 306111954795539270, 818532066302239439, 508700627787473377, 132496953510180698, 896297983690035660, 388303433860466294, 625501863881290599, 87610069557956890, 247008125384090936, 529947132486991527, 494550866690168739, 410594929918104380, 487359542118716828, 255766371783391964, 477850768255742215, 99632814352486658, 350441397944378642, 563020525232343115, 453965561362466460, 848958901804867402, 734923000162814471, 755986308092237904, 418457535068762348, 208018210603620845, 400490753921275215, 208826413208927379, 816982795113474318, 717259661421128221, 607002060070511364, 754986646326746073, 979384963402184933, 489700958053114017, 408782500058454373, 981545240377407995, 693415660494907209, 689724399479682838, 908344596194293141, 978155268727607035, 521357565266647120, 412581200726563039, 808234010829812434, 579316297588695128, 33102398745800006] 
Weights: [768207233217061720, 493274986356156967, 830149647180735628, 590554472743505820, 848517159218678178, 687949186139670598, 574743701888925509, 559776661293843020, 395813861284532124, 469417591178481626, 809245386923420588, 206523380590745875, 825039483240077833, 350430376147451456, 433806473476494754, 374400041153549711, 690965794293198020, 705476674345719329, 700947245297955534, 403273015921996561, 404584509438874521, 440581914027797404, 418537890365574894, 799118907194835032, 824227440581536705, 383009044900135768, 651933226732794296, 743198946423217915, 417967821089490069, 687561357712633458, 651681467305029395, 327043122814892486, 344882896850062774, 303892833426268970, 826371943885475381, 784860628380232461, 755038679661333631, 288695540231734874, 775864658271644597, 822331972648430318, 803179443503864379, 443513999347770098, 603634637145810895, 321740284071018076, 792148545705638125, 569708124812806296, 792782891680159894, 482553022899405272, 817390113078278298, 296407891563079460, 595741821448155142, 670714879427204798, 465290962811631135, 62410892459310321, 790260985732318875, 439238885639776859, 553084462213548654, 652231860337164985, 661070081894034824, 396178972829796729] 
Capacity: 854701910033996800 
Capacity ratio [capacity/sum(weights)]: 0.025 
Maximum value for profits & weights: 1e+18 
--------------------------------------------------------------------------------------------------------------------------------------------
Number of qubits: 120 
Profits: [899604353842751345, 205277128497590125, 824528324406992821, 909782789550658372, 429899019592871168, 535801392350177672, 56575648962754048, 616250944259136586, 966494681152138191, 362136594449959538, 726205981416403578, 856104818572007854, 882143658383738167, 705653044849206851, 156860977796913687, 831372014900938896, 540024261120841925, 274858435923007989, 390522967332351665, 543109884154068612, 468626593890209597, 168186383921218398, 313601662583165149, 164423767283313015, 652645237542881792, 429789476093493078, 906001923546475950, 894130197941090612, 803953270377466020, 607896425831228017, 676237005885925088, 598057385146956048, 834243227547280747, 769774653765180479, 156747590161463844, 757516695692160761, 115002004127489646, 87808043331300406, 857364520308438453, 146570079679253192, 508834405802617238, 246400013938620590, 820277732389432776, 764654909969943805, 295424791029545964, 844651747425730595, 198818595666156625, 542053971223756999, 721818162066010788, 75513519479403989, 502787559412445568, 191577460339553675, 811055282186412074, 691301372762648148, 395038768823745948, 760469718760455706, 26350506555751612, 913954387144235747, 239672728651387662, 18902274906659667] 
Weights: [544500700773231896, 431550807974236397, 435409221929038911, 370640940063246283, 674382438073274402, 190059397382963550, 613112574705100286, 544214881864742067, 467856898186999752, 290037981248338206, 635820979690676035, 508813098861544200, 546560491535672414, 613269519663035890, 669348892995093944, 639332659347426992, 479073571410535174, 396497243995593945, 661887095695063512, 364821200625055518, 655689226019946358, 301450759637149288, 655248738252714593, 641912180208050260, 394288795062557053, 630073396761865772, 391213973104061271, 565889856205045938, 603413817399151444, 105753460893723009, 515290994431551271, 195532377987478363, 627432987773374344, 521184248769445827, 394641212662642073, 551259669077013636, 453797183785664181, 197481400136709878, 96948498258496816, 445674418290003744, 598847709516306738, 415725735978034932, 456325968934310896, 277828866756738812, 392828746552876813, 398872613092533278, 530874476642581673, 625672002196087279, 352721395731169446, 372466199640768926, 593709439385054245, 602798004984315448, 389681883545965614, 186421314129437748, 260423174199129316, 285955471932276591, 438154369460094066, 378540436804636895, 486085858050989121, 570986873829911481] 
Capacity: 676797870719863168 
Capacity ratio [capacity/sum(weights)]: 0.025 
Maximum value for profits & weights: 1e+18 
--------------------------------------------------------------------------------------------------------------------------------------------
Number of qubits: 120 
Profits: [310785354971339144, 706779479982915240, 62661623738096022, 29125827062931671, 488785207499782242, 432264515871870097, 297787341965282904, 226826636292978105, 872409392333036210, 235476826541251072, 522063156492678778, 833671477280883938, 74686347755738351, 801741218678962179, 695489203887994727, 3810012930687034, 901159104901436928, 399024440946124788, 65160385511444920, 90769095267984659, 351558877517946384, 731102784186618053, 561721329736409126, 478667365399289285, 209940102299956033, 641771664447343318, 661727007062369118, 502180482761373890, 943739311883870648, 933379624171592899, 964039054827803112, 962328152454649529, 373211532681665432, 440656914945387205, 225883386704368473, 724878723815876270, 442346575363181335, 268661793963225783, 34506084328732818, 441134645176685819, 813487833034056822, 136767578969391676, 389748790122476850, 805316526204773676, 288189321136826285, 829499427763433982, 706930656875282894, 229980282479709867, 951816944602600900, 413978138704613289, 361731572428187026, 782168659884608087, 112511822070925118, 420115176256084622, 74383798297741389, 109605902611927650, 105842686214982533, 400557460360900428, 250548218910315243, 789364848499540611] 
Weights: [591353867811676482, 261139088514251536, 361448968633694579, 701915608025901564, 564414333111873995, 429515539578766228, 577320356577644294, 131665204885730199, 551244575192677934, 198229319692558823, 552045476766279895, 660875802481451536, 291819822051500273, 517400788765876592, 618728710723646117, 569143159704464576, 452400506643528679, 179868270999549082, 158072486708853770, 646630510201612228, 595208243565526441, 466939206414886737, 566392903725818042, 606230765167041422, 266628225883717284, 711062450409816896, 126112354779115023, 534431797084859456, 601735947344515069, 217985642312136263, 438193100553381297, 87692599922928580, 712829147017248311, 469581563147927160, 615763332097874561, 620442670942931885, 536367277915728046, 661643989474247611, 568774045730635238, 528580981102043544, 217394669000064474, 576911203533626878, 573168439302221823, 268505863707837146, 608934385339197333, 94412933540597655, 643961262782440271, 619230603675007355, 306568249460627519, 519803338930613193, 576986974182632195, 638405275747743463, 574304019144392599, 494615728726735518, 552955120566600282, 636073438190156199, 669685245821131680, 520324842345735030, 502920333533009655, 640682914781581728] 
Capacity: 714029977979647872 
Capacity ratio [capacity/sum(weights)]: 0.025 
Maximum value for profits & weights: 1e+18 
--------------------------------------------------------------------------------------------------------------------------------------------
Number of qubits: 120 
Profits: [787836784881091900, 558316431077655034, 546028375933045649, 903655318108147724, 675602333091888534, 326565221434099824, 410928752716351946, 709794500465857920, 866701859546126873, 693051670622082939, 873653627750348901, 992920551216843269, 56654241372021063, 931822415920881868, 251516083075036464, 213574836034012848, 805897438677811051, 731284443247912291, 851141843984921687, 495056279651757324, 27878886440647645, 448751951821022877, 37152687683993733, 413814671062518641, 921702836612228547, 670010996792575612, 681568992751809554, 256885530847812113, 252233446126930041, 905168010614252240, 827301333374338135, 703677364977063506, 526591232683275492, 440554545808453991, 925527239152716267, 628827747314098402, 630389757879739171, 721994364599210137, 756986805030625553, 286467867205462867, 97310500229844804, 58033037088118847, 255275847945814304, 997645592792243322, 888066647282341638, 909103052235086609, 399432722386810730, 270357804888686105, 310673702737740658, 591768275798629173, 974475583456161161, 500193401451348521, 567955409834311721, 684136983631827268, 234119289513291303, 94669777025730188, 150233805576599282, 444520071529529113, 701143391856198211, 589015250098353752] 
Weights: [343098703761758349, 375690231090070989, 631931484347464059, 594412960651146073, 392006537602375779, 626829261518080049, 480465591063243792, 443974220736170362, 674577440030413598, 669074674505114614, 151164733587726334, 672425183114042997, 561674092322453667, 305766497918992859, 480159119684519763, 581304369430077339, 457872576537616480, 318127468777410302, 548652567532940579, 606193242861261452, 381153016406102761, 653683656547469190, 656370277643650032, 637159596646911118, 383984681199237991, 637612719490700022, 366365541316599701, 603357326368367284, 311738815381987309, 278892128634083702, 518807994257622291, 277575868469699652, 479290991248025560, 304839559565700098, 285741437448778145, 667746676390912506, 592117060885418487, 380461758598252143, 718063226080248663, 457256655472580933, 694187749122411240, 651945739916312658, 579472126097233908, 530043397719057011, 214193116818477153, 204271400849825859, 573291302970509390, 370517006388637855, 708037794919735645, 152250898152384946, 465080749351566216, 260121627659336436, 511470634605186764, 626845123496963747, 244844815950938607, 469653395369937157, 641990174193296830, 704639411944992948, 660908890760427393, 496346299958867719] 
Capacity: 719702525641142784 
Capacity ratio [capacity/sum(weights)]: 0.025 
Maximum value for profits & weights: 1e+18 
Number of qubits: 120 
Profits: [691914979869855885, 926093026085321448, 366001377841630901, 831976753173541081, 454599782947465627, 740169660246711478, 984671744268006039, 730498146644469511, 379857442972771687, 57542065410763930, 211244291336294243, 923079993514687780, 846254511566319110, 818377137068698286, 160347965677816731, 202188534172879334, 628449704962015457, 945491963933967541, 376105186407701743, 444186559995401634, 902346148062168214, 861217615559914943, 981979568035280088, 167618490617166340, 116473435230281549, 32255015449078776, 828299770649591890, 845864629258606485, 911627707944454283, 126813112651406280, 909595891424182461, 522717707739176917, 787565824359876783, 843458434646192471, 155118339497895184, 652368835181070733, 116990003316207890, 46796105832129424, 353452473279297497, 966960802652814233, 721577577851057104, 599752573151169119, 721389519731797719, 811525655126584541, 589826679297183699, 792034436813821881, 185484910417647529, 341782443009072508, 413302199407527242, 391975637250084301, 233934028144141629, 296008027037010228, 510613536010486123, 152763387787720895, 602179435072875030, 864100632740416620, 799990720054381139, 241348170627837298, 427100049249704499, 567482642605205977] 
Weights: [625277506798377608, 445931947920467261, 327510361544651883, 101230286777920100, 411754197517566609, 736769102851337896, 710408894354930699, 577946533742637981, 565865551150354864, 621445104151929309, 715142402680273840, 74776544522931750, 561499052751722419, 611654750035034886, 782530123901702470, 695905152755573900, 579913974264237876, 557702774319976569, 523745474865039099, 657839723582110722, 564904949792633725, 281734362150046055, 591183614487723942, 535504039688682450, 66480722013114125, 547811469149746544, 779591130495041569, 630372895261822169, 429033032412118806, 362390018834651516, 759043790483760939, 480204318117781960, 681803109149842548, 541812051132866368, 703267805777297157, 521343315402363228, 175724670022278350, 634686843808276582, 752989981466777209, 455934568980630500, 670182445298400800, 607314133017892120, 504186630541594852, 669359998922903813, 425310840310864737, 271822002250942870, 684807722375551605, 266976395492166809, 429130204986754170, 657018895017123361, 512849405692937291, 740319309393952329, 662140757419534632, 638345449528151776, 517196857537233504, 341241361364920146, 204379168382823664, 523870707194844831, 678763478821908555, 773475335324798216] 
Capacity: 784877853786897280 
Capacity ratio [capacity/sum(weights)]: 0.025 
Maximum value for profits & weights: 1e+18 
--------------------------------------------------------------------------------------------------------------------------------------------
Number of qubits: 120 
Profits: [724798224464671773, 483143432083396288, 71679043292283360, 130223965895957690, 556233294925457971, 531313601418370700, 516521069461337990, 198076074515632867, 181731231619687283, 822245303527576578, 99249777549426379, 908038498112647061, 377913185462460442, 48289775005733277, 547704216075679919, 248600334263238878, 312324497649902816, 70102225962429870, 189372434620697888, 146665124005425592, 203200218289874926, 833658550105690425, 971248490230320968, 999815110075837220, 297908664838670000, 861371510665757177, 285147411846012209, 480060680668048748, 950573762642594737, 252442327165625626, 874938671461055573, 845907677166716798, 544276226657408416, 453731686156296735, 232188065475068031, 212247050274519880, 319131106847497390, 878061252906374917, 75202199671021739, 685707103222341711, 855623804946375070, 186787449841688175, 302396401730120855, 805797910493581819, 721095928120500203, 39249184152194049, 519087638090282572, 179502818433085799, 901756532184930065, 690084185665355326, 586464523304900587, 70507046367264492, 484400359950950896, 992540758970380794, 838446851013551088, 979932079922873873, 158604377069858707, 320294692675743638, 880444623334095336, 594649530246655916] 
Weights: [462110465596070849, 390710799488311356, 651885787051448885, 671440469775350266, 258578748371099285, 414300180152599191, 721795207353832387, 306202432403816874, 680186858843246637, 533324879477974706, 752663642612147587, 261854988205504802, 588673604524869730, 619164621575137691, 253584097507273535, 563859309841739483, 584425830638628455, 650794009249022821, 590431368673172719, 684751069551480221, 573754838055109969, 731424627269514930, 448780890240006481, 436676574845903958, 569062290688694914, 208300765547134945, 472818995810799474, 321284443265865756, 304871680087966337, 493670012585853518, 116695469471109362, 242643643327202491, 593538583108070428, 431452419742814708, 669290859587018654, 336420781154816674, 222180992867431564, 362436508448956855, 688024484235998327, 699005672590097312, 681136972903000330, 650777936759036584, 522837441215323459, 372045722871697269, 217441301746891241, 623618406947083125, 561940401223817791, 162280025906167174, 666876042632769988, 524030557621624161, 607030859541350169, 590803357003184609, 604943313451294482, 473814486305970087, 640817378469657891, 591585021331840539, 731171040735131126, 699089458986636062, 699224115890986902, 712123556986710239] 
Capacity: 754850093998038144 
Capacity ratio [capacity/sum(weights)]: 0.025 
Maximum value for profits & weights: 1e+18 
--------------------------------------------------------------------------------------------------------------------------------------------
Number of qubits: 120 
Profits: [671668626432862981, 662685105780820763, 272184707775331346, 296523021835659711, 72142532285282635, 134182844766293364, 892305875043649799, 84788299392703825, 597370043225820613, 911678644338772780, 343823559259710724, 336818471413988673, 324946418556935521, 829283739612739885, 496427542846459322, 29430479514802975, 501495929441519916, 584914359300400796, 106557682264996254, 806069300759662749, 408730228763213121, 859944526189918382, 86799448530578500, 202492884729098930, 182943320582718819, 174895304470775162, 128579218026059493, 78098653234600061, 302253142241962382, 510277394750896389, 244645529579002147, 992747565854724579, 835179903916370176, 908910044290763835, 107591274391554488, 816998604063013847, 536616083704442032, 796864054316035399, 296166321812995600, 674620813981087390, 279098613323210520, 254703651285408994, 51579992362083792, 989149063400279157, 737811800830562523, 137446791190801556, 78118039614716926, 645770431247472507, 408799654307690983, 922715342417535787, 93683705688097679, 576016453994164768, 964038476530745530, 897272585937711167, 746320891385297970, 333209282348613382, 763919834063874970, 830886209809147042, 783601742132573549, 801774176494235070] 
Weights: [554475638940892888, 645169836075980242, 505187219741408430, 232406195779912295, 581565322884091945, 596864930767533590, 427211491803154974, 352810508561993237, 321942089207055666, 429523825237765908, 584085247938149070, 450724019656759049, 229388799545970588, 493430486850258070, 589788507669841321, 636304071034612136, 484138456952487311, 488271961941900092, 558270549925128114, 509798328537761948, 500979993923924257, 580036160056572949, 710679083915143569, 658104523652220336, 139887455620675616, 609207802509677994, 631897723669202711, 622157668598388244, 421039312720820587, 459603656948009164, 671873024196133637, 548612626691261772, 220344195542884571, 427185720044920844, 662005330261019278, 413489180394480324, 428139206421348197, 392238881119478546, 279306011736187945, 610968031179831823, 275583596046380929, 487797861210015734, 360252353463195316, 634365108719094641, 187192928670784103, 547824751137718789, 622984708626616325, 675661085665506345, 497520804058586219, 619530717042050961, 236158794311545099, 694998346275449850, 652672690009427538, 515371016264724513, 398243273220232819, 480226644475594066, 667402631080810984, 153017886460227337, 648779537676281130, 698138903635432522] 
Capacity: 725425300260215552 
Capacity ratio [capacity/sum(weights)]: 0.025 
Maximum value for profits & weights: 1e+18 
--------------------------------------------------------------------------------------------------------------------------------------------
Number of qubits: 120 
Profits: [537658408532192490, 492582975342050116, 281956798047042960, 500238651880970750, 289812001420728605, 741157358475627474, 213993363485523503, 598283111261537353, 734713484223780893, 157267245500953215, 585223762460018074, 185269788867506371, 167213835770166946, 53963814507311728, 747520871967790808, 546951662242823658, 137440932010159065, 872608852337754921, 262196148896097076, 429690182456346049, 806675379965067615, 27875757980744099, 166325470551761383, 236062646281976467, 299330158461887177, 186590680264236259, 578302190467616965, 366923354332561169, 435858713439107835, 456176667604152932, 113020847458709988, 786236269093130458, 723201061614968236, 220203186588342632, 496589277366118254, 877730819000493074, 311158187579035589, 962988475088800450, 727878124530337256, 501571663871784355, 483497016661103160, 173186402162875067, 840837860650871066, 939153357978164356, 632951569805591749, 556688606385233240, 150738613615669743, 971059606448543356, 614834124231931395, 76576962550976981, 602898074307043338, 831068972530007449, 66981290720398942, 688012757375879160, 830773221488811434, 26180277260198816, 385951532928856835, 646447032299451613, 563801472220909317, 180290342902599815] 
Weights: [169811938799998886, 604978642027013840, 457348716088025547, 624174414867392667, 232510157104961983, 546309306570541548, 621162040330190596, 513828608769429298, 447365645469504618, 645352550564039173, 665149354127105471, 593995838525475418, 685279224961423966, 751857580012771528, 567633168585218174, 590850762399598510, 644276463048041649, 210856957812675652, 701637821200960475, 715337419961603181, 674545522283457450, 694347924285731988, 723837713799423203, 583182578997030970, 660359650065995763, 385932134434499384, 555223768786643472, 589214601746819660, 412189172863010961, 231466865776829190, 581571916938858957, 677313712437827062, 356020160307698380, 526811930199840644, 324780286038329397, 559822005751611452, 263405522027986013, 486391941328106643, 579386578924188450, 476453117592313691, 584401820556433220, 479592710404610177, 709696934891724725, 286249856311310257, 466550396223729495, 545471235448611487, 160405278212595684, 643100943234565109, 148000105613400602, 579895824658062665, 688726326004918084, 448643795029793243, 331397207742178982, 724682380897165709, 414132765828991509, 291875005085214955, 268934553030023304, 393053095391286698, 630524818776353705, 570035366824517956] 
Capacity: 753299062262560768 
Capacity ratio [capacity/sum(weights)]: 0.025 
Maximum value for profits & weights: 1e+18 
--------------------------------------------------------------------------------------------------------------------------------------------
Number of qubits: 120 
Profits: [327888555420646257, 802158195311066518, 575893059073452885, 498961933099904371, 854275788190458636, 241549293578636057, 291402120746561346, 112976602694131109, 317703521530601778, 711164795349515579, 695010235842748317, 572819071189031384, 695781156112162491, 30943723972901137, 505239375325344370, 979225574983089459, 961542393581526856, 590049380448689668, 399342056972452233, 84856431697231426, 891982873705656468, 654939735405571662, 231227586679183396, 117897028401353979, 416097840079701224, 867161748992451689, 681354517674946465, 313306703657262810, 752841410551253411, 118732439293007361, 929696564252303647, 96862138696532942, 907407648928240817, 741466316486427191, 705610357513678633, 576615030275208632, 279727736074350637, 817959405660442302, 44016027549188313, 274008877835097064, 86240060778961234, 127112353306089265, 918189468513551272, 278660128479285479, 158114864084379993, 520306524733279996, 422930613337615048, 580005517345869330, 224704519085280547, 879218374350706517, 290533630151910011, 733161926695516260, 639797838584460718, 369011835555259368, 20270610065474092, 613457589217020118, 413062591091811870, 815827698806302154, 87751974668564829, 435461316496779927] 
Weights: [732306020900951931, 175900646375294948, 372440290621491906, 641061401636086673, 544368552725587942, 434358127151636185, 227630212108685005, 477322541283160789, 739963629003552862, 698812402532499072, 707110859051008576, 684425757336668686, 289335986421461705, 689586536427004415, 472813739762759231, 635430102296595614, 366372079706477322, 408642289405878308, 516337739563093709, 637198442055048047, 709529560512230116, 579840449908322253, 650552047475487171, 559735766312360557, 207842790642958232, 366116597871423101, 513337609904527579, 297162067599956469, 448096903855971672, 457029016446698941, 453568143657917634, 349342682585819029, 583776431993295346, 238752945381921321, 554085188304267192, 570461935732886752, 419972626865452728, 390540920852605819, 507056514302156694, 708177967618937620, 631056452304971570, 694681299587983153, 652891798671956208, 508470084650412740, 731372571282756731, 374721816543225200, 322411518853214591, 582268210738482193, 394308500315191176, 493262656537490276, 381737733115712000, 730401547501960953, 355495255860195510, 545176175251935094, 613880116466730673, 373070857519010685, 386281249526759744, 496679406716945652, 414500668242612397, 575106789938786781] 
Capacity: 742587903239390720 
Capacity ratio [capacity/sum(weights)]: 0.025 
Maximum value for profits & weights: 1e+18 
--------------------------------------------------------------------------------------------------------------------------------------------
Number of qubits: 120 
Profits: [680778030148662487, 976177851963593233, 880132804957813044, 272039596476162247, 420704660450990848, 842928140433700495, 604985123530451303, 70442445488143570, 476220036898146316, 896249410286058060, 618960957922430301, 253327106770589713, 317852188130714212, 618833007108597713, 158370121626268870, 875531545566477878, 751076954563561244, 635026466129263458, 247401440255472288, 271736826202310338, 767158657900343055, 751662800780593522, 775424240576970605, 851415320346683852, 12074965465598226, 65858907528221914, 986017466312671305, 997786972856145466, 312306270324800177, 138176291038955639, 703214948064385787, 231602679200980612, 985764763407159165, 415245515367670248, 979802631485407093, 504475795427419467, 335738790659648279, 758708651379707687, 736871029998450830, 930716519574555533, 985012412569325147, 431263150955376084, 728586958366574185, 123362141814287900, 44726402985365612, 723823746738219509, 194457219576863434, 928392793614802227, 806001993575860863, 936296074118246791, 964107753654820834, 994601865494235683, 24875942758196835, 177169674803434160, 398705613203024191, 878857208639586171, 805242849990971514, 525155029538962770, 885848997023115030, 899521570761806691] 
Weights: [535287690477415658, 550409443169960458, 493267220652815744, 629912546959953938, 483167336868268745, 527028503641415845, 381052329917503348, 578884291518428543, 421628549787143517, 208488317841637997, 690397302008486626, 688549068887857309, 749992060236406313, 623462614307105885, 722619942568836064, 335968199443145448, 540367487524344835, 720851898541010327, 372498279075169481, 312837366644383514, 575745295432279781, 255824854218805489, 304157921019033440, 702174395113196705, 648347081231396409, 564846407766128436, 325920206912815862, 649232065170347944, 355674809440416985, 483576578293342481, 282469844112916274, 526338092933876709, 727232334730156985, 643194059662114503, 546214410550515403, 548748518897923903, 620445853670290585, 511276067669257667, 405513073203633970, 633282578247036441, 344390135106986788, 425570016599622397, 664094016167130975, 432274937566343346, 419476825420253945, 410734593405683429, 543513865206153586, 359566309178502466, 696776852527709663, 225713022399842023, 222742707806440058, 660451167457863492, 662293794619112403, 753343942550888736, 504624812407961743, 705984513573323907, 415606252200621442, 348120472241856458, 533291205590179328, 560709223805501971] 
Capacity: 755321073926298240 
Capacity ratio [capacity/sum(weights)]: 0.025 
Maximum value for profits & weights: 1e+18 
--------------------------------------------------------------------------------------------------------------------------------------------
Number of qubits: 120 
Profits: [272362551576346331, 64350628904636772, 723319321126017827, 560660716365972126, 828523957777243110, 728906637393016049, 227708652114426735, 106699873964475081, 761979228700362798, 282039496948667813, 785927797124207532, 12311026202063789, 802928892615556381, 895657685663873624, 766350304945756758, 729359510057116879, 123173035354211403, 78501844420195315, 399454435831023214, 396770326155110064, 557464484903200768, 695173197159727430, 889436484956488131, 504605147752469444, 41831096758254468, 4550688261806555, 680117261740683753, 808324004673173847, 444979235539124668, 981422455613257443, 310851194391620613, 289248875448664220, 622157191015913469, 454143502312599877, 988989379377040946, 52094111648538009, 435991347355025655, 270326959795075028, 66425745073825752, 795396099335700438, 133465362960057355, 38239511717895632, 894250996942692315, 608933280043488689, 309497181366278789, 935114222478378851, 140283940912635305, 635340527848462827, 500646179378337573, 367774260180517215, 156809150015840446, 898704505628037473, 235991527382175437, 903362982114840814, 30509859179161932, 162284764959356186, 423811755548163641, 150992520238706688, 815913239754642415, 694278603601810867] 
Weights: [400064930465558154, 692019780907442088, 546563465312362477, 656702339707107706, 375906658211778254, 597686719468715324, 486453107753161444, 571292626262010881, 658970238005292608, 647183255320696530, 507696647213536631, 463125625063854254, 136094659007812437, 732862092208794771, 490425710499372479, 463287590158642806, 681544199596132149, 392079981978407779, 754564113237795611, 414974280209720742, 543823437645752050, 700630447103230260, 369607720941394203, 343156872533582663, 678295785650209531, 426915304237726733, 355140651028917118, 431112624963203130, 546558672232135621, 748639227846523928, 692648897189686621, 679467253082754348, 435198071289568211, 384280003758626182, 612197123685533382, 631443681565446282, 213594022895597283, 532548334442792824, 369376821353478692, 309733665351042362, 351044510804249726, 356545769473958336, 547258486757431940, 572635349775539304, 560961530914203434, 456660498039659375, 712164024027244327, 530378063700437477, 434086143601844182, 364476666699974343, 756525730448226532, 279542775336955330, 254692232172908362, 448262945294926661, 381487880817034664, 734676592791765279, 589340107095450620, 647606755342534488, 741964362304902533, 557684627763285883] 
Capacity: 760089392261424128 
Capacity ratio [capacity/sum(weights)]: 0.025 
Maximum value for profits & weights: 1e+18 
--------------------------------------------------------------------------------------------------------------------------------------------
Number of qubits: 120 
Profits: [356121345041716096, 220025801495414027, 133594745436347752, 80292506156375314, 672085142793303612, 318372548992743072, 581477231949131561, 459852953800154130, 317986070023361386, 801367680138848427, 642728537851552037, 909577447579016677, 309494108172856637, 810764371352478507, 186108425099824110, 555988452832681789, 508384746080861657, 4658646591761296, 444401126586483135, 399070977668726275, 381178315181574045, 338635564881973641, 27279041453027554, 29319532604847101, 629432524544928521, 77025998440060794, 590765040923161468, 667067412448910747, 69276193739225771, 925668539509974794, 796867632602734266, 875053279743591033, 6549223103449208, 325969674936294, 172672531177018971, 258486507961755081, 754422103252966579, 193853317936693215, 593489965063106328, 904354152076669253, 580268164194421680, 244014225600793464, 259523607509832965, 892732006027600623, 829459802033350240, 404300703788636836, 89158700526231168, 537220237187517653, 243772893980481568, 381829659063329220, 429757075268609470, 332832509706049957, 607510319449796774, 917172399759100546, 974267161751964793, 91926903677374277, 263400919387722848, 576910856222835013, 685243182676480335, 159299856422388541] 
Weights: [465367522393840168, 347377850682441624, 677385495116379054, 265175651494622230, 481289418003408585, 598998458449333881, 474365789115068004, 334073139107597174, 467087603979452942, 543293474391350552, 560162692219431440, 118104332657395946, 423986759399965179, 552060293848170606, 698553899863220630, 441186632964401319, 646965577014990296, 567411661404454804, 177978291482772296, 582638036204496659, 591473765791020379, 212987505394875157, 324163080827107517, 359256732404984228, 542358112237704105, 515957442391047607, 444548932013849912, 541670743118693269, 528349279934730667, 146580019359518755, 694790875052632201, 404484654420149765, 691066466359506169, 456777638455090706, 320315631781750848, 332812576017538016, 305753178391392364, 218129243827497341, 613025867602293290, 516079509267148997, 450025775232168756, 567223085108866275, 386520649992256229, 638677536746361911, 436510886474327406, 703099894417320943, 587725145430853413, 593181778246047634, 691818436265337836, 639322314557606793, 503949892922759796, 496222607038403016, 547235563022114190, 540359739743989481, 418687705726402321, 416814960840598245, 499755117343145315, 196697259115879431, 683148821717627261, 378299330736646551] 
Capacity: 704680421184150656 
Capacity ratio [capacity/sum(weights)]: 0.025 
Maximum value for profits & weights: 1e+18 
--------------------------------------------------------------------------------------------------------------------------------------------
Number of qubits: 120 
Profits: [390658259044737599, 413086858257540030, 211429607513391777, 940390547528638505, 767655634877074311, 97101575858519044, 363332784680812479, 538673117448385784, 471428162553333058, 503196972364812159, 407998433759765941, 548445485649632651, 856666138041225996, 384906499602920084, 562971080361602855, 596538472860999783, 623831414058400701, 585930568962795130, 377546499988256307, 378053457488228145, 87909183431778127, 797738425643550823, 181840452104249689, 431556719460935405, 900553967668331451, 422549741601637122, 188764016993050352, 852306764709574291, 273012785919605938, 909803515660576892, 823900669860519951, 964029506055089126, 728915957511172720, 781709279429994782, 285238277506082706, 41123570071989783, 374853830416553512, 731480503147228585, 249531262246469745, 459554893966370024, 147798228033658628, 131613421220920934, 115464984726598853, 392083114120447548, 960279564079987498, 388785877245272521, 648761921834139666, 414031478030624309, 681413331235826131, 329068425271127473, 281261869822878149, 381114536930145122, 659645758972902124, 774741100900169442, 719434802107670679, 489344519065780359, 672923946877361549, 133586228764734510, 231086564365690363, 529969848399801508] 
Weights: [532706649811218717, 723480801107253770, 233119945796452227, 568695407575402644, 266878366262167328, 298582309500263679, 649747129329924370, 441717368141540494, 448372594750655294, 730165767732187303, 658145398700967776, 601705696596826637, 719499973168666667, 504836187991110302, 650631190244910502, 728685412878527590, 256154384779503867, 443480015879279341, 457840832996856880, 654604898135866615, 693198097508556430, 656794164205411450, 547793537704546299, 411323174657235777, 323258884145062593, 396604518580025922, 482365625054064706, 227189766384499159, 438880107559848200, 402838448738789922, 465678225809298019, 123507953026695468, 535460177771023656, 661670569116640190, 682403891382329036, 686090696501851584, 325899377607209614, 578222525073005614, 502262579341634652, 697887545123770826, 614876034649925820, 367746743874633612, 526907239127000471, 691335363840843746, 505735268844045833, 84928537309552862, 750018101163140406, 660373795709685052, 571266117972530414, 382646862034353913, 744973160831462899, 553128736246412195, 624228555797097195, 236996904440703897, 471520523195397784, 377582504189906981, 700822810498509081, 706304314489040806, 387984186630252057, 553721807778275169] 
Capacity: 759396008398485632 
Capacity ratio [capacity/sum(weights)]: 0.025 
Maximum value for profits & weights: 1e+18 
--------------------------------------------------------------------------------------------------------------------------------------------
Number of qubits: 120 
Profits: [654687129855672197, 685275665217020183, 879574247184643632, 62884840491476986, 212408813263674531, 808638005507580420, 62536664743289873, 914146457713365856, 483301366930482017, 615887017369732088, 697253442513493025, 226799214423317171, 307096046428197493, 433872834623173490, 712237687108764584, 98135598518333012, 217415212529295894, 94136079797436597, 538262620909434611, 308540884600189063, 287600220984604096, 380451783080029138, 986017551760360764, 894141294331742964, 393188181983453969, 204719317537383579, 614453673435873697, 944521404618770621, 434993831776453626, 778908710943110527, 101617466027622196, 94775380313247252, 595346014052245812, 226721575605674317, 464087718449349288, 598296746450397621, 889250627709546408, 345112142451460739, 315501022858240230, 722594311277639168, 597757988406301365, 481047524949557244, 488937917029974946, 977228640668413443, 194981041852512363, 458746634979135787, 326294234540122915, 216457419066328734, 235967980897195148, 801541782114766231, 81111870062051677, 108214619121096266, 97919541728224377, 148015625388139549, 264757393472656911, 983613596467560137, 987466628220489416, 42978144473656149, 99596757354001759, 418696005329908663] 
Weights: [762332089759269420, 206168407032397537, 695296429772188953, 437552207444694346, 720294139785316262, 762715940554864358, 719916838132417575, 293974660302806685, 457044323089854318, 701144785470223388, 754106481609924476, 705390482255853435, 588600457322641462, 733363284670900043, 420970566672851465, 171370215409977352, 493669649520897778, 748619810884152803, 526099851494472555, 408864132122923854, 722061306232922735, 313828436554542569, 605707630258805280, 387798892806468274, 637300127273697285, 585046821911398214, 576883329789760996, 608179470960642488, 696171254002186303, 514715337688105075, 525751323183176246, 658242956158969241, 324901391113581374, 489663759482875275, 355790900730312567, 337558187848972986, 646341365899097093, 758461187894746974, 786594438530110853, 443449056183777915, 489748539607502650, 394133084163446900, 602029831776135188, 357133463016888477, 761119445373736556, 606038214447426493, 334910156436313216, 201824625473128831, 735564511093645172, 634484131328450201, 359619266922714484, 772542145990389937, 458341417704468179, 451869597458209485, 428628460147456594, 376029642330142460, 409259390462605353, 337828278770418514, 634145147233076278, 742537554469468063] 
Capacity: 790762486450908928 
Capacity ratio [capacity/sum(weights)]: 0.025 
Maximum value for profits & weights: 1e+18 
